B    <(K/Delta)^2>
-4.000000000000000000e+00 1.244420907908934948e-01
-3.862068965517241104e+00 1.782343446212712734e-01
-3.724137931034482651e+00 2.101843326429803649e-01
-3.586206896551724199e+00 2.940501667282970910e-01
-3.448275862068965303e+00 4.185392989322366253e-01
-3.310344827586206851e+00 4.903280378991711208e-01
-3.172413793103448398e+00 6.965254026715916869e-01
-3.034482758620689502e+00 9.785028618031198500e-01
-2.896551724137931050e+00 1.362937648604672036e+00
-2.758620689655172598e+00 1.923750563436583905e+00
-2.620689655172413701e+00 2.980334610090097591e+00
-2.482758620689655249e+00 3.992437026238094155e+00
-2.344827586206896353e+00 5.829298717278058817e+00
-2.206896551724137900e+00 9.481473460615749360e+00
-2.068965517241379448e+00 1.360014937115158418e+01
-1.931034482758620552e+00 2.291717892663528033e+01
-1.793103448275862100e+00 3.993980305190235214e+01
-1.655172413793103425e+00 5.751747007483488972e+01
-1.517241379310344751e+00 1.019670217272561814e+02
-1.379310344827586299e+00 1.858275760027131298e+02
-1.241379310344827624e+00 3.381641575554038468e+02
-1.103448275862068950e+00 6.429238232705054088e+02
-9.655172413793102759e-01 1.133323094801467960e+03
-8.275862068965517127e-01 2.400465435110586441e+03
-6.896551724137931494e-01 4.534604763686873412e+03
-5.517241379310344751e-01 9.974299003603719029e+03
-4.137931034482758563e-01 1.893892810173013277e+04
-2.758620689655172376e-01 3.122558076308292948e+04
-1.379310344827586188e-01 4.784892024106945610e+04
-0.000000000000000000e+00 8.014187932402967999e+04
0.000000000000000000e+00 8.014187932402967999e+04
1.379310344827586188e-01 4.784892024106945610e+04
2.758620689655172376e-01 3.122558076308292948e+04
4.137931034482758563e-01 1.893892810173013277e+04
5.517241379310344751e-01 9.974299003603719029e+03
6.896551724137931494e-01 4.534604763686873412e+03
8.275862068965517127e-01 2.400465435110586441e+03
9.655172413793102759e-01 1.133323094801467960e+03
1.103448275862068950e+00 6.429238232705054088e+02
1.241379310344827624e+00 3.381641575554038468e+02
1.379310344827586299e+00 1.858275760027131298e+02
1.517241379310344751e+00 1.019670217272561814e+02
1.655172413793103425e+00 5.751747007483488972e+01
1.793103448275862100e+00 3.993980305190235214e+01
1.931034482758620552e+00 2.291717892663528033e+01
2.068965517241379448e+00 1.360014937115158418e+01
2.206896551724137900e+00 9.481473460615749360e+00
2.344827586206896353e+00 5.829298717278058817e+00
2.482758620689655249e+00 3.992437026238094155e+00
2.620689655172413701e+00 2.980334610090097591e+00
2.758620689655172598e+00 1.923750563436583905e+00
2.896551724137931050e+00 1.362937648604672036e+00
3.034482758620689502e+00 9.785028618031198500e-01
3.172413793103448398e+00 6.965254026715916869e-01
3.310344827586206851e+00 4.903280378991711208e-01
3.448275862068965303e+00 4.185392989322366253e-01
3.586206896551724199e+00 2.940501667282970910e-01
3.724137931034482651e+00 2.101843326429803649e-01
3.862068965517241104e+00 1.782343446212712734e-01
4.000000000000000000e+00 1.244420907908934948e-01
