3.434269842856792820e+00
3.781231729914679818e+00
4.540721398878076798e+00
4.985180431578783100e+00
6.212002779531758279e+00
6.942173300551075954e+00
7.858529550407183706e+00
8.922762272824229512e+00
9.419512952054901689e+00
1.059991092764425957e+01
1.126249197669199020e+01
1.143529240374618894e+01
1.217795743540182229e+01
1.296964229940249425e+01
1.357570574678788944e+01
1.470608045511198725e+01
1.537895107277358875e+01
1.644323258142799205e+01
1.783103200410710087e+01
1.898051748336115452e+01
1.958270514379137239e+01
2.085680526443343297e+01
2.163311877856335741e+01
2.258321663290189463e+01
2.364415441200503665e+01
2.493095316261337757e+01
2.601262052710580974e+01
2.763311835684203288e+01
2.892481952989351157e+01
2.987229388031346389e+01
3.062546311593587234e+01
3.108300385573079438e+01
3.229394891607125828e+01
3.320686135972960074e+01
3.434885577256636680e+01
3.515686241471576068e+01
3.582642053350878086e+01
3.717570886986300138e+01
3.749607850453958235e+01
3.913411566440640854e+01
3.972055545114130837e+01
4.070693286497771624e+01
4.268567075862210913e+01
4.373718092793274081e+01
4.455799839941187201e+01
4.547753025820020412e+01
4.660905539595046321e+01
4.695872630268399917e+01
4.917761879429644978e+01
4.991172214216817338e+01
5.113306120737092897e+01
5.270713823762093853e+01
5.462019399692553634e+01
5.600710486047387349e+01
5.665450489958425351e+01
5.748332360698941557e+01
5.839400782135840018e+01
5.910750836697047816e+01
6.017358625355336699e+01
6.163501848302439612e+01
6.209901366591884653e+01
6.336029689801557652e+01
6.348657858427645806e+01
6.476081830241309945e+01
6.600716924026573906e+01
6.706848443756734923e+01
6.847153219148094649e+01
6.975648778056165611e+01
7.084606493425872031e+01
7.189391602408431936e+01
7.314968994966784521e+01
7.334540236170596472e+01
7.446665343993754504e+01
7.546957880603213198e+01
7.638407964324051136e+01
7.757232798462177925e+01
7.835552575164751943e+01
7.863937208847210059e+01
7.961492829068311039e+01
8.078247220132720940e+01
8.190426839308361195e+01
8.218747641101117551e+01
8.339807544139148376e+01
8.508896787208527712e+01
8.604452352972271001e+01
8.765531877420198725e+01
8.804907790679453683e+01
8.898795071372273924e+01
8.982640453499243449e+01
9.055041390012775082e+01
9.112543972107300760e+01
9.242301403434271379e+01
9.372203178448216931e+01
9.447464380159567554e+01
9.490055506706676169e+01
9.545692091835576321e+01
9.710867017880650565e+01
9.782460177731218209e+01
9.924288382998406632e+01
1.000715044337314339e+02
1.006210349856721677e+02
1.020351451485737471e+02
1.029155422565004301e+02
1.038496716919505616e+02
1.049780286367022200e+02
1.058188921571306764e+02
1.063684255783323351e+02
1.076581258001192509e+02
1.084907629827162054e+02
1.090417320477843077e+02
1.099259030379989781e+02
1.102914288577926527e+02
1.124812003915121750e+02
1.130137798159237263e+02
1.150324201676828579e+02
1.158925157737141944e+02
1.165903306291706940e+02
1.177994765559362804e+02
1.182844781694302583e+02
1.201070385977295700e+02
1.205951982888973362e+02
1.225512109319208776e+02
1.232747324855088209e+02
1.238602448455139893e+02
1.246147331254442179e+02
1.253666978817038853e+02
1.266439697889386480e+02
1.278411465934584612e+02
1.285346515637991160e+02
1.296692987363217071e+02
1.305551839857780578e+02
1.313677306501947442e+02
1.325067795671111526e+02
1.339502729414598434e+02
1.348543526888872748e+02
1.356923915033078174e+02
1.361718583460467471e+02
1.375291202987377801e+02
1.382676600996937850e+02
1.392382258609129622e+02
1.398811998414046229e+02
1.407886771468749885e+02
1.421553153315196596e+02
1.427168860090494036e+02
1.438383294981595100e+02
1.446489134350390486e+02
1.453966343118988789e+02
1.459956972763386602e+02
1.467671334505539562e+02
1.479879878781798652e+02
1.494843082293384668e+02
1.498956631739144996e+02
1.507215322210956856e+02
1.523699336618365123e+02
1.528918260417121928e+02
1.541684266152094551e+02
1.553971513534295354e+02
1.564854473989953476e+02
1.576859170366692524e+02
1.590328760453230643e+02
1.596533369286935340e+02
1.611567281415084381e+02
1.614163862348468683e+02
1.627551227564097189e+02
1.634659036050206851e+02
1.645759274933620873e+02
1.661883835490857564e+02
1.667312760964553036e+02
1.678745768631879400e+02
1.684960446206559936e+02
1.689959001146357878e+02
1.704329006565571945e+02
1.718195005840186695e+02
1.728990949253627605e+02
1.735930870842423701e+02
1.741811239101762112e+02
1.763444615475693809e+02
1.770937324060778337e+02
1.781705035340089580e+02
1.792220913905957786e+02
1.800872000770618797e+02
1.806807074417772583e+02
1.821933210534757563e+02
1.829507518899617935e+02
1.840726455466594871e+02
1.847334896541246962e+02
1.856653197300740885e+02
1.866170834091433335e+02
1.883442497181904400e+02
1.898284063304015490e+02
1.906472869446056393e+02
1.915405136141393996e+02
1.923054613715685264e+02
1.939166021066469057e+02
1.955320375026201418e+02
1.967299302641081340e+02
1.975979112321290359e+02
1.993188886574391745e+02
1.998671346600358447e+02
2.015408185594826591e+02
2.024444457676077036e+02
2.036527609941472292e+02
2.045203921303084371e+02
2.054797752517788467e+02
2.066916504905691454e+02
2.079621359610655418e+02
2.084589422655137696e+02
2.099757749215241347e+02
2.116692242005337903e+02
2.120024651555852415e+02
2.125757607479856688e+02
2.137669448876938532e+02
2.150710551809256685e+02
2.158370832761586371e+02
2.167810179705038536e+02
2.180953258213210120e+02
2.198080223586366628e+02
2.207532623693305140e+02
2.214874293691864295e+02
2.222096160907772173e+02
2.230888625870629767e+02
2.240175238475223978e+02
2.262426356958294491e+02
2.265941082120884857e+02
2.280971052965740000e+02
2.288781762393703048e+02
2.292251056512277501e+02
2.308818791876574323e+02
2.317368397623436067e+02
2.326640790982405633e+02
2.337786338267565043e+02
2.345541894079879057e+02
2.359654281592540883e+02
2.362825742338256987e+02
2.368697665707481974e+02
2.380563593417089123e+02
2.391893638944916347e+02
2.394901864641783504e+02
2.404032226862148036e+02
2.410113795418803875e+02
2.415701812605771011e+02
2.424720362326504528e+02
2.428491361467772549e+02
2.440813188597194312e+02
2.459518214215054286e+02
2.464546485921337080e+02
2.469547141583836947e+02
2.487618533579111499e+02
2.501392545044138842e+02
2.507070808468397445e+02
2.519780983570342414e+02
2.528164890867094527e+02
2.537450176715631187e+02
2.548729863448791093e+02
2.558908185685322678e+02
2.575163220503329740e+02
2.581141679905772435e+02
2.593216379783004868e+02
2.604402825567738091e+02
2.608986287781615374e+02
2.619516453975509194e+02
2.625119584297931397e+02
2.640553421425227043e+02
2.649342023311492085e+02
2.660107616985831100e+02
2.670835684674696040e+02
2.676471307333686127e+02
2.692936518716378487e+02
2.700797538302820158e+02
2.709985423486918990e+02
2.715559846915534763e+02
2.726728556597388433e+02
2.739732827217542308e+02
2.752134286076532135e+02
2.756366321773048185e+02
2.772248079355183563e+02
2.776173123412868335e+02
2.787569531821336568e+02
2.797633180823852399e+02
2.808940156394385212e+02
2.814653081748701879e+02
2.820894108995676106e+02
2.826674014421125776e+02
2.837167653810015508e+02
2.842855487370618448e+02
2.853463047111335982e+02
2.863810021403489827e+02
2.875583903703270607e+02
2.889169766398113097e+02
2.897587373997193936e+02
2.915419471175857780e+02
2.919181245744880471e+02
2.924515805730381999e+02
2.932966710113771569e+02
2.939606979432940079e+02
2.946511219993035411e+02
2.957710686572509076e+02
2.971440051606946327e+02
2.975580529345413652e+02
2.988812002203248994e+02
2.997838830004352531e+02
3.003618967630156931e+02
3.021151734692416539e+02
3.028247505281470922e+02
3.037039785893119870e+02
3.052020299676261175e+02
3.059949496393393247e+02
3.068020356762829124e+02
3.075995561857470193e+02
3.094040160657265233e+02
3.099941408038100690e+02
3.102743671422358602e+02
3.108595946316248728e+02
3.122383947893242748e+02
3.128816194682600553e+02
3.144997528891969978e+02
3.157432457744454268e+02
3.158861975965595548e+02
3.168812578287993347e+02
3.180356196648136802e+02
3.187358625787693427e+02
3.202440200369181866e+02
3.208917386862941612e+02
3.220002622076267471e+02
3.228471864322493730e+02
3.239993203332705889e+02
3.248073364952035718e+02
3.270042067378842603e+02
3.274831095280826503e+02
3.279930915965459235e+02
3.289327377064593065e+02
3.297015177104882468e+02
3.310599249952834953e+02
3.317454671994731825e+02
3.324936382586452055e+02
3.334436298904012119e+02
3.343524568277233584e+02
3.353340250040500905e+02
3.364999860474761135e+02
3.374046753711457995e+02
3.388442027360940756e+02
3.399615414272249154e+02
3.409038626346832643e+02
3.413984873524615296e+02
3.424867758135807208e+02
3.439636561081870241e+02
3.448846771468541874e+02
3.454977405187494242e+02
3.462957853893585707e+02
3.480922529123328104e+02
3.492685722649048330e+02
3.500861209404038163e+02
3.513529326169718843e+02
3.519451353373254960e+02
3.531206018704330063e+02
3.542227864888528757e+02
3.546330517515042402e+02
3.555006022438876698e+02
3.571773106775079896e+02
3.578752734073523243e+02
3.587007279394617854e+02
3.607879748760113898e+02
3.611943216991202235e+02
3.621371095843613830e+02
3.633010174686066875e+02
3.649621690684892883e+02
3.655804414691781403e+02
3.668400571257432148e+02
3.677568743649153475e+02
3.694953028270025470e+02
3.696831761127542677e+02
3.707754164004038557e+02
3.724272161443460618e+02
3.733969004132969758e+02
3.737905776978703898e+02
3.749862496202451894e+02
3.765160152052532112e+02
3.774577139238948575e+02
3.784993782705828380e+02
3.789297589185403012e+02
3.796311804468884930e+02
3.808941384833897246e+02
3.817472617164278290e+02
3.833352420383419030e+02
3.841563168465552280e+02
3.850167154727655543e+02
3.868977891745139459e+02
3.881569564420391316e+02
3.889657996380617533e+02
3.911478588728399473e+02
3.916390789019887961e+02
3.929138406255809741e+02
3.940668412416667934e+02
3.958796630638632905e+02
3.969805160866960705e+02
3.979496974105923073e+02
3.982102421697472892e+02
4.002144338335074281e+02
4.006607590082215893e+02
4.011749978749143111e+02
4.021080178555686189e+02
4.027466266458475275e+02
4.038540534819017012e+02
4.045288195843893391e+02
4.055718148258097244e+02
4.072359266672223157e+02
4.082013631192617140e+02
4.093671566224821845e+02
4.101274037284854330e+02
4.115560539720507904e+02
4.125768937314417144e+02
4.138287248791067441e+02
4.149392415851393707e+02
4.161308582778901837e+02
4.168408194588503193e+02
4.174805738233326338e+02
4.186516463059869011e+02
4.211654223355938029e+02
4.219672145888856676e+02
4.224921686577285982e+02
4.240547173529453175e+02
4.251709974814077668e+02
4.260013182133754981e+02
4.267499979351680395e+02
4.278166686928510671e+02
4.286054307950462317e+02
4.299220997990017850e+02
4.305320238666599835e+02
4.313161862990760937e+02
4.319315236272211678e+02
4.327737682133893031e+02
4.350200860174243189e+02
4.356255388880010742e+02
4.369663126956205588e+02
4.373023092782386811e+02
4.387710291809374894e+02
4.397740051082815853e+02
4.406022746706614726e+02
4.415167554233397595e+02
4.421005323211044242e+02
4.436539025953422879e+02
4.445147971023349101e+02
4.455508326395706717e+02
4.461795240689134516e+02
4.470111186167555388e+02
4.477103151247804362e+02
4.485143356746133350e+02
4.494611378488045830e+02
4.508456939118430000e+02
4.517196096364671121e+02
4.527604867912245936e+02
4.543300410494874768e+02
4.548691760118019829e+02
4.551994962566105869e+02
4.562653865640326103e+02
4.576864742448312882e+02
4.583848199063905895e+02
4.597302676627172104e+02
4.605306091752757993e+02
4.612168831467356540e+02
4.619490438177929263e+02
4.634535828712606644e+02
4.640040052662436665e+02
4.655846732910830497e+02
4.661526525806909831e+02
4.668696209218883268e+02
4.683952943436895566e+02
4.688545244369033753e+02
4.707038938505284023e+02
4.712361624442536367e+02
4.715285623660366809e+02
4.721958295739450477e+02
4.739182948148710466e+02
4.745925289557476390e+02
4.755364136565776789e+02
4.764923971869529851e+02
4.774259658206647146e+02
4.782664961478224086e+02
4.785928294430600545e+02
4.807095265483648063e+02
4.814358669042215979e+02
4.824455067709731111e+02
4.840509736505111960e+02
4.849776189684606607e+02
4.857131577576459449e+02
4.871225346287716320e+02
4.873595956041722275e+02
4.880530279320067848e+02
4.893783212551501265e+02
4.896678807087798759e+02
4.904790213002445398e+02
4.920773949723937903e+02
4.926708269405929741e+02
4.933516341425191740e+02
4.938156332098822077e+02
4.949505523830072207e+02
4.962587003151787712e+02
4.971642510294610702e+02
4.978060576557847980e+02
4.988738633372305458e+02
4.998205043297666634e+02
5.012100264414840467e+02
5.020191177362926283e+02
5.023911161708341524e+02
5.037253008880592233e+02
5.051710632560931344e+02
5.058752810828680140e+02
5.073222472692209521e+02
5.083051054114262115e+02
5.087778712868386037e+02
5.097010731609395862e+02
5.114357448191562980e+02
5.116763694071554482e+02
5.125327303912374646e+02
5.132153313193679196e+02
5.142483672377254607e+02
5.148775725245620833e+02
5.160463967048937093e+02
5.168993819089213275e+02
5.177030620250811808e+02
5.195807270497075478e+02
5.208288953488126936e+02
5.213923970997105926e+02
5.221267338257046049e+02
5.230105446300054837e+02
5.249547170140402841e+02
5.255100628252945398e+02
5.268616331521972143e+02
5.274220721695860448e+02
5.283358424735033623e+02
5.296572148762631969e+02
5.309434207248955317e+02
5.323684814042582047e+02
5.333524894665822558e+02
5.345240192755601356e+02
5.354617489255477949e+02
5.363306105938188466e+02
5.368896544554605725e+02
5.376451423421887057e+02
5.385552917387990419e+02
5.395860265949133918e+02
5.402605778110785195e+02
5.419089440903718469e+02
5.439230076059008070e+02
5.441905400078686625e+02
5.459334658207237680e+02
5.463120276679871949e+02
5.471090305083253043e+02
5.479996786855696200e+02
5.498793217937263762e+02
5.501865571186276611e+02
5.516338073345119710e+02
5.521838592423754335e+02
5.527870982360378775e+02
5.539222332002107123e+02
5.555056614099146373e+02
5.567438315052872895e+02
5.574691072068102358e+02
5.579501512532699508e+02
5.599161348137699861e+02
5.601460777589628606e+02
5.611900999113244097e+02
5.621845668021293250e+02
5.630860426165863828e+02
5.638158561903196642e+02
5.657715963505585250e+02
5.667080734751896216e+02
5.680089436563580421e+02
5.695658744490453955e+02
5.706554356182404035e+02
5.710163312251386287e+02
5.712762311040995655e+02
5.722639103340558222e+02
5.730917147369895019e+02
5.739705492472019159e+02
5.748482325162457300e+02
5.755793220976415796e+02
5.770015092075210532e+02
5.779097502049779678e+02
5.797245304800492249e+02
5.802822038111875145e+02
5.822226538606495296e+02
5.829066668972203615e+02
5.849342908446654974e+02
5.860918746622448907e+02
5.864096106965499757e+02
5.868487889837077773e+02
5.885441047003931772e+02
5.898430264190980097e+02
5.901984798043175715e+02
5.917249870594554295e+02
5.923671291774958263e+02
5.930063198767649055e+02
5.936804348167979697e+02
5.946133269662818748e+02
5.951469039816079203e+02
5.965370621834955500e+02
5.978461849425100354e+02
5.983294872465002072e+02
5.998453076594481672e+02
6.011891559773129075e+02
6.020376803654596642e+02
6.025326342880930497e+02
6.037319595724768533e+02
6.049226587698117328e+02
6.061975471448126882e+02
6.074420363409299171e+02
6.081186487163339507e+02
6.093149918451966869e+02
6.101257863647070963e+02
6.113678783237046446e+02
6.121085738875494826e+02
6.132150854449477038e+02
6.139290569155122057e+02
6.151087486134680375e+02
6.166037081385613874e+02
6.174877981200015711e+02
6.181923467848391738e+02
6.192697964910084920e+02
6.203213268494650947e+02
6.212701354092715746e+02
6.218030694761966970e+02
6.230255426446071851e+02
6.247001308622983515e+02
6.249327443620780969e+02
6.254529780232925305e+02
6.262884963987074798e+02
6.267995124021425681e+02
6.277262450265301368e+02
6.287610602609042871e+02
6.295687426737603118e+02
6.303526057384976866e+02
6.319850808231598194e+02
6.328657949795008335e+02
6.332996493663858928e+02
6.340557654679752204e+02
6.348653151741616512e+02
6.367699537702815178e+02
6.380972428122730662e+02
6.387063712961745523e+02
6.393775901972931024e+02
6.410058452423982089e+02
6.433158272629120802e+02
6.440842335175260587e+02
6.445565539335946141e+02
6.459765593764645928e+02
6.467948466343937071e+02
6.477856494049799494e+02
6.485330352424882676e+02
6.495409630715413414e+02
6.508581534630513943e+02
6.513420602831749875e+02
6.522872490853013687e+02
6.528677486019278149e+02
6.541877939317115533e+02
6.548335220386067022e+02
6.562418182982853523e+02
6.568014001442952576e+02
6.582497925438824495e+02
6.598265760650415359e+02
6.604540379198601840e+02
6.615158306852414398e+02
6.617815543433547418e+02
6.624815085031210629e+02
6.642002566759227875e+02
6.643901397776321573e+02
6.654322976985162086e+02
6.665856458760644045e+02
6.678660981464386168e+02
6.692186698969371719e+02
6.699164759055836385e+02
6.711355234516422570e+02
6.717021410305241034e+02
6.725857733550724333e+02
6.732504450359564316e+02
6.745471038350200388e+02
6.760462094289906645e+02
6.769769489680077186e+02
6.784289497696726130e+02
6.793273894986664345e+02
6.804650533630119753e+02
6.818538743075752109e+02
6.823724135125123667e+02
6.844764813543812352e+02
6.849781694916690640e+02
6.857769893999716260e+02
6.866217150448719622e+02
6.872926895040674253e+02
6.891222479980394837e+02
6.903843710869597317e+02
6.909617473980476916e+02
6.924971137887507666e+02
6.930289224321514894e+02
6.938065923202630074e+02
6.952018371915060015e+02
6.966868048835060563e+02
6.979872031733774520e+02
6.983576717629655377e+02
6.999638200610665990e+02
7.006071173641533960e+02
7.019609854839878835e+02
7.027790248089214629e+02
7.036892396944894017e+02
7.052489968853966502e+02
7.060032049298775974e+02
7.072296112258057974e+02
7.081831634357052963e+02
7.088381967235332013e+02
7.097578100596267632e+02
7.109253561432058177e+02
7.121211668082110009e+02
7.135144524932387640e+02
7.144541095831056055e+02
7.154269393582517296e+02
7.170610955109254974e+02
7.188687880217436259e+02
7.197539795925938506e+02
7.211481738286337304e+02
7.215683433463971141e+02
7.231912793859420390e+02
7.240015380820378823e+02
7.247113212552958430e+02
7.254565581241057544e+02
7.265846293184475826e+02
7.278062160752708678e+02
7.284573903707010913e+02
7.292529621094911363e+02
7.299301367309312809e+02
7.312629003323621646e+02
7.314602134290475988e+02
7.330105797733451709e+02
7.336150037091367722e+02
7.345192867050571977e+02
7.358192898291022175e+02
7.368957920406701305e+02
7.381240734600910400e+02
7.384638997184888467e+02
7.402076162995765571e+02
7.407013596898187870e+02
7.425014817227922777e+02
7.435879399477940979e+02
7.440126928061722538e+02
7.453984960035247695e+02
7.462729682624552652e+02
7.465211419740331849e+02
7.485223944968379328e+02
7.496485640738358143e+02
7.503040264716127012e+02
7.512937665676502093e+02
7.525202361362503325e+02
7.537745991290845495e+02
7.540802575386460376e+02
7.550482807437604151e+02
7.559650926384126706e+02
7.566890258521334545e+02
7.578440595622159890e+02
7.585984726008458665e+02
7.599606931998123400e+02
7.611530623238400040e+02
7.618228413156269880e+02
7.634622962722231705e+02
7.636418471563491721e+02
7.644739208680364300e+02
7.647370470681888719e+02
7.655696015960734258e+02
7.662524235260085561e+02
7.673349564675038437e+02
7.684344102626587301e+02
7.694443068161266410e+02
7.708322379874495027e+02
7.715911629209600733e+02
7.727269873669331446e+02
7.731381582196192994e+02
7.742676592866561123e+02
7.758260590949645348e+02
7.765406992861873050e+02
7.777232495491209647e+02
7.789158606512027063e+02
7.803495099111516993e+02
7.811721000894569897e+02
7.816364017124693646e+02
7.821292467781174764e+02
7.825792268507806284e+02
7.834582786408316224e+02
7.848389071580061227e+02
7.853229461393871134e+02
7.873091033777798202e+02
7.879493965390136054e+02
7.892213020693898216e+02
7.905023244455792337e+02
7.912473409259365553e+02
7.923979117902482585e+02
7.937669680967882186e+02
7.944674464758385284e+02
7.959069540840075661e+02
7.971397687762520263e+02
7.981165699590848135e+02
7.987314925118772635e+02
7.999429733265105824e+02
8.001717693248792784e+02
8.007615218274323752e+02
8.018935498636886905e+02
8.031474842214972796e+02
8.040440067263921264e+02
8.044081988308452082e+02
8.058768053993092053e+02
8.071971343728865804e+02
8.077529592638013582e+02
8.094382345019702143e+02
8.098713755697989427e+02
8.110928695944287483e+02
8.117929226639897706e+02
8.120647501539891664e+02
8.134865524041988465e+02
8.140442305187713146e+02
8.153198151931692337e+02
8.166537517115177707e+02
8.169411361356970929e+02
8.181690809361518859e+02
8.191761929243848499e+02
8.202294843860204310e+02
8.210116824055396592e+02
8.221434011933824877e+02
8.230356344754170550e+02
8.235918805491646708e+02
8.244063139154330884e+02
8.259628792202862542e+02
8.276599735531906390e+02
8.282925449703966478e+02
8.291017190743120864e+02
8.295950176259719910e+02
8.303891852492783983e+02
8.309459774897820807e+02
8.327934921357134499e+02
8.334033073312768920e+02
8.338617068588149550e+02
8.355384166965544637e+02
8.367436689559874594e+02
8.371234087078912580e+02
8.387866966102890274e+02
8.395402964481111212e+02
8.414944117659272251e+02
8.420282402317191099e+02
8.429195992793879668e+02
8.438603094528567681e+02
8.442167977257724942e+02
8.450577570016989739e+02
8.466498112677212475e+02
8.473830498548995820e+02
8.478335459257998536e+02
8.490736051131339082e+02
8.497253471946906984e+02
8.514558892770056673e+02
8.520046860038542036e+02
8.529184642212464951e+02
8.541004933491667543e+02
8.547468421759317607e+02
8.558694796527056496e+02
8.574538596843875666e+02
8.595195440781010348e+02
8.595985465738076527e+02
8.610889996737707861e+02
8.623639927570272903e+02
8.639093582712471289e+02
8.644013214552666113e+02
8.652938602020273038e+02
8.665342462988082843e+02
8.672934724139195168e+02
8.679078259084328693e+02
8.698340518039724429e+02
8.702908159793501000e+02
8.715290358821824839e+02
8.725417187200084754e+02
8.730470179105648185e+02
8.747496547464991181e+02
8.750986974886559437e+02
8.755615681285589744e+02
8.773893959450347211e+02
8.778221193589713494e+02
8.788117583113532874e+02
8.793531199143395725e+02
8.804514248561877139e+02
8.811031228488204761e+02
8.813647474672889075e+02
8.827433170170450012e+02
8.832195713362436891e+02
8.842118351272363270e+02
8.859376892938320225e+02
8.863822784987432897e+02
8.880594075739164737e+02
8.894161418329697426e+02
8.901458442312766692e+02
8.915411891858025228e+02
8.922142265489720785e+02
8.939478940824000119e+02
8.947609700007088804e+02
8.956954239908807267e+02
8.965417928241580512e+02
8.973223269242391780e+02
8.988654313794223754e+02
9.003204875725980401e+02
9.010104838540006540e+02
9.013926755394065822e+02
9.022588908686591367e+02
9.034527614454948434e+02
9.042049301597562589e+02
9.055064913301437173e+02
9.065433694645319065e+02
9.077724665370678849e+02
9.088249530837608745e+02
9.098194631293583825e+02
9.105355468780660431e+02
9.117192631905051030e+02
9.122764886093694940e+02
9.131928912777152618e+02
9.147354275315237828e+02
9.155108402395649136e+02
9.164243184038648451e+02
9.172214286860264565e+02
9.175723918387901676e+02
9.184305355587107442e+02
9.197612411257596250e+02
9.209680398312048055e+02
9.227565159086457243e+02
9.235277070229249148e+02
9.251673523431211379e+02
9.261915729670748760e+02
9.269728219636322137e+02
9.275503382503904959e+02
9.291800357822985461e+02
9.306297728750387250e+02
9.323454568531413997e+02
9.328196993690473846e+02
9.341603584648910328e+02
9.352127148668172367e+02
9.372502541577416650e+02
9.374427298886910194e+02
9.384081556296461031e+02
9.399721735113014347e+02
9.402759668106461959e+02
9.413443161167497237e+02
9.424813405969796349e+02
9.439816557685719545e+02
9.447037246682920113e+02
9.455231993878174990e+02
9.461227064674008034e+02
9.472352746658739306e+02
9.489852064247747876e+02
9.498221243231764674e+02
9.501039167689491478e+02
9.508518768211685028e+02
9.512436756633555888e+02
9.531919971009651817e+02
9.536710069141331587e+02
9.552731260421801380e+02
9.557134194183040563e+02
9.569689502617361541e+02
9.573694944533315265e+02
9.586514985617302500e+02
9.601901692087682250e+02
9.609113317184401240e+02
9.620995327956768506e+02
9.635248342600364140e+02
9.644175109930968119e+02
9.651897655043612758e+02
9.666502560593648923e+02
9.682204734154023527e+02
9.688949484238016794e+02
9.694546083693171568e+02
9.704188898605609666e+02
9.719551864465091739e+02
9.724492439042817296e+02
9.732570546913257203e+02
9.742221909984656349e+02
9.753279744039607522e+02
9.762725830583174229e+02
9.774327700579293605e+02
9.790831000642644995e+02
9.799803104469704067e+02
9.802445810327669733e+02
9.811210846708539748e+02
9.826090333087179260e+02
9.838190248903854354e+02
9.847703582288243069e+02
9.854186696456222307e+02
9.876043337995796492e+02
9.887783208100000820e+02
9.897755339177080032e+02
9.911150893094011280e+02
9.919095907316759622e+02
9.935485766050301208e+02
9.945775127167116807e+02
9.953532623367093493e+02
9.972522259882373419e+02
9.982414607043463093e+02
9.993860518165604390e+02
1.000180054485821302e+03
1.000807526013779921e+03
1.002165286850719895e+03
1.003410878056271713e+03
1.003963079113821664e+03
1.005280626258320581e+03
1.005676678016572396e+03
1.006665793144005647e+03
1.008152734535671584e+03
1.009946534284178824e+03
1.011573291665624765e+03
1.012377795538694954e+03
1.013497148260396443e+03
1.013891602096165798e+03
1.015104413375186141e+03
1.015808862870024086e+03
1.016940344515947572e+03
1.017893466919646016e+03
1.018207805288191707e+03
1.019099840423566889e+03
1.019597896399484171e+03
1.020467326538034854e+03
1.021150778502887306e+03
1.021633041683068541e+03
1.022321853957098938e+03
1.023235691770089488e+03
1.024015688910232257e+03
1.025616199479060015e+03
1.026534198642834554e+03
1.026870798794323491e+03
1.028132174179027743e+03
1.029523852994829213e+03
1.029864100515711471e+03
1.030753509503830628e+03
1.030959500411191584e+03
1.033050557355555611e+03
1.033871007731280770e+03
1.035014424762585804e+03
1.036065834389705742e+03
1.036763161206190716e+03
1.037482348971409010e+03
1.038136726640995676e+03
1.038945219227925236e+03
1.040585841286165078e+03
1.041688903097884804e+03
1.042153455250688694e+03
1.042761804252584170e+03
1.043837319303924687e+03
1.045760039148850638e+03
1.046335178325484776e+03
1.047136687669053117e+03
1.048044048285187273e+03
1.049093985095833204e+03
1.050135697370301841e+03
1.050916252018471369e+03
1.052194600351230292e+03
1.052929104885284687e+03
1.053550529586917946e+03
1.055687767686549250e+03
1.057010522517288337e+03
1.057826106774086384e+03
1.058488368772477088e+03
1.059132320549896804e+03
1.060672300228256745e+03
1.062110763003950296e+03
1.062723173088965041e+03
1.063912413994284407e+03
1.064588798294942762e+03
1.066305380795661904e+03
1.067340750042326363e+03
1.068197431133089822e+03
1.068620282493532159e+03
1.069365795196373028e+03
1.070719225176938380e+03
1.071079983954156887e+03
1.072242220096625715e+03
1.073215396561052103e+03
1.073495560055864644e+03
1.074341799031596338e+03
1.075199021860183393e+03
1.076367175099845099e+03
1.077310779333249684e+03
1.078171950520450082e+03
1.078834719144935661e+03
1.080104981549657168e+03
1.080916811184789140e+03
1.081733706148564579e+03
1.083252505338175979e+03
1.084012773830368133e+03
1.084964923800662973e+03
1.085929109449888756e+03
1.086985606016742850e+03
1.087467239238867705e+03
1.088682768146367152e+03
1.089051377004580218e+03
1.090163218064432385e+03
1.091087898761003089e+03
1.092963697276221183e+03
1.093479991867817944e+03
1.094874499655541513e+03
1.096331540473932364e+03
1.097078766055084316e+03
1.097987856639311758e+03
1.098862704411292270e+03
1.099497211118615724e+03
1.101068464968285525e+03
1.101925118001209967e+03
1.103251799867070531e+03
1.104815739553049298e+03
1.105401476184682224e+03
1.106123604401646389e+03
1.106849729896294320e+03
1.108058577952508358e+03
1.108959263185699911e+03
1.109971490150100635e+03
1.110629470716202832e+03
1.111993667882311911e+03
1.113114808744683842e+03
1.113429258092269947e+03
1.114451616128202886e+03
1.115162866127610641e+03
1.115707966374974148e+03
1.117587254198332175e+03
1.118482685567407088e+03
1.119343695083966622e+03
1.120265553690911020e+03
1.121801538148609097e+03
1.122211223168070774e+03
1.122520414841740603e+03
1.123685498799812649e+03
1.124139160204805194e+03
1.125195691626634471e+03
1.125952990966415200e+03
1.126611750108766955e+03
1.127633758909402559e+03
1.128758710321015542e+03
1.129952372878230562e+03
1.130640117682146183e+03
1.131501097087025300e+03
1.133003142922442066e+03
1.133599338632531726e+03
1.134540778163732284e+03
1.135688593910237614e+03
1.136790408429832951e+03
1.139167010378779651e+03
1.139681429582181181e+03
1.140189345479774602e+03
1.140945392394724877e+03
1.141973296681590455e+03
1.143356699990309608e+03
1.144621042845164766e+03
1.145888599161427464e+03
1.147878603273929230e+03
1.149657010045328661e+03
1.151830743145397037e+03
1.152890522021362585e+03
1.153247813788994108e+03
1.154481129064971583e+03
1.155185244906623211e+03
1.155816747081947597e+03
1.156543807302241930e+03
1.158553416912435296e+03
1.159305807959387494e+03
1.160608028321593338e+03
1.161356109844647790e+03
1.162241873189687567e+03
1.162961060795700860e+03
1.163933528707437745e+03
1.165625037634560158e+03
1.166645942823824498e+03
1.167461849207107434e+03
1.168599304952299462e+03
1.170678497280608099e+03
1.171618551411568433e+03
1.172396600639741564e+03
1.173128561550917993e+03
1.174485219323006959e+03
1.175070893589391744e+03
1.176082900211541528e+03
1.176877059566698335e+03
1.178326404611476391e+03
1.178957149362376185e+03
1.179626580176110338e+03
1.180090057315118202e+03
1.180769737933729630e+03
1.182405042753801354e+03
1.183272876676999203e+03
1.184568630039446816e+03
1.185186075603570544e+03
1.185654119537664201e+03
1.186036623687295332e+03
1.186878055344789345e+03
1.187928102279788618e+03
1.189091630702192560e+03
1.189903718320035068e+03
1.191101708990855968e+03
1.193096805084835751e+03
1.193474702758374633e+03
1.194814434250821023e+03
1.195633414313723733e+03
1.196801922904873209e+03
1.198634329878839708e+03
1.199242908721297681e+03
1.200062594170705324e+03
1.201258709775852594e+03
1.202310366025601525e+03
1.203187729014501429e+03
1.204909684091017198e+03
1.205702934021276633e+03
1.206210215530308915e+03
1.207330877998432697e+03
1.207894964634391044e+03
1.209501460687568624e+03
1.210494191524313692e+03
1.210877783193798905e+03
1.212190812364856811e+03
1.212792179304090041e+03
1.213240627914689412e+03
1.215314069801253027e+03
1.215679631626083619e+03
1.216377867000453762e+03
1.217565123089746749e+03
1.219664006977123336e+03
1.219871015150750736e+03
1.221008154826184182e+03
1.222024136020349488e+03
1.222670309818209262e+03
1.224039291867574548e+03
1.224740246448470089e+03
1.225356125816506392e+03
1.226506820448775670e+03
1.227497387173181778e+03
1.229936594676255936e+03
1.230513888032387968e+03
1.231582888849755818e+03
1.232654456321406087e+03
1.233614050311521396e+03
1.234537049584330134e+03
1.235471700047602326e+03
1.236805069782252758e+03
1.237242058398322797e+03
1.239045389885214036e+03
1.239766204541205298e+03
1.241143856730131574e+03
1.242795779944892274e+03
1.244434539455829508e+03
1.245918400186377539e+03
1.246412696669381603e+03
1.246933810039122591e+03
1.248130370990535994e+03
1.248914470618058886e+03
1.249613646523740954e+03
1.250475809734812856e+03
1.251219953076285492e+03
1.252578891709335039e+03
1.253460470701828854e+03
1.254214857349643808e+03
1.255143012185339785e+03
1.256115449679978838e+03
1.257646389733959950e+03
1.258080225536030184e+03
1.259577954459046396e+03
1.260235404537165778e+03
1.262214910024883920e+03
1.263255559858989727e+03
1.263887336666673946e+03
1.264844184735544104e+03
1.266041765192887851e+03
1.266308783674639926e+03
1.267295108332661357e+03
1.268021669118961881e+03
1.269353764325603379e+03
1.270258904327490200e+03
1.270576930377318831e+03
1.271450455914332679e+03
1.272269071282496270e+03
1.273003517601689282e+03
1.274810891300933008e+03
1.275088311317715807e+03
1.276391196708084863e+03
1.277430216081931121e+03
1.278867581392019929e+03
1.280309106955492098e+03
1.280808330358444664e+03
1.281992498527599537e+03
1.283368495633140583e+03
1.283731092471244665e+03
1.285148618995436664e+03
1.285949300671674564e+03
1.287229975584842578e+03
1.288128533333831228e+03
1.289423761921721962e+03
1.290129278736829519e+03
1.290951183878886695e+03
1.291513750323194472e+03
1.292392726365050294e+03
1.293183569811823645e+03
1.294026343953818696e+03
1.295403319219656623e+03
1.296569701724551805e+03
1.297343067629954703e+03
1.298607786771576230e+03
1.298943244168948695e+03
1.300297348269953773e+03
1.300716152351784331e+03
1.301842573035518399e+03
1.302432960654831277e+03
1.303627546950664509e+03
1.305355527998522803e+03
1.305849016369851597e+03
1.306813897016372721e+03
1.307400300031089046e+03
1.308781036721020428e+03
1.309712489328678203e+03
1.310424540904393098e+03
1.311478906220852423e+03
1.312759800783049286e+03
1.313410776205255388e+03
1.314039895203730566e+03
1.315174743098958288e+03
1.316037715702085507e+03
1.316911529379854528e+03
1.317248925878441923e+03
1.317943930886046246e+03
1.319101224352834151e+03
1.319965270625908715e+03
1.321967251478849221e+03
1.322716747342332610e+03
1.324396813656034510e+03
1.325333540905058726e+03
1.325769175043917130e+03
1.327316058259414604e+03
1.328132156608074638e+03
1.329178577141236246e+03
1.330422300455378263e+03
1.331959042358230363e+03
1.332795157387935888e+03
1.333286689311436248e+03
1.335260696277932084e+03
1.335904562397708332e+03
1.336786467741589377e+03
1.338184358886816426e+03
1.338595204518258242e+03
1.339971070072831253e+03
1.341039074437494719e+03
1.341376156363805649e+03
1.342606875407938787e+03
1.343561472372625758e+03
1.344343223148465313e+03
1.345249778669843181e+03
1.346466820327842470e+03
1.347900548458285357e+03
1.348538851430142813e+03
1.350036897480419839e+03
1.350500726237635945e+03
1.351402481828775080e+03
1.352522864642000286e+03
1.353506460491261805e+03
1.354214453086498679e+03
1.355567227801803938e+03
1.356824326577841475e+03
1.358311662081991017e+03
1.359197111839421268e+03
1.360286425984448442e+03
1.361002981218170589e+03
1.361985153944810236e+03
1.362936020458751500e+03
1.364027443753628631e+03
1.364828728252748533e+03
1.365913628721298892e+03
1.366900330487019573e+03
1.368099310591010180e+03
1.368412299625118521e+03
1.369605530867357629e+03
1.370971436798032073e+03
1.372541587699871343e+03
1.373186558205067058e+03
1.374376132008812647e+03
1.375172326003634225e+03
1.375943341418816544e+03
1.376477870845884354e+03
1.377346168237743541e+03
1.378157645806238406e+03
1.379207109709826682e+03
1.380280591138276804e+03
1.380873166840573731e+03
1.382001716310616757e+03
1.382760102448666430e+03
1.383429649338218951e+03
1.384081566064276331e+03
1.385525174649601922e+03
1.386459759571248014e+03
1.387722062257636026e+03
1.388838875253333299e+03
1.389943178322008634e+03
1.390853192424506233e+03
1.391529547700818966e+03
1.393132425791185597e+03
1.393423738024751174e+03
1.394739481968922064e+03
1.396438860395596066e+03
1.397161072040433282e+03
1.398020937811040312e+03
1.399282281201853039e+03
1.400240683250919574e+03
1.400888918121430379e+03
1.401258695198820305e+03
1.402418416855449323e+03
1.403556949873172016e+03
1.405051223173941935e+03
1.406651267011406617e+03
1.407238388230964802e+03
1.407771188074133988e+03
1.408898462733530323e+03
1.409909805665479098e+03
1.410668821226478030e+03
1.412043788210278763e+03
1.413744458562764976e+03
1.414495405697303113e+03
1.415349380593350361e+03
1.416906066441960547e+03
1.417489156230202070e+03
1.418306837187594965e+03
1.420487250513189565e+03
1.421185037056920237e+03
1.421894747745713858e+03
1.423177094460190347e+03
1.423608213955855263e+03
1.424852862124411331e+03
1.426128569715738877e+03
1.427076957222354622e+03
1.428047278278991143e+03
1.428859634764198745e+03
1.430189616266839266e+03
1.431315809574513651e+03
1.432303650083732919e+03
1.433211918430812602e+03
1.435009579139539710e+03
1.436258108136526062e+03
1.436994423746316897e+03
1.437683874354930595e+03
1.438555071762739772e+03
1.439126280071161091e+03
1.441539817467846433e+03
1.442472186502162231e+03
1.443580440038783308e+03
1.444977874553313768e+03
1.445563319461090941e+03
1.446457831746169177e+03
1.448481213012232502e+03
1.449644827502597764e+03
1.449951999190551533e+03
1.450944923845325093e+03
1.451953290105516999e+03
1.452449524739799472e+03
1.452871577300474883e+03
1.454660039765820557e+03
1.455746086650588722e+03
1.457065940573997295e+03
1.457814031365876644e+03
1.458644473588564779e+03
1.458983876616438238e+03
1.459968739508549106e+03
1.461027608355982011e+03
1.461886451435015260e+03
1.464067562060047749e+03
1.465345114787623515e+03
1.466374036074115565e+03
1.467114791800120656e+03
1.467774675260033973e+03
1.468429393795255010e+03
1.469558396344351422e+03
1.470206670909656168e+03
1.471425569071592918e+03
1.471919532092783811e+03
1.473361416864147941e+03
1.474309895110254729e+03
1.475164869967738696e+03
1.476184023298041438e+03
1.477402592273534538e+03
1.478585023672583020e+03
1.479853496249284490e+03
1.480165145160146949e+03
1.480843950781018975e+03
1.481621156554329445e+03
1.482458941103986263e+03
1.483349635967015502e+03
1.484623624362848659e+03
1.485779623434800442e+03
1.486083206589518568e+03
1.487454009294564685e+03
1.488160271075385708e+03
1.489273775385537647e+03
1.489774915131749367e+03
1.490026022079526683e+03
1.491688668670007473e+03
1.492445437432949348e+03
1.493315179573622572e+03
1.494551131255428345e+03
1.495095726423477117e+03
1.495519996978144945e+03
1.497023860431539106e+03
1.498344092799291730e+03
1.499099626040673229e+03
1.500318870328076628e+03
1.501084501440947633e+03
1.501648464134403184e+03
1.502697563321627740e+03
1.503571380613847850e+03
1.504832352846287904e+03
1.506262132542533436e+03
1.506413495991974514e+03
1.507225209055320420e+03
1.508306392569373202e+03
1.509395180799078616e+03
1.510447542427193184e+03
1.512220384319956111e+03
1.512840088099024342e+03
1.513575045506577453e+03
1.514143712586612537e+03
1.516162984856556477e+03
1.517234675604100175e+03
1.518639759622940119e+03
1.519614192251812938e+03
1.520657984400361784e+03
1.521309089189395763e+03
1.521792038879402526e+03
1.522687237728132459e+03
1.523257236484373379e+03
1.524474674231312974e+03
1.525037223983308195e+03
1.525431252227060440e+03
1.525843829335112787e+03
1.526775437336539881e+03
1.528151314493906284e+03
1.529060559846699107e+03
1.530994499829656434e+03
1.531691290993543362e+03
1.532551498843025911e+03
1.534077061398078058e+03
1.535984934570839869e+03
1.536796162310127784e+03
1.538209302354162219e+03
1.539539370622509296e+03
1.540120824956857859e+03
1.541280923097797995e+03
1.542675186581307798e+03
1.544305770572252641e+03
1.544617474278916688e+03
1.545672368877569397e+03
1.546394672260868902e+03
1.548477612822699484e+03
1.548932959049755027e+03
1.550344199137751730e+03
1.551012525838867305e+03
1.552186580567260307e+03
1.552873427026307809e+03
1.553309439751388254e+03
1.553984686420998059e+03
1.556175629333637971e+03
1.556871136062492724e+03
1.558024591858609710e+03
1.559719242585068969e+03
1.560681438951769451e+03
1.561240169880888971e+03
1.562324048868747923e+03
1.563879278397079133e+03
1.564668299510671659e+03
1.565881943666955976e+03
1.568256479450795268e+03
1.569284276126471468e+03
1.569635873319694610e+03
1.570038189623345716e+03
1.571150959624709003e+03
1.571604946729034737e+03
1.572277575267854672e+03
1.573030749791962990e+03
1.574655955769981347e+03
1.575528883859913776e+03
1.576110773226761921e+03
1.576832704493881010e+03
1.578572332640325158e+03
1.579459805156395532e+03
1.580098674722323267e+03
1.581699949593279825e+03
1.582895884332608830e+03
1.583678327495970962e+03
1.585136637278444141e+03
1.586030438236093914e+03
1.588704099691436340e+03
1.588910521567072465e+03
1.589626430617228152e+03
1.591046949508382795e+03
1.592399755570497291e+03
1.593522169689425482e+03
1.594090755603577236e+03
1.594997326425182109e+03
1.595516579963654522e+03
1.595889232293890245e+03
1.597027339421389343e+03
1.597117785494520376e+03
1.598617718712195256e+03
1.599332688627612242e+03
1.600862645448801914e+03
1.601430574717604941e+03
1.601991792024472261e+03
1.603568979490559286e+03
1.604680899914425027e+03
1.605701390028445530e+03
1.606382387411940272e+03
1.607095484050852065e+03
1.608072131260589231e+03
1.608565494626000145e+03
1.609165619716080755e+03
1.610439405206090214e+03
1.611689381428212073e+03
1.612908377019668023e+03
1.613574039607741724e+03
1.614701205422786870e+03
1.616655115674202079e+03
1.617558667814355431e+03
1.618670008674975179e+03
1.620568758629781769e+03
1.620757422194893252e+03
1.622311533409995491e+03
1.622895187697556594e+03
1.624032508710340153e+03
1.624760222629401596e+03
1.625451939739472891e+03
1.627240248229223425e+03
1.628150769603561912e+03
1.628332169644212627e+03
1.628965210207250948e+03
1.630575682226666913e+03
1.631279069708287352e+03
1.632989458117132699e+03
1.634310572120170718e+03
1.635343752126314030e+03
1.635891825308910484e+03
1.637069802324239163e+03
1.637570156257345616e+03
1.638413414201138721e+03
1.639665332983969847e+03
1.640341399623585630e+03
1.641261730804528270e+03
1.643111559960590512e+03
1.643851741129418315e+03
1.644492147879029289e+03
1.644954362313907950e+03
1.646015663722226918e+03
1.647244888888019659e+03
1.648675328284235775e+03
1.649324399968926855e+03
1.650086138188479708e+03
1.651317581999183176e+03
1.652649689212599242e+03
1.653505435274217689e+03
1.654009165879753255e+03
1.654754639063551167e+03
1.655733005282813792e+03
1.656510637112607355e+03
1.657834323677330985e+03
1.658505310914046277e+03
1.659666105202785047e+03
1.661207480117843033e+03
1.661902089633877495e+03
1.662437121680889049e+03
1.663914709931717425e+03
1.664567912760422587e+03
1.665105494168198675e+03
1.666232706844339418e+03
1.666644195422586108e+03
1.667788537834929684e+03
1.668610309620104545e+03
1.669067194864630437e+03
1.670172856737881375e+03
1.670278291014008573e+03
1.671497728538038245e+03
1.672402137400505126e+03
1.673201452357649714e+03
1.674290086891325245e+03
1.675105440676341004e+03
1.676230562510743766e+03
1.676802139505540708e+03
1.677690595616352766e+03
1.678845410192288000e+03
1.679441639040890550e+03
1.680685564532061562e+03
1.683355612773115581e+03
1.684173151830287225e+03
1.685365680995030061e+03
1.686277179185032537e+03
1.686970863821733019e+03
1.687331928066164892e+03
1.687856149375618998e+03
1.690826226470130223e+03
1.691412412689637449e+03
1.692494031338234890e+03
1.692965278162598679e+03
1.694727169249749068e+03
1.695279590734134445e+03
1.696927228374620881e+03
1.697921469355580939e+03
1.699074829207220318e+03
1.701091180435395927e+03
1.701726282684717262e+03
1.702599847984476355e+03
1.703234171028272613e+03
1.704392703373810036e+03
1.705431209156614841e+03
1.705580508327225743e+03
1.708341246496282565e+03
1.710176723637214764e+03
1.710881147204387617e+03
1.712513090151407141e+03
1.713540041003987881e+03
1.714164710256364742e+03
1.714667592433115260e+03
1.715862156612081890e+03
1.716567081503591453e+03
1.718914594065217671e+03
1.719677722183335391e+03
1.720025633011034870e+03
1.721049477962040328e+03
1.721897202126762068e+03
1.722786500133631080e+03
1.723353216500317103e+03
1.724742395265194773e+03
1.726038135977928732e+03
1.726591219791646836e+03
1.728011591938781521e+03
1.728972080306535190e+03
1.729926123723319506e+03
1.730797492239644043e+03
1.731475667932196757e+03
1.733119537461879872e+03
1.734025261789611022e+03
1.734294648927032995e+03
1.735722929066738743e+03
1.737168525898139251e+03
1.738043797791880479e+03
1.738878567257639361e+03
1.741558900984722641e+03
1.741920733281367802e+03
1.742888562559759066e+03
1.743823455654697000e+03
1.745186298916356691e+03
1.745765539952974905e+03
1.746421555995236076e+03
1.747133089431435565e+03
1.748123440597404169e+03
1.748748913984875344e+03
1.749526661774191098e+03
1.749821495768353088e+03
1.750506964250970441e+03
1.751679588398090800e+03
1.753542929253998636e+03
1.754624340088627378e+03
1.755728212320617786e+03
1.757242935823861444e+03
1.759131500692451709e+03
1.759789661814668762e+03
1.760802588899793818e+03
1.761616807809310785e+03
1.762589640246409544e+03
1.763921884415585055e+03
1.764551383247129706e+03
1.765741162287328507e+03
1.766497512850215571e+03
1.767227866212524077e+03
1.767601333222440644e+03
1.768411811093456890e+03
1.769202604979554962e+03
1.770374896755511600e+03
1.770837609881433082e+03
1.771466911447529355e+03
1.773215448636126666e+03
1.773531893150424821e+03
1.774069921685962072e+03
1.774614343567905053e+03
1.775516652698016969e+03
1.776185709273939210e+03
1.777092640797593049e+03
1.778245353654264591e+03
1.778792935533309219e+03
1.779316497473711252e+03
1.780269453270410850e+03
1.781677148969541804e+03
1.782012389843732763e+03
1.783257594859151823e+03
1.784854900080663811e+03
1.785330425550259861e+03
1.786737709081355888e+03
1.788284910271285298e+03
1.790970317785668158e+03
1.791984141508138009e+03
1.792660503551544934e+03
1.793323146789046405e+03
1.794478602373823833e+03
1.795511091984159975e+03
1.796417867705064054e+03
1.797621427093632747e+03
1.800103917432135404e+03
1.800458564228688147e+03
1.801493161356807832e+03
1.802705158813567778e+03
1.803919964009864998e+03
1.804438209053949095e+03
1.806045683445667464e+03
1.806708531132475855e+03
1.807315023425062009e+03
1.808998416223924323e+03
1.809894924143284697e+03
1.810661935457501158e+03
1.812005545941910896e+03
1.812553530174850266e+03
1.813811100243649435e+03
1.814214009669502047e+03
1.815193906745703543e+03
1.816733414947377241e+03
1.817324546248059050e+03
1.818032611621581054e+03
1.819857907052027258e+03
1.820754909147268791e+03
1.821286062354456590e+03
1.823056152516178372e+03
1.823657425780948870e+03
1.824095093786357211e+03
1.825692591302876735e+03
1.826275921282555373e+03
1.827716979392352869e+03
1.827996690810313339e+03
1.829971168456098439e+03
1.830112282975216431e+03
1.831033516317005706e+03
1.832626878000731722e+03
1.833885394385357358e+03
1.834656812156050364e+03
1.836561097360960048e+03
1.837629488534816801e+03
1.838128364685147972e+03
1.839508158556385069e+03
1.840049941847563787e+03
1.841022345820130795e+03
1.842083737309818616e+03
1.843543646509274595e+03
1.844969991018851488e+03
1.845717960331835911e+03
1.846077160766996712e+03
1.847563511900639696e+03
1.848420777060915498e+03
1.848975134630718685e+03
1.850178582578103487e+03
1.851094203595298723e+03
1.851673437414249292e+03
1.852329932656484289e+03
1.852920106860578016e+03
1.854006876271435885e+03
1.854385181779293362e+03
1.854940921917063406e+03
1.856419879726476211e+03
1.857754687336758707e+03
1.858331261184164305e+03
1.859101604318347654e+03
1.860275398837447028e+03
1.861137483816914482e+03
1.862512830238186780e+03
1.863500224090157644e+03
1.864213160663597591e+03
1.865514361636053081e+03
1.866588193064217648e+03
1.867120911692730488e+03
1.867946655704506384e+03
1.869071896221871384e+03
1.870085334164051574e+03
1.871317446209660375e+03
1.871673592042107884e+03
1.872608283865894691e+03
1.873421828630591790e+03
1.874565030308306177e+03
1.875927890584023316e+03
1.876957915888952584e+03
1.877719299149638800e+03
1.879082639750950420e+03
1.880237148727857857e+03
1.880805701988137116e+03
1.881602930945181015e+03
1.882929633362861750e+03
1.883492123490845188e+03
1.884670626395395175e+03
1.885422899473298457e+03
1.886800544810941346e+03
1.887396542462706748e+03
1.888555306181367996e+03
1.889738227606432247e+03
1.890979796868400399e+03
1.891773944434872874e+03
1.892903373057643648e+03
1.894212104669267092e+03
1.894944725387040307e+03
1.895750055732085002e+03
1.896586841479756004e+03
1.897504238497772121e+03
1.898113860380871984e+03
1.899636825530402348e+03
1.901088732066871671e+03
1.901719567371782659e+03
1.903414887877322599e+03
1.904079983420187546e+03
1.904844620599716791e+03
1.906033677619514719e+03
1.906832874238830300e+03
1.908086156083824335e+03
1.908445423846765607e+03
1.910861387326863678e+03
1.911624100439826634e+03
1.912667663021602266e+03
1.913935651442556718e+03
1.915105299157838090e+03
1.916030734066504465e+03
1.916795234912832257e+03
1.917955730243921380e+03
1.918689955110124629e+03
1.920311394516718337e+03
1.921423247815935156e+03
1.922490231978181555e+03
1.923723221079056202e+03
1.924597830084735733e+03
1.925294416088650905e+03
1.926396681359479317e+03
1.926744844340289319e+03
1.928380535384974792e+03
1.928789275372401335e+03
1.929492474879282099e+03
1.931309527711484861e+03
1.932342597307512278e+03
1.933138030739764417e+03
1.934646503904807105e+03
1.935304433645203517e+03
1.936690772183898162e+03
1.938035369291888856e+03
1.938883823800160599e+03
1.940336646603360123e+03
1.941169693648405200e+03
1.941780935155861698e+03
1.943216488451308123e+03
1.944056054290268548e+03
1.945372656622067552e+03
1.946694096782779980e+03
1.947776082318835051e+03
1.948674475337086051e+03
1.949214891242905196e+03
1.950420487306860196e+03
1.952600570805341249e+03
1.953556810830915765e+03
1.955145530358626729e+03
1.955557025136507491e+03
1.956484204105932122e+03
1.958257057419644298e+03
1.958534983206561719e+03
1.959394039496439291e+03
1.960282573462180153e+03
1.960907440176738646e+03
1.962155525675810622e+03
1.963204288538063793e+03
1.963767118089981523e+03
1.965087053573679896e+03
1.965784801101775429e+03
1.965952203358606539e+03
1.966850239654742381e+03
1.967524905229034630e+03
1.968263698165272217e+03
1.969387554256305748e+03
1.970404414435130093e+03
1.971280887214517406e+03
1.971950040791460424e+03
1.972699678892120573e+03
1.973606684076287593e+03
1.975092029372570778e+03
1.975852527713949712e+03
1.976651761052791699e+03
1.977856692409753805e+03
1.978413197446130653e+03
1.979683428793824305e+03
1.980902443562272765e+03
1.982509958969314539e+03
1.983302192372785157e+03
1.983990945715534508e+03
1.984911045476114850e+03
1.986135512615243442e+03
1.986555326142588001e+03
1.987491354099731780e+03
1.988668743180621277e+03
1.989086879481829328e+03
1.989701597545752065e+03
1.990680759982528798e+03
1.991928567458327734e+03
1.992580392007637784e+03
1.993582524529026159e+03
1.994371304351072922e+03
1.995037858492850319e+03
1.997114505616257247e+03
1.997695203787885021e+03
1.998918081149202408e+03
2.000177348452992192e+03
2.001050601508546151e+03
2.002157114726874852e+03
2.002697153065383645e+03
2.003882258890443154e+03
2.004485161258839526e+03
2.005668236091434665e+03
2.006748598913934302e+03
2.007626112291786285e+03
2.008908285856430666e+03
2.009571938420285733e+03
2.010133781219352386e+03
2.011266041243076415e+03
2.012308051838416304e+03
2.013025700100416316e+03
2.014132867577924571e+03
2.014940131584558912e+03
2.016055997067438511e+03
2.016913500633655985e+03
2.017488877097096974e+03
2.018745085702592860e+03
2.020176432823571304e+03
2.021155147755725693e+03
2.021599950466109021e+03
2.024436127770745316e+03
2.025506321680414658e+03
2.026184984900960899e+03
2.028173263153534435e+03
2.029196998348557827e+03
2.030436056842632297e+03
2.030984290438782637e+03
2.032027073208948423e+03
2.032752232097227989e+03
2.033783928136524310e+03
2.034485014094241706e+03
2.035121430944326676e+03
2.036576780956661651e+03
2.038645916585388477e+03
2.039248840400901599e+03
2.041049851089888762e+03
2.042306277411471001e+03
2.043047113872136833e+03
2.043355698942172239e+03
2.044575788814471707e+03
2.045729769828280951e+03
2.047473680299584430e+03
2.047921335265441940e+03
2.049663828794566143e+03
2.050833210872853215e+03
2.051375440061694007e+03
2.053035531357078071e+03
2.054325416259215217e+03
2.055237811762778165e+03
2.056017947944259959e+03
2.057070875460381558e+03
2.057677651891727692e+03
2.058606567180524053e+03
2.059746817049266156e+03
2.059957637603247804e+03
2.060549668867535274e+03
2.061496303275996524e+03
2.063053375076103293e+03
2.063822513790525591e+03
2.064363861709276989e+03
2.065958473129410777e+03
2.066441260769491237e+03
2.067504074409713212e+03
2.068180106919725404e+03
2.069653590631001862e+03
2.070449444590805797e+03
2.071468528688268179e+03
2.072771872719008570e+03
2.073864247273897945e+03
2.074907692983539619e+03
2.075170295173972136e+03
2.076843027906027601e+03
2.078103261279216440e+03
2.079259346058261599e+03
2.080276308948107726e+03
2.081016542255742934e+03
2.081463949096099441e+03
2.083091300084611248e+03
2.084052488435983378e+03
2.085413605011414802e+03
2.086077098578183723e+03
2.086898099666077997e+03
2.088490741506382165e+03
2.089540406599684047e+03
2.090280564846494599e+03
2.090686089150045973e+03
2.091347081095424983e+03
2.092695268352465064e+03
2.093241958661217723e+03
2.093741021980443293e+03
2.095068234715953167e+03
2.095532896770175284e+03
2.097124683010177705e+03
2.097781342352910542e+03
2.099494625070562051e+03
2.099964793419038415e+03
2.100940788381703442e+03
2.101972168738508117e+03
2.103260277983224569e+03
2.103687820670024394e+03
2.103960150837238871e+03
2.105401062462100526e+03
2.105867200556727312e+03
2.106618381607551328e+03
2.107742387394758225e+03
2.108246594676117638e+03
2.109145722499414660e+03
2.109365725848138027e+03
2.110203706469299050e+03
2.111373395017149960e+03
2.112294394740677944e+03
2.113586362124228799e+03
2.115628931339558676e+03
2.116291057881162487e+03
2.116876567851557411e+03
2.118284363791349278e+03
2.119306079822222273e+03
2.120225752175546404e+03
2.120918517351571154e+03
2.121718049074133432e+03
2.122510094085690980e+03
2.123059696520171201e+03
2.125765269509817699e+03
2.126246494758932386e+03
2.127374265242186084e+03
2.127957029905234776e+03
2.129109625634358508e+03
2.129902836375010338e+03
2.131533969108598285e+03
2.132747092657104986e+03
2.134714460221128775e+03
2.134981214625831853e+03
2.136441009831118208e+03
2.137518738903278518e+03
2.138651562618238586e+03
2.140011366673812063e+03
2.140991322286485229e+03
2.141301366767180298e+03
2.143303711381141966e+03
2.144028920144041876e+03
2.145085361351161737e+03
2.146862974608422974e+03
2.147933138781683738e+03
2.148662676992713386e+03
2.150310283103551683e+03
2.151089510880973194e+03
2.152241106615649187e+03
2.153506286545503826e+03
2.154496734687357275e+03
2.154939855687872296e+03
2.157534712731686341e+03
2.158220531612551895e+03
2.158709817939352433e+03
2.159407550484591866e+03
2.161095940712166339e+03
2.161113371948398708e+03
2.162080606899766735e+03
2.163629200672863135e+03
2.164164339167167782e+03
2.165348474105617697e+03
2.167043966852044832e+03
2.167343833018981059e+03
2.167983721376772337e+03
2.168820425883097414e+03
2.169542208123196360e+03
2.170481847665388614e+03
2.171303105463713564e+03
2.172044472064671027e+03
2.172979470431722348e+03
2.174003889128253832e+03
2.174644181253068837e+03
2.175435948248561544e+03
2.177488706397276474e+03
2.178764363962692642e+03
2.179775653591102127e+03
2.181193564140169201e+03
2.181925965696808362e+03
2.182276059431218528e+03
2.182839041062879915e+03
2.184308492215363913e+03
2.185456942567381702e+03
2.186307195016908736e+03
2.187862943861364329e+03
2.187977387004484171e+03
2.188402724378518997e+03
2.190073362282355447e+03
2.191590749700191736e+03
2.192162317533182431e+03
2.193651185417212673e+03
2.194494058172629593e+03
2.195227906626956610e+03
2.195915551380320267e+03
2.197121566602264011e+03
2.198622513251607415e+03
2.200012807338578568e+03
2.201652893494685486e+03
2.201910586639851772e+03
2.202355013977378803e+03
2.202926671746787179e+03
2.203910696685322364e+03
2.205268911645357548e+03
2.206748696628442303e+03
2.207455330780243912e+03
2.208028471632585024e+03
2.208685778954432863e+03
2.209881050269349998e+03
2.210676121439909366e+03
2.211853719302361696e+03
2.212595084568561106e+03
2.213528118002865085e+03
2.215036102625624608e+03
2.216302984370864579e+03
2.216738335545406699e+03
2.217532276125265071e+03
2.217972001684016050e+03
2.219506480957020813e+03
2.220621045761461573e+03
2.221980341831643273e+03
2.222626914218585171e+03
2.223463988325396713e+03
2.224595858545300871e+03
2.225421879918138075e+03
2.227134004519044993e+03
2.227943329928247294e+03
2.228120592647027479e+03
2.228881571296534730e+03
2.230957101980423431e+03
2.231588110850400426e+03
2.232809590530031983e+03
2.233222986191729433e+03
2.233961757297059648e+03
2.235325796644861384e+03
2.236276094322280642e+03
2.236806653036764601e+03
2.237722295043311078e+03
2.239020095897460578e+03
2.240061028192591039e+03
2.240390991216633211e+03
2.240980846107707293e+03
2.242067329641205561e+03
2.243239948283016020e+03
2.244676871095787192e+03
2.245790259761629386e+03
2.247544202578847035e+03
2.248401988829288712e+03
2.249391767254555361e+03
2.250424708053493305e+03
2.251001532300488179e+03
2.251560618138425525e+03
2.253345841005393595e+03
2.254320198655609147e+03
2.254797636561374929e+03
2.256652528749849807e+03
2.257179206881482060e+03
2.259217414781590378e+03
2.260012740104769819e+03
2.261138859890296771e+03
2.262634867419666989e+03
2.263551535008234168e+03
2.264118862957472629e+03
2.265126509371997599e+03
2.265960663190156993e+03
2.268208750311353469e+03
2.268681831304762454e+03
2.270010397579714208e+03
2.270909961624518473e+03
2.272527600252423326e+03
2.273896050180115708e+03
2.274305579840568043e+03
2.275466545740949641e+03
2.276964774858909550e+03
2.278012940215929575e+03
2.278844266981212058e+03
2.280176129478767507e+03
2.280941736130206664e+03
2.281595037610037707e+03
2.281972693932898437e+03
2.282696427999836033e+03
2.283537858038165268e+03
2.284756647625769801e+03
2.285452023045520946e+03
2.285916220556714961e+03
2.286562670444577634e+03
2.287475583661099336e+03
2.288882654782187728e+03
2.290014319918445381e+03
2.292121661166628201e+03
2.293224324555961630e+03
2.294002848829721643e+03
2.294978137800111199e+03
2.295814415721117257e+03
2.296051932242168732e+03
2.297706954476594092e+03
2.298422653900306614e+03
2.299346783163683540e+03
2.300075851529623833e+03
2.300585993826706726e+03
2.301535823534460633e+03
2.302831042892008554e+03
2.303511368764929557e+03
2.304965127802043753e+03
2.305477787543374234e+03
2.306608419176531697e+03
2.307421619564617686e+03
2.308472236344385692e+03
2.309076804987361811e+03
2.309463441838875042e+03
2.310674932676733988e+03
2.312353583256024649e+03
2.314368762567644808e+03
2.315247279946363506e+03
2.315844444727661539e+03
2.316684754450263426e+03
2.317313005362384956e+03
2.317997858562588590e+03
2.318539352722546937e+03
2.319708445589048097e+03
2.321554930071290073e+03
2.322565954015694842e+03
2.322803595179661443e+03
2.324069731634527670e+03
2.324935541250926235e+03
2.325050699669414826e+03
2.326943190826221326e+03
2.327219320997478462e+03
2.328324954302053811e+03
2.329524041257302997e+03
2.330112281008602167e+03
2.333132773554951200e+03
2.334283569678927506e+03
2.335290656004420725e+03
2.336147763359595046e+03
2.337747683197599144e+03
2.338107585692640441e+03
2.339543018627765377e+03
2.340411471372509823e+03
2.341637825417221393e+03
2.342615726847264796e+03
2.344210923961540175e+03
2.344550630130043828e+03
2.346595788411622379e+03
2.347476204022254024e+03
2.347984574545875148e+03
2.349929454843533222e+03
2.350749085245623064e+03
2.351905527373236964e+03
2.352927462422548615e+03
2.353438739889372300e+03
2.353923153186242416e+03
2.354378935931315482e+03
2.355220095358231447e+03
2.355571490225426714e+03
2.357055628529408750e+03
2.357843240238846192e+03
2.358319112262077851e+03
2.359654307874086044e+03
2.361154785003116558e+03
2.361946240478448090e+03
2.362698002024911148e+03
2.363576635562868432e+03
2.364747732036531488e+03
2.365589713590924475e+03
2.367044575267084838e+03
2.367365245227187188e+03
2.368048123681248398e+03
2.369166945399690121e+03
2.369376680322027823e+03
2.370700964356493387e+03
2.371999118362959052e+03
2.373153657470342750e+03
2.373938180684498093e+03
2.376482174074346403e+03
2.377127333580528102e+03
2.377952731531784593e+03
2.378484764933527913e+03
2.381035486306753228e+03
2.381823737033399993e+03
2.382904998847979186e+03
2.383782894077783112e+03
2.384401556413574326e+03
2.385063946895448680e+03
2.385349261773957551e+03
2.386560718886632003e+03
2.387096310581060607e+03
2.388604840525857526e+03
2.390806621566770445e+03
2.391293211877709837e+03
2.392271080592104227e+03
2.393641163349670023e+03
2.393997495218409313e+03
2.395454286563413007e+03
2.396175918451177495e+03
2.396672047937086063e+03
2.397654346949194405e+03
2.398609590364115320e+03
2.399809313460870726e+03
