3.508404052752894131e+00
4.121229962648612855e+00
4.586664879439013021e+00
5.577355085091085130e+00
6.002224387999149258e+00
6.464397083034327807e+00
6.918068306660188682e+00
8.093226428811931328e+00
8.630664019745154292e+00
9.526727113596962226e+00
1.036771183766018112e+01
1.162692988898174917e+01
1.211783822201778094e+01
1.324438399352129636e+01
1.364334938228353167e+01
1.466426970130146401e+01
1.556176113137303219e+01
1.660823767707552179e+01
1.779596592421967216e+01
1.946881762555290152e+01
2.003711666301137484e+01
2.123445253664453958e+01
2.179456753470731201e+01
2.279325200722587397e+01
2.439193619219122411e+01
2.473645118337617532e+01
2.579607306494222030e+01
2.675701911711530556e+01
2.890397905531995093e+01
2.920958376208545815e+01
3.042524802378875393e+01
3.209333849548306716e+01
3.324396907499749432e+01
3.385486697577380255e+01
3.485123785327778023e+01
3.574930911624255714e+01
3.649704424081801335e+01
3.767844794336701852e+01
3.888023596748485033e+01
3.950535784130397587e+01
4.095376372184068714e+01
4.173469576418847282e+01
4.282018308510328097e+01
4.413984707562258336e+01
4.523531162501853942e+01
4.620838103471396607e+01
4.762071477682684417e+01
4.837458749532834190e+01
4.929718017870254698e+01
5.007705737169362692e+01
5.059703999258977092e+01
5.246826434812919615e+01
5.451390178497399575e+01
5.574646635245449033e+01
5.644209648328342155e+01
5.687119886932759982e+01
5.800706154057593267e+01
5.899953414144943054e+01
6.006171623342106614e+01
6.052728465279028569e+01
6.187296591987819738e+01
6.300892170211000121e+01
6.430121289075555069e+01
6.495743452395845452e+01
6.604863421312848004e+01
6.674305055314698620e+01
6.805447612489933817e+01
6.876062644124681356e+01
7.005536725749175275e+01
7.160038742905771869e+01
7.179077523085175017e+01
7.260807333074285452e+01
7.343186761396623297e+01
7.475047252514696083e+01
7.587314081460726811e+01
7.691715895068159625e+01
7.764594696906169702e+01
7.883046992248046081e+01
7.974570108680131852e+01
8.064016444809567474e+01
8.099560505144086164e+01
8.187709206256045036e+01
8.363283550390428900e+01
8.482100111399017806e+01
8.543614770377257628e+01
8.692772530059437486e+01
8.781773060671025632e+01
8.860671486292471855e+01
8.969223787332589382e+01
9.031299878718186847e+01
9.085073095347456729e+01
9.132957737102492501e+01
9.267653527756010590e+01
9.351139266604900513e+01
9.531751294173432143e+01
9.616761748591875403e+01
9.735943710209767232e+01
9.891704120031363345e+01
9.898972943304102046e+01
1.001839106925453962e+02
1.010370850304218493e+02
1.017902381391568269e+02
1.028957822662930539e+02
1.036216453173449281e+02
1.049252748552357843e+02
1.054865285902212690e+02
1.070490017189079026e+02
1.078996134388698920e+02
1.084667106219508241e+02
1.094482477670233038e+02
1.104146960454033888e+02
1.110025039272659342e+02
1.120347284466088240e+02
1.133447506882810103e+02
1.142175819030951516e+02
1.145255460108442094e+02
1.158482936241221068e+02
1.167881526815244797e+02
1.171186498309693889e+02
1.190711742667986073e+02
1.199570290083081545e+02
1.206045039025227652e+02
1.214951170089261723e+02
1.227268648782301170e+02
1.235540319899798760e+02
1.247796447820157937e+02
1.259620087563680499e+02
1.267098476285596007e+02
1.279847680691934784e+02
1.287231787014466136e+02
1.296301548924802773e+02
1.309080368265042580e+02
1.323741299835746759e+02
1.334789263645798201e+02
1.340461337327192268e+02
1.352225974478474200e+02
1.363751902447902467e+02
1.373795010356302555e+02
1.382557653593300984e+02
1.395615905093868605e+02
1.408406799687627426e+02
1.420384853252692210e+02
1.426177204261375664e+02
1.434401557786147805e+02
1.447190433717034921e+02
1.456429722142165701e+02
1.467049283383416878e+02
1.476067868283121243e+02
1.487100790390300062e+02
1.494825783941084865e+02
1.508365852603506028e+02
1.511319211892300700e+02
1.525176175911585688e+02
1.535988927695236725e+02
1.547446219879159344e+02
1.555896635012097704e+02
1.569844497541398596e+02
1.578359835344399471e+02
1.590077538303912661e+02
1.601081986511105697e+02
1.605896780820949061e+02
1.621091469367172522e+02
1.623753243080182074e+02
1.631176393618982274e+02
1.643051380256852099e+02
1.654161520395282423e+02
1.662697234413246861e+02
1.677556858029718114e+02
1.688767363595393363e+02
1.696901970017343046e+02
1.715080689605551925e+02
1.718509958781885416e+02
1.739900655162387011e+02
1.744425799895050204e+02
1.749478735817683628e+02
1.761387619075837847e+02
1.768387405988405590e+02
1.782474566413347929e+02
1.788864944378510700e+02
1.803325756806716527e+02
1.806793619170075544e+02
1.825137999116013816e+02
1.831283061566628021e+02
1.838574200569103141e+02
1.844403834900124366e+02
1.855716466653361749e+02
1.872413543978987036e+02
1.879345666718172652e+02
1.897393484618389721e+02
1.902133530571518349e+02
1.913737395715802450e+02
1.918916430493854932e+02
1.927144701708841694e+02
1.931645214382340328e+02
1.945610321472831856e+02
1.955355039397738892e+02
1.964205018187581118e+02
1.975193457219934317e+02
1.986234162779219332e+02
2.001423505153609312e+02
2.006594301401187295e+02
2.014995883913386479e+02
2.032926274428505167e+02
2.045373527607982851e+02
2.058050715380843485e+02
2.068034828922025099e+02
2.079960495735072072e+02
2.091934136454608506e+02
2.100230231398470551e+02
2.110939802495565800e+02
2.120952192152890348e+02
2.132582016531293903e+02
2.144674740766379273e+02
2.158685676645061449e+02
2.168345319910222315e+02
2.171703855471744191e+02
2.179752420009642719e+02
2.190447750947146233e+02
2.205002235528309029e+02
2.215737799132582495e+02
2.230745112973238520e+02
2.243148843930371186e+02
2.246606628617771548e+02
2.256541457338239525e+02
2.267645117453191688e+02
2.276080456199856599e+02
2.283550678482513376e+02
2.296956191388628667e+02
2.302142004157035444e+02
2.314813555024506968e+02
2.320712617515800957e+02
2.336285114589670684e+02
2.345011401779345306e+02
2.349756656083563939e+02
2.363891330879803263e+02
2.371673941636663585e+02
2.380571270395676038e+02
2.390289542662296753e+02
2.394664710753590953e+02
2.402738428495006247e+02
2.420734139181581668e+02
2.430056513487368193e+02
2.442431450081853654e+02
2.450672976224504964e+02
2.465999883055153532e+02
2.470157693815554012e+02
2.481060990194125679e+02
2.494584547150088838e+02
2.502138804007113322e+02
2.507733083904413434e+02
2.520256909645338510e+02
2.529503325897569539e+02
2.537264731996824594e+02
2.546434832630191067e+02
2.556390821458496703e+02
2.564890360360479917e+02
2.579766897876911571e+02
2.589563678057422749e+02
2.598711654070189070e+02
2.607014781244201913e+02
2.611763221241712927e+02
2.616387950759879004e+02
2.632950938170486097e+02
2.643907532365985844e+02
2.655662513712766213e+02
2.662872026190600536e+02
2.672510077425063173e+02
2.682852001793742147e+02
2.687423799422599586e+02
2.699387036060077207e+02
2.716527556958756122e+02
2.723551462326654473e+02
2.730580085756710105e+02
2.739758497080574671e+02
2.751793066107989034e+02
2.758569119129094815e+02
2.761296574974123814e+02
2.770006320450195290e+02
2.777386839713497011e+02
2.782365680602658813e+02
2.799137846234532390e+02
2.810272061685889184e+02
2.818933487204906214e+02
2.829910190136829442e+02
2.833457067784343053e+02
2.847529735777093265e+02
2.853703483647368557e+02
2.862676293368749612e+02
2.872700935591647067e+02
2.886653177300065636e+02
2.897033974742657847e+02
2.901906654690101277e+02
2.924833163689504545e+02
2.934986582071530847e+02
2.944517848933105597e+02
2.946806669017707918e+02
2.960471779850340681e+02
2.967009918565097450e+02
2.976346080342843834e+02
2.995852508901639339e+02
2.999539988044407437e+02
3.008208421464439652e+02
3.021737471260375969e+02
3.025970952216121077e+02
3.033099323913618264e+02
3.051034016903267911e+02
3.058786304042930624e+02
3.070447120765883255e+02
3.079253989929890167e+02
3.087150163219974957e+02
3.097406873779348189e+02
3.117043738923018736e+02
3.119502364038903579e+02
3.132628579373201774e+02
3.139279011010257818e+02
3.153301388384115853e+02
3.161105833032180499e+02
3.170395495173172549e+02
3.174889043487186200e+02
3.187087963455227282e+02
3.195352304630047229e+02
3.203204104713695415e+02
3.215216975802151183e+02
3.227984306823260567e+02
3.237114846233349681e+02
3.250947462330466351e+02
3.259502141800332993e+02
3.268369861677026620e+02
3.284213182623678904e+02
3.291857566031693523e+02
3.301528577930644133e+02
3.317044154223100350e+02
3.324588852657208236e+02
3.335309012441284722e+02
3.344422495416627044e+02
3.349071752828956505e+02
3.363306380284121815e+02
3.370578265060115655e+02
3.379055890252941481e+02
3.386744654928216960e+02
3.395277822957862099e+02
3.414271829521260315e+02
3.419852179449289906e+02
3.429196701074401972e+02
3.447536137332848512e+02
3.456411854350461681e+02
3.462601982499899123e+02
3.468916428473470432e+02
3.483317870435098484e+02
3.500356155384678232e+02
3.504658398093145024e+02
3.517086040455498051e+02
3.522844204120616496e+02
3.531401152750712527e+02
3.542313509803394709e+02
3.554363781315113329e+02
3.563744385870693350e+02
3.575355915414073706e+02
3.592400161740546309e+02
3.599060872082371816e+02
3.605985617036232043e+02
3.618576397175504553e+02
3.623414059361068666e+02
3.635727428266767447e+02
3.651817475029419029e+02
3.660571127470357169e+02
3.669836510833143848e+02
3.678408771381273255e+02
3.688584000740208921e+02
3.695486120834509620e+02
3.704898926631345830e+02
3.713877698293771346e+02
3.732574373700945216e+02
3.736178028408110094e+02
3.748442968633164583e+02
3.758252645899965501e+02
3.771795141410715360e+02
3.783173968310135251e+02
3.787185333775214531e+02
3.791372972967324131e+02
3.802797001539081521e+02
3.818943319701570545e+02
3.823995945639006777e+02
3.838656486334242572e+02
3.853827901409130163e+02
3.864103912281238991e+02
3.882616217330190693e+02
3.889605351649989871e+02
3.895647456255915131e+02
3.903759693141010985e+02
3.919304192274706793e+02
3.930393065596402948e+02
3.936657595605491906e+02
3.940739066940582234e+02
3.954102944661076435e+02
3.960427104874011093e+02
3.975008458009244805e+02
3.990205006855884449e+02
3.995010546664182129e+02
4.005936172523754522e+02
4.017318113372896278e+02
4.026713320178715776e+02
4.029580051341357603e+02
4.044141148330007809e+02
4.057517276559576658e+02
4.061464975580411192e+02
4.070372220056697188e+02
4.080361456919746388e+02
4.093099626567150153e+02
4.109531185348519102e+02
4.119984237910292677e+02
4.130011681388739362e+02
4.139653505950099088e+02
4.146791893812893477e+02
4.156169561889599890e+02
4.166722607346387122e+02
4.176726549436878031e+02
4.188935767268059180e+02
4.200313410888086310e+02
4.210806675262647332e+02
4.225439179805533740e+02
4.233593408286078557e+02
4.239491412084422564e+02
4.259915428875170846e+02
4.267912955576207423e+02
4.280306285493879841e+02
4.285586982570415557e+02
4.298088551692630972e+02
4.304412122645105683e+02
4.313303222920366125e+02
4.324121089492437022e+02
4.340400028408749904e+02
4.346110268590781516e+02
4.367158379583680698e+02
4.379520229625292131e+02
4.384760038176044645e+02
4.393438741951722477e+02
4.404966187308865528e+02
4.410981827293370543e+02
4.427307530294102662e+02
4.438357765996945545e+02
4.441662609908634067e+02
4.445441871484339345e+02
4.450046499306005217e+02
4.462855835111256511e+02
4.475760446044008631e+02
4.485765531058468696e+02
4.490484034653172785e+02
4.500437815380968232e+02
4.516641640778676674e+02
4.520697266384875093e+02
4.530435831604903569e+02
4.536581436895169190e+02
4.545775155761459700e+02
4.556928881285552961e+02
4.566030991036915339e+02
4.576134904620672614e+02
4.582714199816185783e+02
4.603254319954148741e+02
4.610100697370878606e+02
4.615448115010822221e+02
4.622618414031919656e+02
4.636425954517902710e+02
4.642439584442842033e+02
4.650487216141891622e+02
4.658070102121334912e+02
4.673489128237085879e+02
4.685931214132289142e+02
4.696281631340717695e+02
4.710575068285288580e+02
4.715928590479139757e+02
4.719368424367959278e+02
4.727386870308503148e+02
4.742308406245085735e+02
4.751832898613772613e+02
4.760456527400156119e+02
4.771951796321937991e+02
4.784512174756306422e+02
4.789554228662573223e+02
4.800509340820858597e+02
4.807798404916894697e+02
4.815155715646067165e+02
4.827524593735432745e+02
4.836420897978044877e+02
4.842536321419304386e+02
4.848631099229029360e+02
4.858963948090439544e+02
4.873381427401710653e+02
4.882703372717164712e+02
4.889118586788634957e+02
4.901171033199159410e+02
4.913749406046285912e+02
4.920636102612206741e+02
4.929980120308933920e+02
4.933936069378509046e+02
4.945239611417531478e+02
4.957933901290891754e+02
4.969070377945178052e+02
4.972036909287897970e+02
4.992784186622471907e+02
5.004670871168940494e+02
5.016860745173062242e+02
5.017641821146370376e+02
5.027861602491047961e+02
5.038885592070412258e+02
5.047519037835179461e+02
5.051986494480941019e+02
5.069419502834194873e+02
5.079693631119089332e+02
5.095752288651065101e+02
5.102578246260694641e+02
5.108884108900102774e+02
5.127123736113053383e+02
5.130516533575741960e+02
5.139377568488116594e+02
5.154309726356874535e+02
5.164164398707454211e+02
5.170867539951038907e+02
5.185566666862999909e+02
5.191225842062792708e+02
5.204365777693046766e+02
5.213123706289891288e+02
5.219999901645236378e+02
5.227358699873706200e+02
5.251552348803581935e+02
5.257202576823700610e+02
5.264833410930365289e+02
5.275515594413027429e+02
5.277044425872578586e+02
5.289086419489989339e+02
5.297887073652196932e+02
5.307009054744230525e+02
5.318343757215595815e+02
5.332330222341981880e+02
5.343687399391444615e+02
5.353014069937230488e+02
5.364415299131381971e+02
5.377771758610806501e+02
5.394689905269410701e+02
5.401581851530560243e+02
5.412267691845681838e+02
5.418756876232762352e+02
5.432219933660970810e+02
5.436723838053896998e+02
5.447890287627784573e+02
5.455077623509233717e+02
5.469669028675372147e+02
5.479012921141305696e+02
5.486892126076963905e+02
5.492699330842707468e+02
5.512968432387839357e+02
5.521330564678180508e+02
5.529885931316023289e+02
5.535476782112642695e+02
5.553336236833450812e+02
5.555149899369716877e+02
5.568449904693251256e+02
5.572969953448257456e+02
5.586016579307499796e+02
5.589954195594133353e+02
5.608900529075865506e+02
5.610503956428748324e+02
5.625173834855827408e+02
5.633939633869408681e+02
5.644882098460084308e+02
5.650707801634189309e+02
5.668005393209557496e+02
5.674053395957481598e+02
5.689777302104006367e+02
5.693470918664689862e+02
5.703642858275502476e+02
5.713285498745491395e+02
5.722649690592712659e+02
5.734494298041851152e+02
5.737832214357305247e+02
5.753888003591790721e+02
5.763443885585055568e+02
5.771702102455526529e+02
5.777614787092413735e+02
5.796692513225930270e+02
5.814509351550865404e+02
5.819700578256896506e+02
5.828832277923623906e+02
5.836444856209951695e+02
5.847949867169573963e+02
5.857261953974788184e+02
5.862211090054561282e+02
5.870902321636417582e+02
5.875684436177873522e+02
5.894944960617682455e+02
5.904777341495044993e+02
5.915150112630674357e+02
5.924562416786857284e+02
5.935233076597268109e+02
5.942724730006225400e+02
5.952554046302661845e+02
5.963749885610209276e+02
5.974500865643565248e+02
5.979457026955769834e+02
5.991650771175811769e+02
6.003022694679840470e+02
6.018634372833799944e+02
6.027976432099266049e+02
6.041819731064015286e+02
6.055156803460764650e+02
6.066383894508082903e+02
6.078454704341098704e+02
6.086764215924453083e+02
6.100057420912389716e+02
6.107752323627546502e+02
6.117899632217265662e+02
6.124468341210615563e+02
6.136402921204738732e+02
6.140960971502213397e+02
6.151354312738080807e+02
6.160895194214637058e+02
6.169832139958941752e+02
6.183387323360180972e+02
6.187688763331976816e+02
6.203140825560318490e+02
6.209903912131942434e+02
6.223283835477569710e+02
6.229578693360207353e+02
6.238010439358173471e+02
6.249861008705787526e+02
6.264730268302733975e+02
6.271979560579120516e+02
6.278906472839789785e+02
6.294650126740142468e+02
6.306083592200608336e+02
6.316894526652085915e+02
6.325792869240607388e+02
6.340605955944005245e+02
6.350956122037694058e+02
6.361256808309843791e+02
6.366797875598175551e+02
6.384714465189897510e+02
6.388852818078252085e+02
6.396831915624961766e+02
6.404284002557452595e+02
6.416305556152185545e+02
6.420986354878796192e+02
6.428227105898699847e+02
6.441633987709647045e+02
6.455141259688665514e+02
6.460912183483612807e+02
6.474223541284285375e+02
6.484303830366395687e+02
6.499451914359793818e+02
6.505284490576279950e+02
6.512793952103490938e+02
6.524377538092992381e+02
6.528116657128281304e+02
6.538895024536450364e+02
6.550643697401708323e+02
6.561004621272202257e+02
6.569901948435895065e+02
6.588511654761091449e+02
6.598184122666938265e+02
6.606450519707871081e+02
6.613302258187910638e+02
6.625502859430807803e+02
6.631432822119078310e+02
6.638668831447982939e+02
6.651950671164928508e+02
6.656894790963506239e+02
6.661516553616716010e+02
6.678466024341694265e+02
6.688317246673058207e+02
6.697974564232690682e+02
6.705963735153619609e+02
6.714836068662202706e+02
6.726142139075075193e+02
6.735068923632761653e+02
6.747628884879187581e+02
6.757324238006216319e+02
6.765169494838946775e+02
6.771663506492337774e+02
6.788347423066924193e+02
6.792215672351403555e+02
6.809033067316271399e+02
6.818573996911600261e+02
6.823669479967668394e+02
6.836529315985376343e+02
6.845878076564640651e+02
6.850817941236441584e+02
6.864345097157337250e+02
6.875279971583864835e+02
6.879220503696959668e+02
6.892245764723778620e+02
6.905460405535573045e+02
6.914078787535916035e+02
6.919752429292567513e+02
6.925212595762009187e+02
6.939602389835478107e+02
6.950910799251637400e+02
6.960425039707497490e+02
6.970059232253279333e+02
6.985264846353497887e+02
6.994215256443065982e+02
7.008193294342936497e+02
7.020191350747953720e+02
7.028532560885744260e+02
7.040819269659039037e+02
7.044858869288135566e+02
7.066200168038276388e+02
7.070598004885866885e+02
7.088675583472752351e+02
7.096165939202397794e+02
7.103865890315586284e+02
7.121277918220224592e+02
7.128597796059590337e+02
7.132627445589899935e+02
7.143200066970001672e+02
7.151444679189365843e+02
7.160319537974340847e+02
7.176067750278306221e+02
7.183213917787394394e+02
7.188512115474729853e+02
7.195503284816832092e+02
7.201384415710288067e+02
7.208161278133410406e+02
7.227714753407389026e+02
7.239851547558857874e+02
7.248087621889277443e+02
7.250309551442211387e+02
7.263193850310342441e+02
7.276517083569301576e+02
7.298400332602527669e+02
7.306540497395974398e+02
7.323789234532908949e+02
7.328866857631768426e+02
7.345216988265308373e+02
7.361274287982995475e+02
7.369717252636486364e+02
7.375082401784195554e+02
7.391314364351510449e+02
7.401711221022810605e+02
7.412625106596221940e+02
7.421689748121179946e+02
7.428141164889761967e+02
7.435237271681519360e+02
7.443792750604661705e+02
7.449665924650690840e+02
7.460418485183768098e+02
7.474164278434126345e+02
7.481583541386942215e+02
7.498222498018005808e+02
7.513779331110482644e+02
7.519334447620302626e+02
7.532278278852083986e+02
7.538790339692964153e+02
7.549501223132650694e+02
7.555797600663876210e+02
7.566990251820291178e+02
7.575537632946430904e+02
7.582285037063403479e+02
7.593786197876870574e+02
7.602185260479565159e+02
7.617286604356743283e+02
7.635593881594963932e+02
7.638104577014522647e+02
7.649450503707340658e+02
7.664163809301612673e+02
7.671940629719472327e+02
7.682035093035053706e+02
7.691665839528277502e+02
7.696452449704900118e+02
7.705548171228148249e+02
7.711948117083863963e+02
7.724245505202571849e+02
7.727371093954279786e+02
7.742080035225823167e+02
7.756168278302983481e+02
7.763166872738007669e+02
7.774487757194165169e+02
7.786011471796851993e+02
7.789661384707412708e+02
7.794284463014359972e+02
7.803334701749979558e+02
7.808589859307811594e+02
7.825585677668278777e+02
7.828242479535003895e+02
7.841782888284418505e+02
7.853022166914195168e+02
7.861490573035003990e+02
7.869642627242463959e+02
7.875078798108582987e+02
7.888736589676386757e+02
7.895908018842338834e+02
7.900408147377493151e+02
7.921208414034892940e+02
7.925751287831855052e+02
7.933270108417914344e+02
7.948535633951132695e+02
7.957703568524693765e+02
7.971645821491187007e+02
7.978384239914846603e+02
7.989398802340414250e+02
7.998818716732752137e+02
8.006991763563319182e+02
8.018864902405726980e+02
8.019917959855182517e+02
8.029014804482482077e+02
8.038002204890905205e+02
8.054899030094865111e+02
8.060175341093439556e+02
8.079933123941848407e+02
8.083817173485912235e+02
8.090337577194233063e+02
8.101691933165830051e+02
8.107398016971970947e+02
8.122918280989024424e+02
8.130294648346397253e+02
8.140638135520864580e+02
8.144646838255106331e+02
8.164654801191347815e+02
8.170754340746416347e+02
8.183162223695213697e+02
8.193980482639499314e+02
8.197642502293583675e+02
8.206569328528910319e+02
8.226309301393565647e+02
8.231681056270864474e+02
8.241833421584012740e+02
8.243831236275232186e+02
8.255777842541633618e+02
8.273377167817006921e+02
8.279461070384222694e+02
8.286839472560033073e+02
8.302317177954480485e+02
8.309132072510378748e+02
8.317909595772689499e+02
8.321615418165652045e+02
8.339959588421154422e+02
8.350250863102555741e+02
8.359051886789604850e+02
8.362881904220070055e+02
8.383205414022800142e+02
8.389494060303286460e+02
8.399736972731323021e+02
8.409495530447276224e+02
8.420363178377208442e+02
8.431380569501778837e+02
8.445126403479017654e+02
8.448536974456160351e+02
8.462801939496089290e+02
8.468298334322240635e+02
8.478219665549529509e+02
8.486144507456451720e+02
8.494533446406362600e+02
8.517485960563192293e+02
8.525282139845003258e+02
8.529266752323502487e+02
8.534267186393258271e+02
8.547491699332335884e+02
8.554201680264417291e+02
8.564309818207107128e+02
8.573465501332852909e+02
8.583921235692550908e+02
8.599095077213662535e+02
8.607910556608022716e+02
8.614220214445390411e+02
8.625673970113150517e+02
8.640044499217497105e+02
8.642505130685754011e+02
8.653233975963645435e+02
8.665002425156322943e+02
8.678655163999985689e+02
8.685082232890574687e+02
8.698879314650279184e+02
8.707470498009186031e+02
8.720194961211910822e+02
8.725301856572630186e+02
8.736081075440226869e+02
8.755653975225005752e+02
8.768157427379286446e+02
8.778488307828345114e+02
8.786456261526683420e+02
8.789972596854838685e+02
8.811254527389010036e+02
8.823221951244565844e+02
8.828215315339250537e+02
8.841046252277296844e+02
8.849273876301231212e+02
8.851326258164370984e+02
8.865635540568348461e+02
8.871621972638500893e+02
8.887755150534198947e+02
8.899782341800384984e+02
8.909457480261147566e+02
8.918283727843736415e+02
8.929909459538200736e+02
8.935664250026661648e+02
8.953170551740490737e+02
8.963900711227071270e+02
8.973801602962412289e+02
8.984351939979640065e+02
8.991912250473835684e+02
8.997319454797186609e+02
9.003922527200766126e+02
9.010206518548319536e+02
9.029402843284235587e+02
9.043781926687694295e+02
9.051151804886360424e+02
9.061829886127358122e+02
9.071286216961693754e+02
9.074771894684363360e+02
9.081602421452914768e+02
9.095873658544473983e+02
9.102363885431459494e+02
9.112206229976195573e+02
9.124515508670024246e+02
9.136354678487366527e+02
9.152599756152972077e+02
9.166434224682463991e+02
9.171953926831200761e+02
9.181428077396296885e+02
9.189550919442358463e+02
9.198462800532449819e+02
9.206843845577184311e+02
9.211780022340276446e+02
9.225391055853172020e+02
9.236684762418531136e+02
9.246291053204568016e+02
9.251394110616317903e+02
9.272412530923467102e+02
9.280071085433366989e+02
9.289943422843209646e+02
9.301444994284163386e+02
9.308030285017947563e+02
9.318198358866526405e+02
9.331223487065295785e+02
9.340044701564754632e+02
9.343763553995306665e+02
9.363957200542220107e+02
9.372184567128513208e+02
9.382420773110634400e+02
9.387828029022819010e+02
9.395238016782944896e+02
9.410241641706592191e+02
9.414890958359327442e+02
9.435198350996612362e+02
9.437334899734884175e+02
9.449624223766063551e+02
9.464042586835632846e+02
9.474397810240252511e+02
9.485355680450458067e+02
9.492638769024417797e+02
9.503807146880535583e+02
9.517967611957432155e+02
9.525096169902432166e+02
9.530580718719422748e+02
9.536947519362911407e+02
9.556107652253704146e+02
9.562875991144007912e+02
9.574138492848433089e+02
9.582338629103107905e+02
9.594081600795158238e+02
9.603729128354765407e+02
9.614793894448496303e+02
9.624402760143809701e+02
9.630640374408360458e+02
9.642146744798063764e+02
9.654983530395680873e+02
9.665950109019290721e+02
9.667746979999203631e+02
9.682398651283217532e+02
9.690249529958189214e+02
9.702731509279215061e+02
9.717094849655466078e+02
9.722617620010744304e+02
9.733350563772205533e+02
9.741682163461632626e+02
9.750513854157001106e+02
9.761983267859852731e+02
9.772568978958802290e+02
9.782991676133300416e+02
9.795208032278857218e+02
9.813238139204722756e+02
9.817013594636597418e+02
9.825409768574461395e+02
9.828637036447300943e+02
9.838685501588277020e+02
9.844250198814477244e+02
9.855767912113997227e+02
9.873747316592243806e+02
9.884181200987820830e+02
9.886784403897075890e+02
9.899533983744659054e+02
9.908959248578335064e+02
9.920973471882742842e+02
9.928134241720636055e+02
9.943914539475122183e+02
9.954902510999617107e+02
9.961569831275819524e+02
9.969305175806507577e+02
9.978047498339835784e+02
9.987503313190137533e+02
1.000333481464418128e+03
1.001362043165504474e+03
1.002142843872000526e+03
1.002971785849642743e+03
1.004060442870454153e+03
1.005057078049250663e+03
1.006362202575939932e+03
1.007447299297203813e+03
1.008688234829823841e+03
1.009896296341306993e+03
1.010914609880019952e+03
1.012175128714337916e+03
1.012725627796123945e+03
1.014235399472524932e+03
1.015365406718869963e+03
1.016413346521813537e+03
1.017298503746115330e+03
1.018150161802980051e+03
1.019245441625229660e+03
1.020116881652164238e+03
1.021631966866375251e+03
1.022235614549900674e+03
1.023040131733558496e+03
1.024084035728489425e+03
1.025119676220490646e+03
1.027083188395013167e+03
1.027634673532589204e+03
1.028255439176771688e+03
1.028728153077091747e+03
1.030874481665769054e+03
1.031922963636415489e+03
1.032343916679690892e+03
1.032856921442160910e+03
1.034300111967408611e+03
1.036007566278649620e+03
1.036877824243373652e+03
1.038362770583148404e+03
1.039579637222459496e+03
1.040050338407181698e+03
1.040417463674049486e+03
1.042030492260003939e+03
1.043208002615174792e+03
1.044133553269832191e+03
1.045332040451718967e+03
1.046048460189314937e+03
1.047505552601173349e+03
1.048377879309534819e+03
1.049361304839096192e+03
1.050487192212293849e+03
1.051153000598968674e+03
1.052192811977884503e+03
1.052564497232299800e+03
1.053283884194628172e+03
1.054275752033938488e+03
1.055217898641371221e+03
1.056035527775917899e+03
1.056637295269150172e+03
1.058421551339518828e+03
1.059099638937154850e+03
1.059830120327284021e+03
1.061119094354337903e+03
1.062133711675380937e+03
1.062585939244316251e+03
1.063502149473903046e+03
1.064365498852836481e+03
1.065041223474017443e+03
1.066013860923090078e+03
1.067147268022003573e+03
1.068455006085020159e+03
1.069516684774293026e+03
1.069681961956976465e+03
1.070637306197452972e+03
1.071597289458110708e+03
1.072305882944440782e+03
1.073263327634468851e+03
1.074013267063677858e+03
1.075217898524860402e+03
1.077148172054223551e+03
1.077945314109230594e+03
1.078440697714036105e+03
1.079641454363514413e+03
1.080788788547957211e+03
1.081409823627864398e+03
1.082375791883397824e+03
1.084007877308916704e+03
1.084640092808210738e+03
1.085582293374618530e+03
1.086603036885335541e+03
1.087417812157804519e+03
1.088687558076532696e+03
1.089796021749096099e+03
1.090051044483996748e+03
1.091136393841615018e+03
1.091670472380534193e+03
1.092650191649307999e+03
1.093655419048375279e+03
1.094943119263981089e+03
1.095514896450122478e+03
1.097188200850524936e+03
1.097543996044983260e+03
1.098508268186236364e+03
1.099514770035228821e+03
1.100441488240309354e+03
1.102046132269345662e+03
1.103203624574018477e+03
1.104093877377012177e+03
1.104934861803925514e+03
1.105241834789857421e+03
1.106951117314118846e+03
1.108243914271778067e+03
1.108939694504250838e+03
1.109755933714413914e+03
1.110812883371266253e+03
1.111415685948262990e+03
1.112206089575533952e+03
1.113092420575685310e+03
1.114353595301476162e+03
1.114830446307409829e+03
1.116420692198548295e+03
1.117048196257486779e+03
1.118560206729925994e+03
1.119187113975523971e+03
1.120047834333948913e+03
1.121274896101691411e+03
1.122110811540998611e+03
1.122770129640864525e+03
1.124488687450298130e+03
1.125447489218969395e+03
1.126558483450811082e+03
1.128332562122333911e+03
1.129059350156633400e+03
1.129506844009624956e+03
1.130869094125417178e+03
1.131654696349885626e+03
1.132673260723036947e+03
1.133375422394723500e+03
1.134373279792756648e+03
1.135089956521685053e+03
1.135757202473058669e+03
1.136069843042294451e+03
1.137164785201840004e+03
1.139112863359070616e+03
1.140593630508736169e+03
1.141372084905113525e+03
1.142320624634102614e+03
1.143342958162724926e+03
1.144416954830295481e+03
1.146126281314913740e+03
1.147354954602032194e+03
1.147975094409423036e+03
1.148692226176228587e+03
1.149731039599345877e+03
1.151670232144595730e+03
1.152260246156990888e+03
1.154143418939018147e+03
1.154513188265917961e+03
1.155972664158372481e+03
1.157059347470520606e+03
1.158356208062302585e+03
1.159645199608247367e+03
1.160580642137509130e+03
1.161650448924504190e+03
1.162466567140798134e+03
1.163207109823352312e+03
1.164349843013412510e+03
1.165658142776494515e+03
1.166340112585220822e+03
1.167512287662045537e+03
1.168551999474755121e+03
1.169305601239531825e+03
1.170514783870016799e+03
1.171008704552472636e+03
1.172510110172569057e+03
1.173277310640386759e+03
1.174479389935688232e+03
1.175063611033771394e+03
1.175678813178298697e+03
1.176635936915432467e+03
1.179011885287146697e+03
1.179599659483169035e+03
1.180670086609703276e+03
1.181844133180586368e+03
1.182362979461680197e+03
1.184288400843069212e+03
1.185068430423287737e+03
1.186094188328165956e+03
1.186846675733491793e+03
1.188137205020090732e+03
1.188617281712710337e+03
1.189631923036094577e+03
1.190979268741839860e+03
1.191670246460513226e+03
1.192647842333720064e+03
1.193067842688566543e+03
1.193396310291201871e+03
1.194462885875091615e+03
1.195516318219036748e+03
1.196904338528865082e+03
1.197194339438938641e+03
1.198114319927405404e+03
1.198559950101231152e+03
1.200235695053897416e+03
1.200875689703488661e+03
1.201583877077271154e+03
1.202795397747326206e+03
1.203856663837242650e+03
1.204823493037242997e+03
1.206109597755336836e+03
1.206963678746425103e+03
1.207819162086862434e+03
1.209178708807883368e+03
1.210140721985389973e+03
1.211129551093065857e+03
1.212168472745882127e+03
1.213997050204829520e+03
1.215008465085707030e+03
1.215536723320258943e+03
1.216707574957176803e+03
1.218344237359444378e+03
1.219268484975775891e+03
1.220065783803979684e+03
1.220871329521842199e+03
1.222632500970507863e+03
1.224399934675048826e+03
1.224797743113792421e+03
1.226157487385504965e+03
1.227134549922009001e+03
1.228107599795923306e+03
1.229185711987122659e+03
1.230044065991548905e+03
1.230754840009498366e+03
1.231468947452312023e+03
1.233462475784048365e+03
1.234270544006762293e+03
1.234844083746038223e+03
1.236021482758547108e+03
1.237052333444186161e+03
1.238134468775507457e+03
1.239165572945763870e+03
1.239665940241125782e+03
1.240348976106506143e+03
1.241919372491257036e+03
1.242568644235497914e+03
1.243921461280473522e+03
1.245114895061826246e+03
1.245938410939624646e+03
1.247033449045409270e+03
1.247626148692258539e+03
1.247985658628863803e+03
1.249065154282038520e+03
1.250347031582045929e+03
1.251625626606628884e+03
1.252484982053274052e+03
1.253566695709672786e+03
1.254728006700227070e+03
1.255939915692552631e+03
1.256323004942985790e+03
1.256671163886988779e+03
1.258202101161677092e+03
1.258299471548584279e+03
1.260764964322199148e+03
1.262338128059183418e+03
1.263219649530798506e+03
1.263702200460524637e+03
1.264530499921074806e+03
1.265434992109600444e+03
1.266385337325290266e+03
1.266970440692544344e+03
1.268862742823028157e+03
1.269526331531457799e+03
1.270352027735862521e+03
1.271461482590490732e+03
1.272195953478362753e+03
1.273048877903821221e+03
1.274225453336423698e+03
1.275256001605014035e+03
1.276220841430894097e+03
1.277327719095742395e+03
1.277987771796123297e+03
1.278829785818483515e+03
1.280462080978953736e+03
1.280946428214498610e+03
1.283551944913136367e+03
1.283875005969063523e+03
1.284886292582511032e+03
1.285796365312086209e+03
1.286478837590246258e+03
1.287963011919391192e+03
1.288937635324659823e+03
1.289529044534240029e+03
1.290256557821214074e+03
1.291169247911992898e+03
1.293125108393191795e+03
1.294020298488646858e+03
1.295044349916291139e+03
1.295532233880599051e+03
1.297127965549038208e+03
1.297675492565670311e+03
1.298577829795490743e+03
1.299722333696666055e+03
1.300489478143853376e+03
1.300933532039887950e+03
1.301616944818594220e+03
1.303594534452670587e+03
1.304301032781014328e+03
1.305675851923827167e+03
1.306222575666426565e+03
1.306408547774580711e+03
1.308755975130184197e+03
1.309276544645461627e+03
1.310878773077762844e+03
1.311408535443529217e+03
1.312217033247712379e+03
1.313329910036968158e+03
1.315200449778704751e+03
1.316241310780882031e+03
1.316795898283286533e+03
1.317422474367510404e+03
1.318880431385369093e+03
1.319869718711605856e+03
1.320962964931974511e+03
1.321376096034495276e+03
1.322421079865011734e+03
1.323387982355373651e+03
1.324508149845243224e+03
1.325072342283926901e+03
1.326100448794322119e+03
1.327970394158253384e+03
1.328324353799409209e+03
1.329434342482292095e+03
1.330110991085628029e+03
1.331317129560909734e+03
1.332313888357100950e+03
1.332534069113029773e+03
1.334005864692386467e+03
1.335279528798735555e+03
1.336900921412213620e+03
1.337564746637004646e+03
1.338344523661683525e+03
1.338765117566288609e+03
1.339617061262724064e+03
1.341454732591295169e+03
1.342297145334972811e+03
1.343727346719282423e+03
1.344306086842922468e+03
1.345708490179341879e+03
1.346631789231431640e+03
1.346893794593515850e+03
1.347964583733424888e+03
1.349131915527967067e+03
1.349861677818543967e+03
1.350846507670167512e+03
1.351682758454726354e+03
1.352763409296372174e+03
1.353097260594948239e+03
1.353979683082680594e+03
1.354146668043033287e+03
1.355261595695390270e+03
1.356589539103334801e+03
1.357781581779059934e+03
1.358385798073617707e+03
1.358562960538740072e+03
1.360057971108889888e+03
1.361022348034599872e+03
1.362168101324502004e+03
1.362508611777883971e+03
1.363928771071748542e+03
1.365416602950019751e+03
1.367386094219608594e+03
1.367782520138470090e+03
1.369205428794701447e+03
1.370506311875651818e+03
1.370767497854501698e+03
1.372101724028210811e+03
1.372952929315152460e+03
1.373559727258969360e+03
1.374333532978273752e+03
1.375906917335278195e+03
1.376936507269653930e+03
1.377352150549031421e+03
1.378828776200701896e+03
1.379560539615216612e+03
1.381079993650937013e+03
1.382332018882793363e+03
1.383509456907959702e+03
1.384532475902036367e+03
1.385305730505285283e+03
1.386241912047360529e+03
1.387464030953314705e+03
1.388487680873670115e+03
1.389345289069366572e+03
1.390673996949823959e+03
1.391637362099780148e+03
1.392925815414415865e+03
1.393580553923578691e+03
1.394123337720811605e+03
1.395939933581208606e+03
1.396633882076997679e+03
1.397425929027458096e+03
1.398330756014217741e+03
1.399209020438644302e+03
1.399667261286191888e+03
1.401291069190652479e+03
1.402215856376346892e+03
1.402654591776465622e+03
1.403683381766889852e+03
1.404193292515531766e+03
1.405838011097619983e+03
1.407269977831694632e+03
1.408838615856614751e+03
1.409171907297154803e+03
1.409745726314354215e+03
1.411292029689125002e+03
1.411670955083486433e+03
1.413847160891773456e+03
1.414854219164122924e+03
1.415577108913290203e+03
1.416145219484554673e+03
1.417163623392943009e+03
1.418004477976514409e+03
1.418875870854464438e+03
1.419633397871728675e+03
1.421228501538963201e+03
1.422515051778826091e+03
1.423422507133537010e+03
1.424829391243145210e+03
1.425931339983663065e+03
1.426518954912541858e+03
1.427400192694252382e+03
1.430929506427324441e+03
1.431336180203602453e+03
1.432762271039408461e+03
1.433880430657976376e+03
1.434452648315278111e+03
1.435274733018043662e+03
1.436612372029078642e+03
1.437586164900706990e+03
1.438553322422796555e+03
1.439189698611890663e+03
1.440717669655712598e+03
1.441164252088072999e+03
1.442540192092373900e+03
1.443105845880178549e+03
1.444446271549930316e+03
1.444771952940262281e+03
1.446261989331706673e+03
1.446417185160545159e+03
1.447873474547415071e+03
1.448769470667645237e+03
1.449706858791464128e+03
1.451038138060075198e+03
1.451595911166012911e+03
1.453082103607560839e+03
1.453802968759517626e+03
1.454624154542133510e+03
1.455612834725381845e+03
1.456384711481923432e+03
1.458499621284717705e+03
1.459434239896228974e+03
1.460188552779601650e+03
1.461110486859989123e+03
1.462464959426294854e+03
1.464069871663577715e+03
1.464576662919396085e+03
1.465471306969826401e+03
1.466369793866690088e+03
1.467538665098659749e+03
1.468311249864737874e+03
1.469408083582814015e+03
1.469993451477222607e+03
1.471157964282844432e+03
1.471917747758542646e+03
1.472463429433105375e+03
1.473165536336111927e+03
1.474032928049951806e+03
1.474949121608976611e+03
1.475650096164192064e+03
1.476876488768009494e+03
1.477973493754555648e+03
1.479390723536544101e+03
1.480107895821155125e+03
1.481148777683803246e+03
1.481349904152697036e+03
1.482505222202632012e+03
1.483439973442724522e+03
1.483790935553419786e+03
1.484827440437072255e+03
1.486719037980203211e+03
1.487809835689639158e+03
1.488915557694458130e+03
1.489561690639334529e+03
1.490768280425511875e+03
1.492059581406301731e+03
1.493260577906531807e+03
1.493625311060621698e+03
1.495174994425514342e+03
1.496504150783460318e+03
1.497192711716746544e+03
1.498450514099679140e+03
1.499231762148458984e+03
1.500308054541813590e+03
1.501119167163689326e+03
1.502201043735484063e+03
1.502835793786109662e+03
1.504894418037365995e+03
1.505396446784758382e+03
1.505961810161921676e+03
1.506637817072371718e+03
1.507890699306770557e+03
1.508887600137477421e+03
1.510281482372013670e+03
1.510654580282860479e+03
1.511336256032657275e+03
1.512357748268640989e+03
1.513702395587393994e+03
1.514649976157324090e+03
1.515827327523750455e+03
1.517087264745902303e+03
1.517434607458306346e+03
1.518138795692567555e+03
1.519447370007623704e+03
1.520306298474344658e+03
1.521151351495944709e+03
1.522085654918292903e+03
1.522614579321203337e+03
1.523712918996932558e+03
1.524704050875488974e+03
1.526487115548718975e+03
1.526923947568703170e+03
1.528191128589564869e+03
1.528795197871606888e+03
1.529242538694540372e+03
1.530638378207319420e+03
1.531485700405134367e+03
1.532893826259707339e+03
1.533692852512323270e+03
1.534292828031089584e+03
1.535711498417647590e+03
1.537362219260923894e+03
1.538189995604300293e+03
1.539846968742691843e+03
1.540791413749004732e+03
1.542226037916915629e+03
1.542760402983274616e+03
1.544091951762411782e+03
1.545454631829534037e+03
1.546585947473477518e+03
1.547155561891420120e+03
1.548150513765159985e+03
1.548672150877800505e+03
1.550643380167730356e+03
1.551888064441053075e+03
1.552413455249884692e+03
1.553291509166747346e+03
1.553827642298751016e+03
1.555302233025741998e+03
1.556012641072363522e+03
1.557854641213325294e+03
1.558643676380669604e+03
1.559208459305697488e+03
1.560180558692499744e+03
1.560935574528494271e+03
1.562417976006433264e+03
1.563145476256494021e+03
1.564615855544868737e+03
1.565150422478432120e+03
1.565605019545699861e+03
1.566638868604190293e+03
1.567563641616176483e+03
1.568664411930245251e+03
1.569542918092121681e+03
1.570024140678202684e+03
1.570964299830721529e+03
1.572471714668269669e+03
1.573662306335870426e+03
1.575347799851148238e+03
1.576408791467028550e+03
1.577223188347479891e+03
1.577866063027392556e+03
1.579008630316720655e+03
1.580069872492581453e+03
1.581318658989832784e+03
1.582257735497315480e+03
1.582858286730893724e+03
1.583428907412253693e+03
1.585307029773114664e+03
1.586167653812670324e+03
1.587062826646119674e+03
1.588019638054495545e+03
1.589607900691347822e+03
1.590235270229201888e+03
1.591309509276697099e+03
1.592530751408131664e+03
1.593552402921930934e+03
1.594915538272488902e+03
1.595399954584235047e+03
1.596780169712470524e+03
1.597714397662451574e+03
1.599222469112594808e+03
1.600115350932180263e+03
1.601308615514098392e+03
1.601894095930077128e+03
1.602499377335657300e+03
1.603331789242178729e+03
1.604474878255111207e+03
1.605243573112922832e+03
1.605698429151713754e+03
1.607248684348640836e+03
1.608708063550308907e+03
1.609846181986827105e+03
1.610719054931519395e+03
1.611673648787039610e+03
1.612216325642495121e+03
1.613028347840285505e+03
1.614249062118480651e+03
1.614698802291683933e+03
1.616460695425807671e+03
1.617421549009715136e+03
1.618606170313001257e+03
1.619761410472082389e+03
1.621398043613401114e+03
1.622130108503989732e+03
1.623366012343855346e+03
1.624821291758795951e+03
1.625276414977210379e+03
1.625723179395257148e+03
1.626324170300158812e+03
1.627025944262251414e+03
1.627856264688723513e+03
1.629031539715633699e+03
1.630106626739086096e+03
1.631446822916920610e+03
1.632845842119818371e+03
1.633671533972774796e+03
1.634621476729564165e+03
1.635619587975061904e+03
1.636121043006765603e+03
1.637014761692752018e+03
1.637674226516072395e+03
1.638920627635000073e+03
1.640396918976198094e+03
1.641187975406712212e+03
1.642149090693931385e+03
1.642757611557427936e+03
1.643827783104804894e+03
1.645726178506172346e+03
1.647241528769207434e+03
1.647657028863167398e+03
1.648982019242476554e+03
1.650085093136655360e+03
1.650454882239094559e+03
1.650940854436900054e+03
1.651718413399972178e+03
1.652379828818800434e+03
1.654481602567699611e+03
1.655932330298008992e+03
1.656400051416071847e+03
1.657167874195769855e+03
1.657868477009883463e+03
1.658461709051131493e+03
1.660111373438883220e+03
1.661137445962709990e+03
1.661917316841210777e+03
1.662705008800903670e+03
1.664127889107109468e+03
1.664459168676683248e+03
1.665207999067108403e+03
1.666108855108684793e+03
1.667143501469774492e+03
1.667720023996041164e+03
1.668551859472075421e+03
1.669649946059855210e+03
1.670378511484743285e+03
1.671459489904960719e+03
1.672722183525175979e+03
1.673538774893860591e+03
1.674084363667984690e+03
1.674593660325458131e+03
1.675708562241798973e+03
1.676902136332443433e+03
1.678674624795175077e+03
1.679510714698381662e+03
1.680924576060638174e+03
1.682059466488550015e+03
1.682714445048278094e+03
1.684141315797077141e+03
1.685315374751868376e+03
1.685575597195412911e+03
1.686818207148413649e+03
1.688467294647246035e+03
1.689563792876186426e+03
1.690771624438913022e+03
1.691171783666419969e+03
1.692433458245642896e+03
1.693236557466239447e+03
1.694893581726498041e+03
1.695260816143149668e+03
1.696180909462424097e+03
1.697295334676885204e+03
1.698038603966207575e+03
1.698284192109000514e+03
1.699917253054073853e+03
1.700740578478866155e+03
1.701578894024346710e+03
1.703022058195034560e+03
1.703639724852064091e+03
1.705545721880505425e+03
1.706315877656117436e+03
1.707999431190835367e+03
1.708809757042175988e+03
1.709879055293068632e+03
1.710972055526229951e+03
1.711583716982951955e+03
1.712993750246892887e+03
1.714601552564914982e+03
1.714906986142806090e+03
1.715811174565248621e+03
1.716974806229916794e+03
1.717872853356173209e+03
1.719462882310126133e+03
1.719862802402815078e+03
1.721016226099007781e+03
1.721800684431487070e+03
1.722589954384138309e+03
1.722952269645664728e+03
1.724874439464569150e+03
1.725899553329394166e+03
1.727374394857202333e+03
1.727765574312468971e+03
1.729178622486193944e+03
1.730475986566560096e+03
1.731861035873304900e+03
1.732573854756594528e+03
1.734451230858458302e+03
1.735392488121134647e+03
1.736671786457497547e+03
1.737042685981966088e+03
1.738172236249913567e+03
1.739694774487465111e+03
1.740455457262092750e+03
1.740752214547923586e+03
1.741699278710503904e+03
1.742474488164180912e+03
1.743792649953007867e+03
1.744192928656622144e+03
1.745523850326565707e+03
1.746649289083266012e+03
1.747494013304271903e+03
1.748323377087365316e+03
1.750014851008519372e+03
1.750436114694928392e+03
1.750955166242699079e+03
1.753098444184566915e+03
1.753576631667728861e+03
1.754570747484965750e+03
1.755136467842598904e+03
1.756741008186805175e+03
1.757111652082944147e+03
1.758509121226536763e+03
1.758752631646878399e+03
1.759738434661723886e+03
1.761642188003330830e+03
1.762373246864639668e+03
1.762715845090938728e+03
1.764695788325892181e+03
1.765286025266487286e+03
1.766147330932398063e+03
1.766664170517460661e+03
1.767081819912175206e+03
1.769011326358985798e+03
1.769705102949405045e+03
1.771439336094582586e+03
1.771742244060420262e+03
1.772934345245853592e+03
1.774356664913773329e+03
1.775006711270667665e+03
1.775599562313139359e+03
1.776602933083945800e+03
1.777814843842750861e+03
1.778496446286826540e+03
1.780286008943675370e+03
1.781054965202386256e+03
1.782394085992405508e+03
1.782942652643195288e+03
1.784415202603913258e+03
1.784931982961312769e+03
1.785807133723944844e+03
1.786169721918827008e+03
1.788161281431881434e+03
1.789604499847311217e+03
1.790875030874817639e+03
1.791811312133080264e+03
1.792702499875576677e+03
1.793865056676505901e+03
1.794727752193250353e+03
1.795099409066079716e+03
1.796769963559934467e+03
1.797357673429130045e+03
1.798527551094615774e+03
1.799405423253549998e+03
1.800540360036780839e+03
1.801983613409751797e+03
1.802527248647671286e+03
1.803781100750205951e+03
1.804427416512616219e+03
1.805992385619479364e+03
1.807504701365819983e+03
1.808268080789087435e+03
1.808791688849700222e+03
1.809831410739476951e+03
1.810536694914364716e+03
1.811375435828117133e+03
1.812485163972606870e+03
1.813683687882763479e+03
1.815074249651886021e+03
1.816048213972803296e+03
1.816782172129434002e+03
1.817737216499592023e+03
1.819193435804177398e+03
1.820577287308910400e+03
1.821099714220346414e+03
1.821706985258147142e+03
1.823005344327307967e+03
1.823423691301742338e+03
1.824408182284916165e+03
1.825071236136615653e+03
1.826941928657253129e+03
1.827783966630702253e+03
1.829790572595457206e+03
1.830316649962675001e+03
1.830565023195762478e+03
1.830996845784591187e+03
1.832386568960592513e+03
1.832791677645255049e+03
1.834751512493642167e+03
1.836067840222232007e+03
1.836807482276643896e+03
1.837500916131405802e+03
1.838517055577487326e+03
1.839110021365329203e+03
1.840570309166420429e+03
1.841681300597113477e+03
1.842372546739914014e+03
1.842706749658600984e+03
1.844706466085671991e+03
1.845143134642803943e+03
1.846234254204552599e+03
1.846967575510051574e+03
1.847824021646247047e+03
1.848586962278678129e+03
1.848764834200293535e+03
1.850432035888906285e+03
1.850676514753508400e+03
1.851774494155882849e+03
1.852986181165715379e+03
1.853938205489802613e+03
1.854491129535427945e+03
1.855461062342361402e+03
1.856715656170820239e+03
1.858232257254094293e+03
1.859057002922643278e+03
1.860031177156429067e+03
1.860576775760397368e+03
1.861409198847351036e+03
1.862194021841740778e+03
1.863526131404145872e+03
1.864021755494767604e+03
1.864994121102120516e+03
1.865944904360511828e+03
1.867491944109814540e+03
1.868067028396933893e+03
1.868851914706994421e+03
1.870272392625561224e+03
1.870864695893338194e+03
1.873191332341604266e+03
1.874059739373500179e+03
1.874603186077000828e+03
1.875695370566050997e+03
1.876668634768792344e+03
1.877737732124348895e+03
1.878216274415622593e+03
1.878569229424260357e+03
1.880024087185521239e+03
1.880639131072887722e+03
1.882305540263545026e+03
1.883265808470967841e+03
1.883386414008634347e+03
1.884649816917483349e+03
1.886268119334039056e+03
1.887122985556778985e+03
1.888607213387402908e+03
1.889579325402053200e+03
1.891098670101105427e+03
1.892407187453536608e+03
1.893583243785971945e+03
1.894680395474878424e+03
1.895773635453339239e+03
1.896566178068401769e+03
1.897317749610404690e+03
1.899066788737865409e+03
1.899192174355715906e+03
1.900128275567358969e+03
1.900943589957191307e+03
1.902404365023835453e+03
1.904232871162954552e+03
1.905326383873046325e+03
1.906172518814807745e+03
1.907113903432777079e+03
1.907853447728706669e+03
1.909085327385559140e+03
1.910210506850390175e+03
1.912184696345521843e+03
1.912693834672719277e+03
1.914319098473420127e+03
1.915189630770614485e+03
1.917316077499661787e+03
1.917963253760437055e+03
1.919017384751829013e+03
1.920263087454003880e+03
1.921281225663776695e+03
1.922080483925431508e+03
1.923012685727195276e+03
1.923706251703636781e+03
1.924352895707015477e+03
1.926015301415114209e+03
1.927129534134442792e+03
1.927852785368590048e+03
1.928695978199968067e+03
1.929444180436336865e+03
1.929783106972008227e+03
1.930320713380168399e+03
1.931615877256779186e+03
1.932765769586199895e+03
1.934399864977044672e+03
1.935315470391174358e+03
1.935985306547856453e+03
1.936822097539266451e+03
1.937953370318401312e+03
1.938596282698458253e+03
1.939852750022714872e+03
1.941161526856252749e+03
1.942084909973320464e+03
1.942978922910055189e+03
1.944226243299168345e+03
1.944599650470154302e+03
1.945887852715090730e+03
1.946732965221217682e+03
1.947627249055831726e+03
1.949808085977830387e+03
1.950382599375991049e+03
1.951597897444752562e+03
1.952699447392918046e+03
1.953090976047185222e+03
1.954181928536437226e+03
1.955080882323739843e+03
1.955551390858456671e+03
1.956671904047730550e+03
1.957248162238802252e+03
1.958371554223622752e+03
1.959084658058738569e+03
1.959929818745276862e+03
1.960400778590594882e+03
1.960820853303547665e+03
1.962499642548833435e+03
1.963415091668606237e+03
1.964722544589884819e+03
1.965039695797325749e+03
1.966531784833021447e+03
1.967601741819504696e+03
1.968990621549177831e+03
1.969839079211801391e+03
1.970964469306769388e+03
1.971769634906797364e+03
1.972388129153397131e+03
1.973627417257792104e+03
1.974244048229767031e+03
1.975004931750695505e+03
1.976145521127245956e+03
1.977570090482790647e+03
1.978048066557062157e+03
1.979401251644991589e+03
1.979913096819850125e+03
1.981542267677764812e+03
1.982656075336102731e+03
1.982809970102608531e+03
1.983913487184922360e+03
1.984849663134034927e+03
1.986507899120093271e+03
1.986797064670059854e+03
1.987353923277473086e+03
1.989030283240013432e+03
1.989523341319042174e+03
1.990823901381956830e+03
1.992119463802755490e+03
1.993457151646762668e+03
1.993997518406487870e+03
1.995455910582765910e+03
1.996486808097980202e+03
1.996973361969387497e+03
1.998715513943250244e+03
2.000285304739288222e+03
2.001316871594096028e+03
2.001714985625830195e+03
2.003163267221641263e+03
2.004531878866700481e+03
2.005266849362958510e+03
2.006144990001755332e+03
2.007442590757967992e+03
2.008359615170592406e+03
2.009436287506583540e+03
2.009999045922409778e+03
2.010800465018911382e+03
2.011931745880848439e+03
2.012603762248622843e+03
2.013214446618976581e+03
2.014815213048601890e+03
2.015815522288231023e+03
2.016934981219088286e+03
2.018001899425541296e+03
2.018663556057947517e+03
2.019668615031103400e+03
2.021003332646320587e+03
2.021679223074284437e+03
2.022462820782908921e+03
2.023360797233555786e+03
2.024461970802086853e+03
2.025414232611488842e+03
2.026867482801559390e+03
2.027289410310664607e+03
2.029772129128212782e+03
2.030585433608510812e+03
2.031342404171427461e+03
2.031584640397930798e+03
2.033586062388983919e+03
2.034627722843943957e+03
2.035963998795021780e+03
2.036558530353734113e+03
2.037955039564138360e+03
2.039397476758111225e+03
2.039892325471078038e+03
2.041190000410025277e+03
2.041831595448027656e+03
2.042120707809672467e+03
2.043762014192446713e+03
2.044552220404901391e+03
2.045942969987767128e+03
2.046438399809190287e+03
2.047250305206788880e+03
2.048585623381291043e+03
2.049774154162924333e+03
2.050915782806155221e+03
2.051654046527334685e+03
2.052782021808091940e+03
2.053656836650503465e+03
2.054740482418305419e+03
2.056032713965431867e+03
2.056508044919494751e+03
2.057547121457327194e+03
2.058329106219103778e+03
2.058919617633701819e+03
2.059679777001135335e+03
2.060844074203678701e+03
2.061995499284606922e+03
2.063643758802968023e+03
2.063785073094826657e+03
2.064586272322668265e+03
2.065429951287572749e+03
2.066717634788924897e+03
2.067249213221424725e+03
2.067898474066691961e+03
2.068744649608336658e+03
2.069711301103548976e+03
2.070509805735904592e+03
2.071468719835107095e+03
2.072522727063746515e+03
2.073957229350610305e+03
2.075683684561319296e+03
2.076082449774960423e+03
2.077037759685831588e+03
2.077988712057905559e+03
2.079090778422949370e+03
2.080347023396056102e+03
2.081429217309021624e+03
2.082961057084593449e+03
2.083393044173353701e+03
2.084428158508496381e+03
2.085634217421880749e+03
2.086865372988486797e+03
2.087941958485604118e+03
2.088789275191931210e+03
2.089383431610925072e+03
2.091183380430446505e+03
2.091888436188861306e+03
2.092399356487371278e+03
2.093628602549078096e+03
2.096690059696909884e+03
2.097354294292864324e+03
2.097821468537835244e+03
2.098497670442039180e+03
2.099374258079799802e+03
2.101410049832768891e+03
2.101822787550913745e+03
2.102852459874565739e+03
2.104035526236013538e+03
2.104444083625532130e+03
2.105345618020030997e+03
2.106369916854496751e+03
2.107099873016371021e+03
2.108311442986548627e+03
2.108872487738819927e+03
2.110260568496291853e+03
2.111303932056765916e+03
2.112333446375824678e+03
2.113147518781263443e+03
2.114471195206151151e+03
2.115319116026157644e+03
2.116170884014868079e+03
2.116482125697455558e+03
2.117221347279631118e+03
2.118828948711995963e+03
2.120495818440601397e+03
2.121071280006054621e+03
2.122363703388579779e+03
2.123054328957254711e+03
2.123470713980900655e+03
2.125434188542434640e+03
2.126107554496962166e+03
2.127050561454562285e+03
2.128574795590761823e+03
2.129215710038947691e+03
2.130015768442443004e+03
2.130740636620236728e+03
2.132082878463177167e+03
2.132761840950492115e+03
2.133710152306074633e+03
2.134881317591419702e+03
2.136295400670906929e+03
2.136717835816413753e+03
2.137448850394710462e+03
2.138428507206704126e+03
2.138848650456475298e+03
2.140751393675294821e+03
2.142002208915548181e+03
2.142923846718081222e+03
2.143709109106667711e+03
2.144906014125602724e+03
2.145019091269481123e+03
2.145589521859625165e+03
2.146379098140565475e+03
2.147743444453792108e+03
2.148864895533783056e+03
2.149894441194843239e+03
2.150640789092845807e+03
2.152157729383508013e+03
2.153053445900762654e+03
2.153609840160478598e+03
2.154833237367959555e+03
2.156110258004212483e+03
2.157763062315490060e+03
2.159392116034370247e+03
2.160058268482744552e+03
2.161308731266748055e+03
2.161969915001383015e+03
2.163623672308194728e+03
2.164744424576931124e+03
2.165253632105764154e+03
2.167258428105603343e+03
2.168118869148195699e+03
2.169643339104566166e+03
2.170335212227325883e+03
2.171426031622129813e+03
2.172089059018479020e+03
2.172755697981159301e+03
2.174048311511729480e+03
2.174607138055320775e+03
2.175873604000894829e+03
2.176532402674006335e+03
2.177527355848801562e+03
2.179140041391824980e+03
2.179665044939332347e+03
2.181149596100581221e+03
2.182443208759266781e+03
2.183006596870770409e+03
2.183889098542673310e+03
2.185404493331366666e+03
2.186085666834803760e+03
2.186818852144439916e+03
2.187652114317804717e+03
2.188242809748071522e+03
2.189125321198860547e+03
2.190328132100118182e+03
2.191008093127851680e+03
2.191664738963204400e+03
2.192627450397317261e+03
2.194121783314089953e+03
2.194440785152008630e+03
2.195682412951767219e+03
2.196448765691653989e+03
2.196987635158742250e+03
2.198350910196034420e+03
2.199861395668505793e+03
2.201165655210193108e+03
2.201882405333685711e+03
2.202539135731921760e+03
2.203855529984959048e+03
2.205585528551770494e+03
2.205885058725065392e+03
2.207365163071821826e+03
2.207851564593796866e+03
2.208828266741090829e+03
2.210224498388241955e+03
2.210991217935263194e+03
2.212187778882857401e+03
2.212881984213767737e+03
2.213724037813464747e+03
2.215019621571904281e+03
2.215654116594493644e+03
2.217059362473055444e+03
2.217424699789447914e+03
2.219301998285835907e+03
2.220317347530982715e+03
2.221310540272409071e+03
2.222209268609101400e+03
2.222873417678266833e+03
2.223721004447483665e+03
2.224603550306160287e+03
2.225448170895393559e+03
2.225970856452781845e+03
2.227259158275185655e+03
2.227793416416315267e+03
2.228428168695338627e+03
2.229678966621018844e+03
2.231226454995836320e+03
2.232657694370008358e+03
2.233077748456586050e+03
2.234101996605279965e+03
2.234807718812122403e+03
2.236281063445178916e+03
2.236794371596601195e+03
2.238500486450100652e+03
2.239169400132412648e+03
2.240639002265310410e+03
2.242046278719924430e+03
2.242639331263717395e+03
2.243209388260214837e+03
2.244113959945539591e+03
2.245421096883493647e+03
2.246863633227631908e+03
2.247842235793593773e+03
2.248457373481284321e+03
2.249668072081042737e+03
2.251423990870752277e+03
2.252254581826046433e+03
2.253182489588357839e+03
2.255208106741211395e+03
2.255922338720263269e+03
2.256534235348452512e+03
2.257691721401078667e+03
2.259031813649760807e+03
2.259338725836176309e+03
2.260728308648836901e+03
2.261412819836371455e+03
2.261670200896842289e+03
2.263089754684498075e+03
2.264239813573956326e+03
2.264533462552230048e+03
2.266060806078342921e+03
2.267836884249703871e+03
2.268309166723025101e+03
2.269618025876234242e+03
2.270972043048492196e+03
2.272139127893686236e+03
2.272954546612665581e+03
2.273835974454108509e+03
2.274467470572762977e+03
2.275269906633292521e+03
2.277226776317400436e+03
2.277696005080117175e+03
2.278400055566565243e+03
2.278851306395280062e+03
2.280007853453742882e+03
2.280518643513253664e+03
2.281792877761130967e+03
2.282483235759847048e+03
2.283824289916588896e+03
2.285513192884743603e+03
2.285824404381009572e+03
2.287197625250288183e+03
2.287473821036877325e+03
2.288672795931436212e+03
2.289496347694090218e+03
2.291127325683533400e+03
2.292252928964370767e+03
2.293500210271363812e+03
2.294105822256106421e+03
2.294676167197140330e+03
2.295830256015939085e+03
2.297385399037088064e+03
2.298378776470021421e+03
2.298828437650337946e+03
2.299777161424230144e+03
2.300932627046534890e+03
2.302123326501287920e+03
2.302536257771188502e+03
2.303466231326134221e+03
2.305094724472363851e+03
2.306038865112335770e+03
2.307192648081660991e+03
2.308850044128454556e+03
2.309937154298913811e+03
2.310349466454757476e+03
2.311040112360040894e+03
2.311728728951909943e+03
2.313389916266030014e+03
2.314168815766199259e+03
2.315073001939899768e+03
2.315803028533397992e+03
2.316522006937066180e+03
2.317412758399442282e+03
2.318627639470095346e+03
2.319541941212627535e+03
2.320340710117321123e+03
2.321284003516216671e+03
2.322074835950214492e+03
2.323413266699802080e+03
2.324675639771166971e+03
2.326118301992230954e+03
2.327177614952579916e+03
2.327674365164516075e+03
2.328477399975377011e+03
2.330364884424865977e+03
2.331181253223567182e+03
2.331610927673331844e+03
2.332956284211449201e+03
2.333221506341651548e+03
2.334946128491801119e+03
2.335630069530713627e+03
2.336496740750473691e+03
2.337586897050855441e+03
2.339130449217210298e+03
2.339485064950990818e+03
2.340546486561249367e+03
2.342210068447177036e+03
2.342611652651436998e+03
2.344371837458958453e+03
2.345526185128418092e+03
2.346249183963811447e+03
2.346801282986795286e+03
2.347647025750434295e+03
2.348399893533774048e+03
2.350000388753809148e+03
2.351022538638769220e+03
2.353026306806119010e+03
2.353445264175240482e+03
2.354201671031056321e+03
2.356068082331159985e+03
2.356586253128081808e+03
2.357482836046876400e+03
2.358737595338403480e+03
2.359683870508038581e+03
2.360338519859337794e+03
2.361707933973390027e+03
2.362579882042833560e+03
2.363396701840621972e+03
2.364783284039680439e+03
2.365462713478216756e+03
2.366958781809945322e+03
2.368042782011683812e+03
2.368160811758343698e+03
2.368835587695780760e+03
2.369691115988716774e+03
2.370405905930888366e+03
2.371591080846131263e+03
2.372341024039485546e+03
2.373046807316114609e+03
2.374132831632174657e+03
2.374438620324032854e+03
2.375757045659770483e+03
2.376696660273547423e+03
2.378558735866822644e+03
2.380114452351573163e+03
2.381065546381517834e+03
2.382010283600952334e+03
2.382963565110851050e+03
2.384153366621548230e+03
2.384903342084534870e+03
2.386192175074781517e+03
2.387403367650290420e+03
2.388055834504330505e+03
2.389040078003967210e+03
2.390000218809808757e+03
2.391576237196350576e+03
2.392288680388730427e+03
2.393227608862007855e+03
2.394034756631072923e+03
2.395192246333235744e+03
2.396332615555134907e+03
2.397376341514623164e+03
2.398379148119145611e+03
2.398698357644550470e+03
2.399111344514044504e+03
