-5.988497334253906956e+00
-4.440907943993124718e+00
-3.819328031212080532e+00
-2.912991156410043914e+00
-8.314040490577099263e-01
6.159159731519139314e-01
1.306616848916291929e+00
1.763629368472493297e+00
3.204402734668747144e+00
4.710908690218275297e+00
6.283896278736847307e+00
7.094987041748254342e+00
7.902289674288113019e+00
8.872692482748561815e+00
1.104261708111357621e+01
1.188272424646766012e+01
1.252187855380930159e+01
1.374878828901614725e+01
1.545540229778862340e+01
1.570098399717994653e+01
1.681949557880693646e+01
1.814702736918275150e+01
1.881560746803916118e+01
2.042337287680334157e+01
2.102520469309206419e+01
2.177621020540527752e+01
2.273625220457961404e+01
2.430506488302762591e+01
2.491649854488264282e+01
2.526850608814925181e+01
2.682128585405621379e+01
2.803408441000215134e+01
3.042098174982970704e+01
3.186532908225922256e+01
3.211465358809664394e+01
3.287987583595781871e+01
3.405532525836952118e+01
3.475698687843419066e+01
3.593288150539365233e+01
3.680349185666773337e+01
3.731788806572399153e+01
3.866515097439446436e+01
3.911091862138391662e+01
3.998421189198006687e+01
4.188015565104842608e+01
4.311911334382739369e+01
4.455565265838504274e+01
4.530161104449348386e+01
4.690224380325003040e+01
4.796390695610352850e+01
5.001649099751011818e+01
5.036628289533769021e+01
5.156641106920619677e+01
5.278175410492303854e+01
5.337845214419462536e+01
5.429141229292304160e+01
5.580581713957963075e+01
5.652514596283663195e+01
5.757524796743246043e+01
5.859115392279522894e+01
5.899808033820318087e+01
6.040866115154790350e+01
6.142996646546794182e+01
6.185318046121824409e+01
6.326028908990679156e+01
6.400243178912091935e+01
6.528260657092778274e+01
6.659029704740714806e+01
6.723261168904423357e+01
6.869128953309405006e+01
6.948825312294957257e+01
6.999076644975230010e+01
7.199756791740810513e+01
7.275875353733272277e+01
7.437247112207273858e+01
7.602128973901812969e+01
7.639205826510124098e+01
7.700970760427776440e+01
7.909021399242578809e+01
8.057411394554105755e+01
8.093520434593438040e+01
8.239752900499024690e+01
8.326372852455369866e+01
8.460932950773326411e+01
8.672813040983282917e+01
8.782862903364639351e+01
8.928686830913557060e+01
9.054450553878768915e+01
9.124012292167913074e+01
9.296557051021909501e+01
9.343536783685067348e+01
9.478639054913173823e+01
9.519920428370141963e+01
9.650610327318872805e+01
9.701419113423230556e+01
9.779711887015560023e+01
9.875551633352347380e+01
9.988942112244762939e+01
1.000830248132633642e+02
1.017470922943368805e+02
1.030862602873960441e+02
1.038126839002457018e+02
1.042535473092243592e+02
1.060617709862935953e+02
1.061835540210799991e+02
1.075581840447423474e+02
1.091636416891558383e+02
1.100339955862466468e+02
1.110224400295612668e+02
1.113039285426107199e+02
1.129620463486373865e+02
1.131741051800097466e+02
1.145195852220299457e+02
1.157870531354685681e+02
1.171030141105948132e+02
1.186481133966401558e+02
1.199197086008941824e+02
1.220822456109258383e+02
1.230129316975644542e+02
1.232666225620966998e+02
1.248623182748137879e+02
1.262064118237565253e+02
1.273747959674215053e+02
1.288271764230426015e+02
1.294211367021980550e+02
1.299611369405467940e+02
1.305128008177744050e+02
1.313261678445064717e+02
1.329103729860134990e+02
1.342518526408339312e+02
1.363404602111111217e+02
1.368186687406021065e+02
1.386000703768356743e+02
1.395433229616928656e+02
1.405036970207079321e+02
1.421770129268629717e+02
1.425451524016557414e+02
1.437625012762275674e+02
1.443246790573493854e+02
1.448635414494006000e+02
1.474210274887118430e+02
1.478758696321012849e+02
1.493878601104115660e+02
1.504628598187518946e+02
1.512777311984841617e+02
1.527497259380370451e+02
1.539151534061354596e+02
1.544365763156260982e+02
1.559457263764882100e+02
1.568505835764422045e+02
1.574977617016165823e+02
1.584983513197189495e+02
1.604932952754752478e+02
1.606539822864365306e+02
1.612173334849455841e+02
1.628886402491500576e+02
1.633543773555848020e+02
1.643553048235264669e+02
1.647342384499406762e+02
1.650685709786146163e+02
1.660060422102233133e+02
1.674421259471660051e+02
1.684944564162344705e+02
1.691247013719948882e+02
1.702401835523987756e+02
1.713544327828215046e+02
1.723053798759301571e+02
1.733155715874074758e+02
1.740503830495097191e+02
1.752944385010396218e+02
1.757750264447745394e+02
1.779971562741786784e+02
1.784708393264709230e+02
1.792409816938720724e+02
1.807624884744457177e+02
1.815107177218517336e+02
1.817541100885207470e+02
1.829584247770112597e+02
1.837545909802083770e+02
1.848198584216265772e+02
1.857620507891924717e+02
1.867615193014382839e+02
1.873855953618010517e+02
1.887455346486515282e+02
1.892063338061063860e+02
1.902629453641529835e+02
1.909030979997601207e+02
1.921189551187469533e+02
1.934629041905814120e+02
1.943349457217950658e+02
1.950778666923165474e+02
1.958560183550948750e+02
1.969980305453439087e+02
1.979925533165694560e+02
1.988376871955674687e+02
1.999615825422461057e+02
2.007710397775940692e+02
2.014590739339594165e+02
2.019398301698365685e+02
2.029344369713619471e+02
2.036788632862014765e+02
2.047073028251688811e+02
2.054907561229370003e+02
2.063294702142916321e+02
2.081323594476934886e+02
2.096969748563647045e+02
2.100727097594435691e+02
2.120318867870439590e+02
2.125487246257141578e+02
2.132276229296221572e+02
2.142102881294285908e+02
2.149412693210060752e+02
2.160392140851338354e+02
2.168920074921754804e+02
2.173352216377616060e+02
2.187826757822629133e+02
2.201211903030109625e+02
2.203961381112492290e+02
2.208062096424846459e+02
2.214580523370509582e+02
2.231945363140105201e+02
2.234262988785355901e+02
2.244641535555081191e+02
2.250300575979260884e+02
2.264343467955461620e+02
2.272204245055704632e+02
2.290666223827993235e+02
2.312113798184955158e+02
2.318355230517177006e+02
2.331601017782313647e+02
2.336008711406655038e+02
2.344900903353207013e+02
2.347408861750527649e+02
2.350510164406348395e+02
2.366281058421502621e+02
2.375253009475920862e+02
2.376706044797228969e+02
2.396973415643931276e+02
2.403693464096197658e+02
2.405299792360901847e+02
2.417397808068801623e+02
2.435917238247238856e+02
2.442351143651126222e+02
2.451609961120070693e+02
2.462690213767589285e+02
2.465002464162041633e+02
2.470941636664622365e+02
2.487345526597180196e+02
2.498204390165542463e+02
2.515440674791732363e+02
2.525963473360582157e+02
2.529628386551551102e+02
2.553956226563202563e+02
2.557124672848733553e+02
2.572758490760845689e+02
2.574009629905931433e+02
2.583951560018510918e+02
2.597593793533430926e+02
2.609532575343728240e+02
2.620262731939089917e+02
2.633151719972674982e+02
2.634655948889819683e+02
2.649670349419734521e+02
2.655222399573390248e+02
2.661268920746165350e+02
2.668657852398730483e+02
2.691792914961911265e+02
2.694984944833026930e+02
2.706391592957750163e+02
2.726448240325300958e+02
2.735109451016173807e+02
2.746548259898561355e+02
2.754940363858995624e+02
2.757914556198427363e+02
2.761605438457945638e+02
2.781395910417065807e+02
2.793027075599788986e+02
2.800766828538403388e+02
2.803445046234135134e+02
2.816460206663462031e+02
2.823400181355589211e+02
2.827640419939700678e+02
2.835808345638151877e+02
2.846245175445019413e+02
2.848929422805106242e+02
2.869390910303425244e+02
2.872500180393549272e+02
2.887289803784062769e+02
2.900788071841370765e+02
2.904942210965045888e+02
2.918224607215515789e+02
2.920250208435056720e+02
2.940095987835377400e+02
2.946323114969682138e+02
2.951913859783044245e+02
2.955275930588918527e+02
2.974648592582477704e+02
2.987255381939605741e+02
2.994669558279479133e+02
2.996693460422261523e+02
3.005283459205938925e+02
3.009541158374788665e+02
3.024856834854797398e+02
3.030692074880546443e+02
3.047913501403361352e+02
3.052003507778319999e+02
3.059272848891732792e+02
3.074718327657169539e+02
3.081208813091036518e+02
3.093349546220952107e+02
3.095158516549156502e+02
3.111248182908207127e+02
3.117923457725996741e+02
3.129157089760501549e+02
3.138020868039070592e+02
3.150274257458290776e+02
3.160906662685633819e+02
3.169278774231404441e+02
3.188171858360756232e+02
3.191548542656732934e+02
3.213484852601441162e+02
3.217714721585953157e+02
3.235707988976944307e+02
3.246296702189729331e+02
3.249889362294331931e+02
3.265165454255952682e+02
3.273339701455913655e+02
3.276904122496748641e+02
3.280204049199519432e+02
3.302619820981569774e+02
3.305081251416315808e+02
3.317479493997755071e+02
3.325660660653766172e+02
3.339490393129844961e+02
3.353656122708787279e+02
3.362618691365948962e+02
3.368874268963929808e+02
3.377944254669539532e+02
3.384437139753092652e+02
3.390573005871840451e+02
3.400826654502836845e+02
3.408690825253943331e+02
3.420468809103829244e+02
3.428070499251509773e+02
3.436979037332914686e+02
3.442927059665655634e+02
3.453392055275653547e+02
3.460102757574265979e+02
3.475958010271117473e+02
3.480920416342657973e+02
3.486726244270930692e+02
3.503471576288557117e+02
3.509413048726480611e+02
3.524306780027584409e+02
3.525788537448229363e+02
3.532913413272185608e+02
3.546847125345113909e+02
3.566375855705416598e+02
3.568342283584663619e+02
3.578486667993938681e+02
3.586615190908055411e+02
3.604850268246225369e+02
3.616230524751438224e+02
3.620472276339735345e+02
3.623793583280521489e+02
3.635948803316305202e+02
3.657121454581115358e+02
3.661184505535413791e+02
3.670016547774666833e+02
3.680467730069904064e+02
3.687124194475454715e+02
3.698234192004692886e+02
3.704794275916622155e+02
3.732603062953103290e+02
3.737026535924453583e+02
3.740141558775501380e+02
3.748123490421903625e+02
3.763193855286276630e+02
3.770878207804096292e+02
3.788542230869149989e+02
3.799321350738950969e+02
3.808429059413158484e+02
3.816348219671265269e+02
3.824873785178381240e+02
3.829794356300412801e+02
3.841508524630232841e+02
3.844045067852368902e+02
3.866361373796439693e+02
3.876886462455136098e+02
3.878556013523191268e+02
3.895542829055893890e+02
3.900086554053191321e+02
3.907868666232536725e+02
3.932189567127184091e+02
3.943159134646916755e+02
3.949873268479777835e+02
3.959624140444745990e+02
3.972811893517648514e+02
3.986427831131361472e+02
3.990378198039272775e+02
4.011985291593321108e+02
4.022415506444135644e+02
4.033760951786180158e+02
4.041796555969642668e+02
4.052162046717739941e+02
4.065370699941770454e+02
4.072404616031803926e+02
4.087081285708682117e+02
4.096647520482206346e+02
4.100149661901555191e+02
4.119079016794585186e+02
4.123600489762222878e+02
4.129611805605059089e+02
4.138602641566742477e+02
4.150004459615236101e+02
4.158799351800350905e+02
4.168407155262068500e+02
4.184648646999373796e+02
4.195775761079471522e+02
4.200876987392805404e+02
4.210686152546397807e+02
4.225586460534091202e+02
4.228544720617842358e+02
4.242621918364486646e+02
4.256515344631013704e+02
4.267771881133242005e+02
4.276619280408647228e+02
4.287175485122975260e+02
4.290979887242642690e+02
4.306112586679762444e+02
4.314731341240787970e+02
4.324902060361282565e+02
4.330938212922324055e+02
4.341271640257082254e+02
4.354883722855270207e+02
4.358901143982923259e+02
4.374262554981692119e+02
4.380103915484369281e+02
4.384177804684118200e+02
4.389581122565518854e+02
4.396005368321848437e+02
4.400088031911386679e+02
4.413770735419659559e+02
4.416364142196243847e+02
4.425276466932398307e+02
4.428845520064619450e+02
4.437758846366823491e+02
4.454559154074454455e+02
4.460653317324422460e+02
4.477316627350303406e+02
4.486224655825528771e+02
4.499110598792617566e+02
4.507297978723588585e+02
4.516595130660475661e+02
4.530143561627955933e+02
4.537488477125166355e+02
4.545772028409774066e+02
4.556716180444752808e+02
4.569965801184439442e+02
4.575355647666583536e+02
4.590012804638708985e+02
4.600362985636336361e+02
4.611034221827119381e+02
4.619538998218622510e+02
4.628591957725852808e+02
4.632712176471866314e+02
4.645975570899943250e+02
4.656237262925064897e+02
4.661640749062605664e+02
4.679574116494031841e+02
4.681610249972122801e+02
4.695286360754296311e+02
4.702765611593677022e+02
4.707162335345283282e+02
4.712963961956372714e+02
4.728029528277456848e+02
4.749441351116104215e+02
4.758245343161188430e+02
4.762343109393582381e+02
4.767399679888728770e+02
4.783056022201876658e+02
4.785357482493652697e+02
4.789469891158680639e+02
4.799453983618320763e+02
4.814203513834436308e+02
4.815824652657975093e+02
4.821321513880425300e+02
4.837864703874156476e+02
4.852253690980785450e+02
4.858692739224288744e+02
4.869575875931348037e+02
4.881873215899190654e+02
4.886219662054147648e+02
4.897254406014005781e+02
4.899008027932068217e+02
4.915878662772215648e+02
4.918280758973326101e+02
4.922852991581082733e+02
4.927752504431439320e+02
4.940523247034127508e+02
4.953325043920153803e+02
4.967314628920726136e+02
4.978591399792380798e+02
4.987391473825973662e+02
5.004413165463363384e+02
5.005652742561067043e+02
5.020886292947150196e+02
5.030703859323889446e+02
5.038336437304292303e+02
5.045028292822087224e+02
5.060407248371250262e+02
5.070092928178398779e+02
5.073072179258876986e+02
5.081985693715896559e+02
5.092015795252598309e+02
5.097862128707238298e+02
5.107541647250989172e+02
5.127972435252397645e+02
5.135724168307465334e+02
5.139254325095209879e+02
5.147820590262799669e+02
5.156158791930611187e+02
5.160671121027201025e+02
5.175020882240701212e+02
5.181396940457022993e+02
5.193035419373140940e+02
5.218960642882134380e+02
5.222691812264058626e+02
5.232686259881788828e+02
5.237343007950241827e+02
5.244614474345580675e+02
5.262104192683464134e+02
5.275551557056292040e+02
5.284671779226869148e+02
5.286463975166893761e+02
5.296460966444215046e+02
5.297600702156005354e+02
5.300744658393214195e+02
5.307180702636021579e+02
5.328468893250665133e+02
5.338331569407282586e+02
5.346122864125211436e+02
5.356165188321870119e+02
5.365727705704089203e+02
5.378248125707179952e+02
5.389390230657822940e+02
5.403623922524400314e+02
5.417572106855097900e+02
5.422357856276826169e+02
5.429138477772416991e+02
5.445925714175868961e+02
5.452630146385081389e+02
5.463426360467763061e+02
5.480387727004060707e+02
5.488730912772323336e+02
5.491517966302792502e+02
5.506728310989849433e+02
5.509305857493368421e+02
5.521396000621821258e+02
5.531289504926310201e+02
5.553705582950765347e+02
5.562836112960897026e+02
5.574509740724049607e+02
5.577261015186213626e+02
5.587779416844612115e+02
5.590514784796405365e+02
5.607152253561405360e+02
5.615761860851544043e+02
5.629313401142812836e+02
5.641767399573232069e+02
5.656098220331259654e+02
5.667373400092308202e+02
5.674266427728859981e+02
5.691031823906282625e+02
5.693293967621295906e+02
5.699028318262339781e+02
5.716392257067018363e+02
5.726907850708437309e+02
5.734211597758830976e+02
5.739053503054749399e+02
5.753820895742287576e+02
5.756430429004967664e+02
5.773611730011946293e+02
5.785227831502411391e+02
5.798664646737072417e+02
5.802480780020594011e+02
5.823175945606833466e+02
5.849658400397647711e+02
5.854032447143911213e+02
5.861501912214710046e+02
5.875162396477419406e+02
5.898799270991055437e+02
5.905419007920347667e+02
5.918743923108281706e+02
5.923812540222365897e+02
5.930818044266413835e+02
5.944112246169493119e+02
5.948280756987398945e+02
5.965851288633130025e+02
5.979004026585762404e+02
5.987602849122633870e+02
5.990297076984545583e+02
5.993757849707076275e+02
6.004467487803888162e+02
6.006404187818532137e+02
6.022241456884871695e+02
6.041722701408318699e+02
6.050712817186695247e+02
6.056000721801378859e+02
6.063532392026477282e+02
6.089503833616909105e+02
6.096019140909993439e+02
6.100497111727802348e+02
6.115240608266669824e+02
6.121200983717847066e+02
6.131344877476572037e+02
6.139002050905396572e+02
6.168914304648189955e+02
6.185299677479204092e+02
6.189473381983293621e+02
6.195859442720204697e+02
6.212106793449688666e+02
6.219707572921843166e+02
6.224197020743863504e+02
6.237737741815199115e+02
6.247121449395242507e+02
6.256585105085105170e+02
6.262040366744868152e+02
6.278009853964836111e+02
6.286506311941354852e+02
6.293721997975617342e+02
6.306963230566577749e+02
6.318310703666106747e+02
6.323498364898312047e+02
6.329165441554318932e+02
6.344285487500724230e+02
6.362256685387401376e+02
6.362902155482015587e+02
6.384016530133574179e+02
6.388585069999535335e+02
6.393055196776333560e+02
6.400889406553962999e+02
6.404255405207572949e+02
6.427108725017596953e+02
6.431685792107366524e+02
6.438757702168988999e+02
6.447428033473531741e+02
6.464088064338905042e+02
6.468307647815902328e+02
6.477673541629897045e+02
6.493020168816428850e+02
6.505511437596815085e+02
6.511113822672136848e+02
6.521984146218726437e+02
6.530562100392517095e+02
6.537495415299836168e+02
6.543808794504773232e+02
6.551948616398112790e+02
6.575869939988645001e+02
6.578244352894988651e+02
6.590708791713649362e+02
6.593677868601184855e+02
6.609984446689896913e+02
6.617400444976451581e+02
6.624547725485367664e+02
6.643134488983338315e+02
6.650684497820952856e+02
6.660364385715371327e+02
6.672641551890982328e+02
6.676378518470500012e+02
6.691816187190481742e+02
6.695951565508452177e+02
6.711173211941243153e+02
6.718049725546204627e+02
6.725459902203135698e+02
6.734770763010775454e+02
6.748567538643915213e+02
6.751252835778698227e+02
6.757559863023939215e+02
6.765204518275435248e+02
6.778193319073263865e+02
6.801410081928549971e+02
6.808518407301482966e+02
6.815794171329309847e+02
6.825817615223450048e+02
6.835362705935184522e+02
6.844309812559465627e+02
6.851836178645149857e+02
6.864305696851771472e+02
6.883379050496668015e+02
6.888933896341702621e+02
6.898019896105358839e+02
6.905198890582836384e+02
6.914176827106969085e+02
6.921163674122070688e+02
6.924528616800538430e+02
6.937098639676315770e+02
6.950248838456711837e+02
6.958514360461651904e+02
6.964714715440267128e+02
6.976064870094612616e+02
6.990984392858604224e+02
6.993630863747953299e+02
7.012055103800374809e+02
7.015020888123237910e+02
7.031824497629510233e+02
7.039959829282468036e+02
7.047330845571201507e+02
7.062221291190710417e+02
7.073735967200660752e+02
7.078756187135379605e+02
7.085749586132578770e+02
7.104668860540491551e+02
7.113917208287037965e+02
7.122818944585774261e+02
7.127158871228180033e+02
7.140222620568963521e+02
7.150758465980353549e+02
7.154128310766778895e+02
7.166981589637238130e+02
7.184254424613640140e+02
7.195475400802176864e+02
7.201929683831089051e+02
7.212734336753671869e+02
7.228770870523358099e+02
7.237920011706024752e+02
7.262528545737053491e+02
7.274940734149607806e+02
7.276539976708229460e+02
7.282994376580481912e+02
7.290724067999387898e+02
7.300673744624301662e+02
7.315841061385951889e+02
7.321468426904277749e+02
7.333342614880401698e+02
7.359119631683053058e+02
7.365123356489328899e+02
7.367382846018158489e+02
7.381896700800624558e+02
7.387513459210101701e+02
7.398685383710113683e+02
7.405795054861006292e+02
7.414772698462833205e+02
7.431008477108595116e+02
7.441800116102836000e+02
7.457836719779717214e+02
7.473129236353428269e+02
7.478298291606363364e+02
7.493309626984837450e+02
7.502148817942004371e+02
7.519343764792920410e+02
7.532115502659260073e+02
7.538350988946061761e+02
7.542064583853667727e+02
7.549425981007934752e+02
7.568693629772884606e+02
7.575059500760437459e+02
7.579869405886306595e+02
7.598978825237011279e+02
7.601916107255110546e+02
7.619247301818016922e+02
7.632409881886559333e+02
7.636548860535283438e+02
7.647772616290415044e+02
7.659561144297217652e+02
7.665509891652058059e+02
7.696990713096409991e+02
7.702781243656991137e+02
7.720215532380092327e+02
7.723841754319815891e+02
7.736255345235972527e+02
7.748024739633285662e+02
7.757859023268292731e+02
7.764477972209919017e+02
7.767022210447044017e+02
7.780677850262173934e+02
7.784344457316483386e+02
7.805513874521012667e+02
7.821802702665366951e+02
7.828034878404082519e+02
7.833671570348495834e+02
7.845268586182550052e+02
7.863196090771381250e+02
7.875834008064400678e+02
7.899418067602590554e+02
7.902981271657033631e+02
7.912674407160313876e+02
7.932373610299819120e+02
7.934646686681425081e+02
7.945949154625229767e+02
7.948802327336622966e+02
7.964194738778865030e+02
7.968301604955380526e+02
7.983976236881417208e+02
7.989774863148572877e+02
7.993942900392243018e+02
8.001150294873896200e+02
8.013134137821162994e+02
8.033680577129923677e+02
8.036284911881276685e+02
8.056311884846298881e+02
8.067740755369678709e+02
8.083050061216139284e+02
8.092521639129740834e+02
8.101478134854626205e+02
8.108034580904850372e+02
8.123528091068684489e+02
8.136731630824078820e+02
8.141875628204296618e+02
8.153619157622539433e+02
8.162003650856316881e+02
8.178940105971385037e+02
8.186723297479113626e+02
8.190282602493896320e+02
8.206284092973177167e+02
8.225077664130618587e+02
8.237219577337708643e+02
8.240113251261144569e+02
8.247744140337899807e+02
8.255907286600286170e+02
8.258414054329456349e+02
8.278409336858945835e+02
8.281698861610213953e+02
8.296813012897578119e+02
8.314477365974777285e+02
8.319457865754355907e+02
8.326372507207473745e+02
8.330733185567090686e+02
8.335045024306621144e+02
8.347824120695147485e+02
8.352022468382832585e+02
8.370451379173482565e+02
8.377615665425286124e+02
8.394217950044893541e+02
8.398912314712907801e+02
8.407764621120758193e+02
8.411115556462668792e+02
8.436995160280562231e+02
8.439656013101339340e+02
8.460348654723009076e+02
8.465771390538925516e+02
8.476339201741552642e+02
8.495876819163515847e+02
8.515438376703998529e+02
8.527764371836979080e+02
8.530383597314936424e+02
8.544052223689125185e+02
8.561718930558718057e+02
8.564767826093604981e+02
8.571179630280511219e+02
8.580637464131668821e+02
8.589398113874834735e+02
8.603501616266496512e+02
8.609554802526974981e+02
8.614067505464782926e+02
8.624377470002606287e+02
8.633461808052945798e+02
8.635934689920059100e+02
8.650028987297700951e+02
8.662995886796911691e+02
8.687348337449400333e+02
8.694006703670282832e+02
8.700891959851630872e+02
8.706259557508233229e+02
8.716306665701538350e+02
8.720886060294071740e+02
8.730997073907590220e+02
8.746932687579964067e+02
8.748628686168548256e+02
8.774445398431054173e+02
8.778858184841138836e+02
8.787104450542589120e+02
8.797808169616822624e+02
8.807864696429476226e+02
8.814306750490375180e+02
8.818506501892188680e+02
8.834510705769156402e+02
8.848526197655660326e+02
8.859604160319690891e+02
8.862872030522675004e+02
8.877050392297953749e+02
8.886458494180309344e+02
8.905835516723889214e+02
8.910926113498801442e+02
8.921596608455204205e+02
8.936606284717263406e+02
8.946790600454013429e+02
8.951052880666674127e+02
8.958540436274809053e+02
8.981580440294295613e+02
8.985628356019566354e+02
8.992976964052362518e+02
9.002268408129383488e+02
9.024606829191885708e+02
9.034611630669364786e+02
9.038957375416027844e+02
9.050168042925112104e+02
9.055266614103766187e+02
9.065228527356009636e+02
9.080056131742782100e+02
9.097866573595724731e+02
9.101708881219782370e+02
9.117232534946900842e+02
9.124196334147422931e+02
9.137861888058120030e+02
9.154242329318093425e+02
9.160390172063802083e+02
9.175086803814601808e+02
9.175928378600922315e+02
9.183042561391137042e+02
9.188212567052790973e+02
9.194853604789818746e+02
9.213927333553344852e+02
9.217547085644195022e+02
9.240162779629354191e+02
9.247743105585811918e+02
9.280055978116915867e+02
9.285021693867423664e+02
9.289655978698426679e+02
9.299081921209949542e+02
9.310298695715107442e+02
9.325420775192493466e+02
9.327799343333888373e+02
9.336085641408433276e+02
9.342576130212358976e+02
9.361349589827133286e+02
9.364396492021697895e+02
9.375293421362570143e+02
9.388900237541753313e+02
9.394514059449707020e+02
9.404676901868953109e+02
9.413383136687311890e+02
9.417572393980603920e+02
9.426307600930055060e+02
9.434237926080261332e+02
9.439650750420529448e+02
9.449805392921230123e+02
9.457399434290232421e+02
9.470225728686705224e+02
9.479729440094693018e+02
9.492795318733082013e+02
9.501035354885287916e+02
9.509813734903918885e+02
9.516069784289094287e+02
9.526799794811508946e+02
9.543223274140855210e+02
9.548189785567418539e+02
9.564304529874605123e+02
9.574456702705136877e+02
9.580629735443264963e+02
9.591474958441486933e+02
9.608903904504674074e+02
9.612972014807698997e+02
9.620582590413433763e+02
9.630471492136579172e+02
9.635374927984790929e+02
9.640721396224140562e+02
9.644939240952861610e+02
9.661099596604550470e+02
9.675660254118874946e+02
9.683225952584599554e+02
9.691852520606458938e+02
9.706621852506514188e+02
9.709906288900062918e+02
9.710746713255475697e+02
9.713312042913238429e+02
9.725306694364235227e+02
9.730101475226261982e+02
9.741698160277879879e+02
9.747068780886305603e+02
9.755210650508782919e+02
9.762448712730814577e+02
9.767126197496191935e+02
9.769514938479020429e+02
9.784194155829646888e+02
9.803357864542663265e+02
9.807211922302425364e+02
9.827229467109109464e+02
9.842564102512608315e+02
9.847201285884415256e+02
9.861261499133134976e+02
9.868163591660494376e+02
9.868767287216296609e+02
9.872436398216129874e+02
9.880309716367564761e+02
9.893883218570069857e+02
9.896103291096419525e+02
9.917681551851700306e+02
9.928866422868649124e+02
9.939796301096700972e+02
9.950149389829196025e+02
9.958553761337867627e+02
9.965647634975770188e+02
9.978700563635696881e+02
9.984455578309122075e+02
9.998212878215313140e+02
1.001283015850781112e+03
1.001667098482166921e+03
1.002802470040293315e+03
1.003378084825650490e+03
1.003968044387625127e+03
1.005201533504170811e+03
1.005495750189355931e+03
1.006460169068904520e+03
1.008007778313825611e+03
1.008303821513778416e+03
1.008502584747980336e+03
1.010730946909368413e+03
1.011330229321248680e+03
1.012815283769278722e+03
1.013267888354158799e+03
1.013850786497518698e+03
1.014853371945244817e+03
1.015782725224279488e+03
1.016145786346824025e+03
1.016301589770164810e+03
1.017489249753456534e+03
1.018786929636420837e+03
1.019411238542101273e+03
1.020832081325361628e+03
1.022137276750997444e+03
1.023064552774074741e+03
1.024001429789163012e+03
1.024751996185628286e+03
1.025526680690602916e+03
1.026294430900947418e+03
1.026583670991425379e+03
1.027948031084365084e+03
1.030379211369158838e+03
1.030646576722697318e+03
1.031605302937078022e+03
1.031820012192503327e+03
1.032291427522052118e+03
1.033030956864257860e+03
1.034637308821285842e+03
1.034795563130633582e+03
1.035511681969940355e+03
1.036518855290184547e+03
1.037927297739683127e+03
1.038462306582634938e+03
1.039733527349625092e+03
1.041325507282121634e+03
1.041643509329960125e+03
1.042751616073577679e+03
1.044265455508100331e+03
1.044678791736110270e+03
1.045479869113921268e+03
1.046307797070774996e+03
1.046929975288926926e+03
1.047490980667796293e+03
1.048562380674650967e+03
1.048878622648263445e+03
1.050960462738793467e+03
1.051190754686725995e+03
1.052020851967316503e+03
1.053479296344012255e+03
1.054632345051855282e+03
1.055184923464657231e+03
1.056787009436899552e+03
1.058345153820394899e+03
1.059762898412633604e+03
1.060639106567019326e+03
1.062172820113421494e+03
1.062630134687754889e+03
1.064713377501109562e+03
1.065099195267142932e+03
1.065957733375877069e+03
1.067262764528007210e+03
1.067861638683450110e+03
1.068980792401932376e+03
1.069822683377108433e+03
1.070680233124854567e+03
1.071571630767577517e+03
1.072413907392462534e+03
1.073081512844960571e+03
1.074191900387832447e+03
1.074368658835836868e+03
1.075028243861051806e+03
1.076198781838671493e+03
1.077746142579484513e+03
1.078008812185871193e+03
1.078775424660817180e+03
1.079462451461681667e+03
1.079869742497609877e+03
1.080655418187593796e+03
1.081672381929902258e+03
1.081958433234352697e+03
1.082914141288136307e+03
1.084551636852378124e+03
1.085818015713485238e+03
1.086322373458858920e+03
1.088458461869594430e+03
1.089796011445630029e+03
1.090433876572340750e+03
1.091791127571686957e+03
1.092702111655508816e+03
1.093772506419777983e+03
1.094717404914687677e+03
1.095575374599922270e+03
1.096332832342115580e+03
1.097486581522260622e+03
1.098494188644003771e+03
1.098872793268425994e+03
1.099510929181399661e+03
1.100377464452841423e+03
1.101711457622404851e+03
1.102732133571291342e+03
1.103106456523126099e+03
1.105234358471397172e+03
1.105835487976231434e+03
1.107705022128457585e+03
1.108049551053923778e+03
1.109311061003569648e+03
1.109733356444178071e+03
1.110804982787151403e+03
1.111545112673643871e+03
1.112579795252026315e+03
1.113552583737517125e+03
1.114094860388398274e+03
1.115308809722649130e+03
1.115529194092053103e+03
1.116635801384772549e+03
1.117290746418066647e+03
1.118145845122868650e+03
1.118395622010066745e+03
1.122212411953014907e+03
1.122963994952792291e+03
1.123980099155774496e+03
1.124896748243866114e+03
1.125254473648372368e+03
1.127218015502421622e+03
1.129290556628045124e+03
1.129833420657364286e+03
1.130361741485496168e+03
1.132989000067219649e+03
1.133706367986812893e+03
1.135189754904052279e+03
1.135847948693776289e+03
1.136618281874704053e+03
1.138215556764498160e+03
1.138565850289166065e+03
1.139343616329992983e+03
1.140803710416731064e+03
1.141631926442903023e+03
1.142462741302281302e+03
1.143229475946795446e+03
1.144186101886183678e+03
1.145070299022916060e+03
1.147022256509535737e+03
1.147433308796032179e+03
1.148198962975837276e+03
1.149011787387886898e+03
1.149631509827014725e+03
1.151138679799559213e+03
1.151636961390837087e+03
1.153608586286910167e+03
1.154251248509850939e+03
1.155170522284314529e+03
1.155404368190197602e+03
1.157349651277403382e+03
1.158581032136984504e+03
1.159199123633534100e+03
1.160573953648179668e+03
1.161872445527968466e+03
1.162751860948111698e+03
1.163544284825804198e+03
1.165456335266176211e+03
1.166964788753957464e+03
1.167407062719669284e+03
1.168176117904428338e+03
1.168375286109035414e+03
1.170011830094277002e+03
1.170723263220525268e+03
1.171444571298055962e+03
1.172966638238311589e+03
1.173657239058626601e+03
1.174050637010018363e+03
1.174791119427378817e+03
1.177127679747812181e+03
1.177969263856152565e+03
1.178324278367621218e+03
1.178571817919755176e+03
1.179567089402923784e+03
1.182714461235189674e+03
1.183215127372026473e+03
1.183930398810696033e+03
1.185864864161686455e+03
1.187086577974616603e+03
1.188079718650982613e+03
1.189129290876608593e+03
1.190117634013418865e+03
1.192056790627219016e+03
1.193299127866628169e+03
1.194049912461622171e+03
1.195681978422139082e+03
1.197124414417016396e+03
1.197889027979193997e+03
1.198211303096658185e+03
1.199236672933644059e+03
1.200967195527091008e+03
1.202222348585073632e+03
1.202362468676977414e+03
1.203725635526584938e+03
1.204887221737757272e+03
1.205344987976335233e+03
1.207680127018739313e+03
1.208762372559483083e+03
1.210324690188488603e+03
1.211530381388958176e+03
1.212962123311426012e+03
1.213737638473334982e+03
1.214284616990089489e+03
1.215656558011447487e+03
1.216581770804657026e+03
1.217259722498708470e+03
1.217316366721057420e+03
1.217747746069258483e+03
1.218792863472425097e+03
1.219662457493701822e+03
1.220187345324391345e+03
1.220506691832810247e+03
1.221007144128962864e+03
1.221957876091355047e+03
1.222840783869040706e+03
1.224870744500830824e+03
1.225620444857064740e+03
1.225720262067476142e+03
1.227403957697808664e+03
1.228821557302213023e+03
1.229176599836869400e+03
1.230061731744533745e+03
1.230350185136600658e+03
1.232922139611590865e+03
1.233476717555795176e+03
1.234663165653725628e+03
1.235305688861656790e+03
1.236029681949890573e+03
1.237335020044703469e+03
1.237476983604849238e+03
1.238885475878440957e+03
1.239972312429129033e+03
1.241208713884628651e+03
1.241496556833644718e+03
1.242327450736349647e+03
1.242668986990044687e+03
1.244696176010951604e+03
1.245875813653850400e+03
1.246472539556647234e+03
1.247029836745135299e+03
1.248263494368594138e+03
1.249028301075325999e+03
1.250138818692800442e+03
1.251346963973400989e+03
1.252371980439831304e+03
1.253149301202998458e+03
1.255190129247934010e+03
1.256658153190846178e+03
1.257578568917118901e+03
1.257952394519731342e+03
1.259514200812856416e+03
1.260337239993105186e+03
1.261966316883367654e+03
1.262799499512522516e+03
1.263426552484453168e+03
1.264245679110072615e+03
1.266546577972458408e+03
1.266929034933114281e+03
1.268275438221558034e+03
1.268772490410812907e+03
1.268993070190512526e+03
1.270918364351834953e+03
1.271544669450621541e+03
1.272634576550088696e+03
1.272990930074744256e+03
1.273521773374236545e+03
1.274479008727265182e+03
1.275249358377062890e+03
1.276201204348681586e+03
1.277117936830114559e+03
1.277679982629446613e+03
1.278836043144613086e+03
1.279847611412148581e+03
1.281177326014799746e+03
1.281848209892092882e+03
1.283097908213690516e+03
1.284029272603435402e+03
1.284954461427975275e+03
1.285786188400234096e+03
1.287288275209789163e+03
1.287468942522886891e+03
1.288501033224959428e+03
1.289623049107698762e+03
1.290033591111657415e+03
1.290869333905578969e+03
1.293246579970637868e+03
1.293764614050854789e+03
1.295156026239169478e+03
1.297220847171743117e+03
1.297534405492908490e+03
1.298046011076919740e+03
1.299631835998975475e+03
1.300033384453091912e+03
1.301679152595458618e+03
1.302067063778688407e+03
1.302999213790126078e+03
1.304982526143744053e+03
1.305905601435581730e+03
1.306214958248584253e+03
1.306438977640627854e+03
1.308315689739740719e+03
1.308712339179379342e+03
1.309596570846181748e+03
1.310458849583477331e+03
1.312330365938395062e+03
1.313019842801321147e+03
1.313549686703809357e+03
1.315194602976698206e+03
1.315897960405832237e+03
1.315960988992768762e+03
1.316975885938473539e+03
1.317968979961236300e+03
1.318808376674419151e+03
1.320240564952208842e+03
1.321207327264052537e+03
1.321765796658701902e+03
1.322334664566469428e+03
1.323319538881507924e+03
1.324246825242913928e+03
1.324778156252440567e+03
1.325724880241716619e+03
1.326673523539899861e+03
1.326981833477523196e+03
1.328514626133281581e+03
1.329114514735024841e+03
1.330173982107528218e+03
1.331648386742512230e+03
1.332856889670830697e+03
1.333058934994562378e+03
1.334674627272236194e+03
1.335501071099703950e+03
1.336053702397749248e+03
1.337878737395765711e+03
1.339303731322742806e+03
1.339856291141936026e+03
1.340348218471670862e+03
1.340763282671455954e+03
1.342537294739638583e+03
1.344526793544834163e+03
1.345559693747576830e+03
1.346910945319250914e+03
1.349358986819730490e+03
1.351337450244080401e+03
1.352418230505767951e+03
1.352657706895558249e+03
1.353723179482524756e+03
1.354374624234244493e+03
1.354557410820898440e+03
1.355857359230749353e+03
1.358164270645093893e+03
1.358597953142778124e+03
1.360097038999163260e+03
1.360889941586241775e+03
1.361396782913533343e+03
1.362725889310415823e+03
1.363629605919967844e+03
1.365229431282794621e+03
1.366211407381289519e+03
1.366503089253522376e+03
1.368340190481264244e+03
1.370219691456884220e+03
1.370776653143738031e+03
1.371294303864520316e+03
1.372671845595862578e+03
1.373622999095416844e+03
1.374181666362990200e+03
1.375300842037709344e+03
1.376019175633462282e+03
1.377329163525329022e+03
1.377969996954780527e+03
1.378742689173074723e+03
1.379117883628989148e+03
1.380206536917728499e+03
1.381025132196839877e+03
1.382766836137668179e+03
1.382852467778569917e+03
1.384320976392187731e+03
1.384432451159233551e+03
1.385020407412810982e+03
1.385530390494173844e+03
1.386535529447955696e+03
1.388414396894761239e+03
1.388604706584829955e+03
1.390190804587199409e+03
1.391090571398389784e+03
1.392159688473867845e+03
1.393521080062070496e+03
1.394638931123184648e+03
1.395268011212711372e+03
1.397360139862099459e+03
1.398176615565098473e+03
1.398290326059538074e+03
1.400189758239866251e+03
1.400979583661091510e+03
1.402070204671778129e+03
1.403738856738204504e+03
1.404483287180816660e+03
1.405002484118831717e+03
1.405757801749195096e+03
1.406703993775744721e+03
1.407852513814637405e+03
1.409437799793850445e+03
1.409811863493793226e+03
1.410796292358223809e+03
1.411300302860076954e+03
1.411809286449803267e+03
1.413830561206535094e+03
1.414569820520616531e+03
1.414857338453910870e+03
1.415338397858094822e+03
1.418025802820456192e+03
1.418305361095774515e+03
1.419687493700221921e+03
1.420520592688001216e+03
1.421323156742232413e+03
1.422267224215189344e+03
1.423298722511724918e+03
1.423474958978035829e+03
1.424659595695599819e+03
1.425650079200777782e+03
1.428021274556057733e+03
1.429122338748134098e+03
1.429615798835432770e+03
1.431344242450982165e+03
1.432535367656662629e+03
1.433023424362933156e+03
1.433755283093596518e+03
1.435237415040603537e+03
1.435645604695616839e+03
1.436668923688938776e+03
1.437579287080782706e+03
1.439633518986582430e+03
1.441125094842089084e+03
1.442941357740068725e+03
1.444537294050160881e+03
1.444923148007378586e+03
1.445581685888136462e+03
1.446635153948827110e+03
1.447455415817241601e+03
1.448382035954527510e+03
1.449160245828183179e+03
1.449476705425679029e+03
1.450158763405923310e+03
1.451496124858934763e+03
1.451989618299892072e+03
1.453964758912234629e+03
1.454772777722613455e+03
1.456109198401281674e+03
1.456330312807142718e+03
1.457643654392898043e+03
1.458706899931307362e+03
1.460412951733245109e+03
1.461447148781628812e+03
1.461745915493246002e+03
1.462737758125164873e+03
1.463873638565641841e+03
1.464531754247118670e+03
1.465518033732693993e+03
1.466438437577243803e+03
1.467460613621994980e+03
1.468204480025075100e+03
1.469285514828070063e+03
1.469755769108256345e+03
1.470500798582113703e+03
1.472144137558967941e+03
1.472944294212374643e+03
1.473607169230845102e+03
1.474046005281196358e+03
1.474903546579687827e+03
1.476979249569663125e+03
1.478327215589786192e+03
1.479234135430618608e+03
1.480541710478659297e+03
1.481657595375113033e+03
1.481909539906349664e+03
1.483330176877537724e+03
1.485008456049139113e+03
1.486053154554374714e+03
1.486314438735866133e+03
1.487776029895371721e+03
1.488112939589581856e+03
1.489531097171284728e+03
1.490397265340556714e+03
1.491047778683126353e+03
1.491466657232147554e+03
1.492418419464994713e+03
1.493343129229877832e+03
1.494844002264307846e+03
1.495727999903056798e+03
1.497385512065438206e+03
1.497570678298346138e+03
1.498359385571507573e+03
1.499523594595147642e+03
1.500243093745536044e+03
1.500608572991390474e+03
1.501807313548312550e+03
1.504083000656341028e+03
1.504172881515330346e+03
1.505109496062129438e+03
1.506130303822736778e+03
1.506705399908162008e+03
1.507845018882712566e+03
1.508998039359025825e+03
1.510385402121878087e+03
1.511507846197840763e+03
1.511792771741624392e+03
1.512853454939721132e+03
1.513846954625936633e+03
1.514853692168997895e+03
1.515272348238327140e+03
1.515456524964008622e+03
1.516414386640626617e+03
1.517632874506271264e+03
1.518685947049140850e+03
1.520663339173530176e+03
1.521015504262815512e+03
1.523385578333850617e+03
1.524080322120613346e+03
1.524193576133021679e+03
1.526038856065251139e+03
1.526533354715421865e+03
1.528225347180048175e+03
1.529095552940367043e+03
1.530972361536983499e+03
1.531802173509111526e+03
1.531963258369397636e+03
1.534600827858664843e+03
1.535075677029577719e+03
1.535646384826527083e+03
1.537317114109813474e+03
1.537522467895998261e+03
1.539463641505566557e+03
1.539751412691227415e+03
1.540297164472717441e+03
1.541280865638051182e+03
1.542624464884674808e+03
1.543428591464658894e+03
1.544457557953225660e+03
1.545259322500180133e+03
1.546664553203486776e+03
1.548033964250642384e+03
1.548805647003631748e+03
1.550015022104028958e+03
1.550652235123042374e+03
1.551804174476669004e+03
1.552880260902787995e+03
1.553196689975841309e+03
1.554664269074140975e+03
1.556108899269871245e+03
1.557617263746397384e+03
1.558489852006922547e+03
1.559976089481884173e+03
1.560729552263615915e+03
1.561286122230865658e+03
1.561666284464974524e+03
1.563169396507379588e+03
1.564500174990924506e+03
1.565531196242401620e+03
1.566812690789383396e+03
1.567313327280197655e+03
1.568395999343291123e+03
1.569753796351050596e+03
1.570436125476459210e+03
1.572297595193020697e+03
1.572656127967821249e+03
1.573287913721294899e+03
1.574157569834324477e+03
1.575721303609017468e+03
1.576422898526384415e+03
1.577078561761612491e+03
1.577954687363210269e+03
1.579044802582716329e+03
1.579669806918855102e+03
1.580512293921667151e+03
1.581533740781225333e+03
1.582218012226036763e+03
1.583039414619807758e+03
1.583785705712749632e+03
1.585843454528026314e+03
1.586071735725945700e+03
1.586467944783309576e+03
1.588674284141440239e+03
1.589493872581114374e+03
1.590827612394464268e+03
1.591510065355566667e+03
1.592581028062640371e+03
1.593359588795200125e+03
1.594130995488984354e+03
1.596557600908389304e+03
1.597553884365534714e+03
1.598071122247756875e+03
1.599134618271846421e+03
1.599973998159456414e+03
1.600504981562434523e+03
1.601034045126668161e+03
1.602728431198491990e+03
1.603133925107242476e+03
1.604949411619680859e+03
1.606747404841071102e+03
1.607172512217618987e+03
1.608015114847815539e+03
1.609305276003165545e+03
1.610189200114200958e+03
1.610921037255147667e+03
1.612187456886638984e+03
1.614150013696397536e+03
1.614499457188173665e+03
1.615467727459477146e+03
1.617223184469263288e+03
1.618089405768577990e+03
1.619494144196265324e+03
1.620051276258443750e+03
1.621766003903944693e+03
1.622092526458146267e+03
1.623625609878027262e+03
1.624252435079634552e+03
1.625441698599970323e+03
1.626164067275085472e+03
1.627475129165489079e+03
1.628338449621484870e+03
1.629448588073478504e+03
1.630568409776693443e+03
1.631675224107121267e+03
1.632772020255169764e+03
1.633660257219215964e+03
1.635987477749630216e+03
1.636608409832357438e+03
1.637074012518876089e+03
1.638506236305391894e+03
1.639039120905397112e+03
1.639984905534933432e+03
1.642393116842489917e+03
1.642937122885715326e+03
1.644217976580316645e+03
1.646081638620968079e+03
1.646426909228369823e+03
1.647174147026084938e+03
1.649602932754646190e+03
1.650208281905917147e+03
1.650866067425690972e+03
1.651682002590399179e+03
1.653074687082353194e+03
1.653563523689880640e+03
1.653963147927853242e+03
1.655493731438646137e+03
1.656684591744529371e+03
1.658055920476934716e+03
1.658564137963182475e+03
1.659539020085976063e+03
1.659864198321059121e+03
1.661544117160912492e+03
1.662028495265742777e+03
1.663035061823137767e+03
1.665355975556758040e+03
1.666701589117862341e+03
1.667940998122894143e+03
1.668304000644748839e+03
1.669283786301901955e+03
1.669788787937131929e+03
1.670662249033554417e+03
1.671656097366328822e+03
1.672735849472756627e+03
1.673300578253229787e+03
1.674875917907385201e+03
1.675973588070595270e+03
1.676749554205209733e+03
1.677951029344857943e+03
1.678935973219414336e+03
1.680024915417979855e+03
1.681440954367305949e+03
1.681971253188691662e+03
1.682302540138364293e+03
1.683212504237518488e+03
1.684449696315966776e+03
1.685319019988987975e+03
1.686181900547965597e+03
1.687444592072880369e+03
1.688001095703822784e+03
1.689317032372618996e+03
1.689722971930214726e+03
1.691075372721773647e+03
1.691676954849597450e+03
1.691796560171794226e+03
1.693434046338232292e+03
1.694232991891339452e+03
1.695153898068729859e+03
1.696268665015179977e+03
1.696913384162960710e+03
1.697594051096855310e+03
1.698977894128576736e+03
1.700465973660093141e+03
1.701481273468288464e+03
1.702593778276457897e+03
1.703640698260766385e+03
1.703887147165893111e+03
1.705080915449823124e+03
1.706069589091256375e+03
1.707682816557231490e+03
1.708071838171730633e+03
1.708705716248823364e+03
1.709885826841155449e+03
1.710952387167652887e+03
1.711989478186634415e+03
1.713004763605219068e+03
1.714951594136912718e+03
1.715054456452626482e+03
1.716184307633765002e+03
1.716624366120113564e+03
1.718804876240042177e+03
1.719991022513130019e+03
1.721701703882362608e+03
1.722571579066553568e+03
1.724200645762428394e+03
1.724227604672150619e+03
1.724665134415718512e+03
1.725715837313545080e+03
1.726267319802968359e+03
1.727696937269430919e+03
1.728307966119417870e+03
1.728694427568976380e+03
1.729302531680070160e+03
1.730448633963928614e+03
1.731442183036020651e+03
1.732694729162328940e+03
1.734014811274913882e+03
1.735369587942072485e+03
1.736113339823951037e+03
1.737993139000302108e+03
1.739679032549490785e+03
1.740187845725118223e+03
1.741899332634893426e+03
1.743347578024416634e+03
1.744105843934241420e+03
1.745317808915420528e+03
1.747000246846513392e+03
1.748037730064913148e+03
1.748670271864219785e+03
1.749813975448212432e+03
1.750632340861252942e+03
1.752888755726224645e+03
1.753326285967239755e+03
1.754874488497261609e+03
1.755717600793868542e+03
1.756533976289343855e+03
1.757266202694971071e+03
1.757675469665520950e+03
1.759834822627745780e+03
1.760546250097061602e+03
1.761685242709564363e+03
1.763170868290317685e+03
1.763791351688881832e+03
1.765539290340817843e+03
1.766391877745328657e+03
1.766995037180641248e+03
1.768773239158081651e+03
1.769759985363847136e+03
1.770810897143473767e+03
1.773209953999089748e+03
1.774451034099831077e+03
1.774714613911246943e+03
1.775603089025358486e+03
1.775909182718102102e+03
1.776970048261514648e+03
1.777475905832382296e+03
1.778265746059516687e+03
1.780122189563437360e+03
1.780912000355950795e+03
1.781453287538582572e+03
1.782592238272216719e+03
1.784029815250844649e+03
1.785058887433053997e+03
1.785819885257265923e+03
1.787277353448420399e+03
1.788372092329565021e+03
1.789219759147820923e+03
1.790607014914610090e+03
1.792045012242443818e+03
1.794665781721612802e+03
1.795048710722502847e+03
1.795590674786830959e+03
1.797048918138274530e+03
1.798123670840786644e+03
1.799704917156802367e+03
1.799918943315245542e+03
1.801110006980802154e+03
1.801678272663612461e+03
1.801980826145323817e+03
1.803209117430099241e+03
1.803488567147552658e+03
1.804543357214980688e+03
1.805375426584188290e+03
1.807268832536163018e+03
1.807678613922383875e+03
1.808219377471957841e+03
1.809857966865762364e+03
1.811156895086714712e+03
1.812099325399236704e+03
1.812640103864624280e+03
1.813473731453442724e+03
1.814579898427785793e+03
1.814893015622168377e+03
1.815430982132086001e+03
1.817085915589748083e+03
1.817919394302362889e+03
1.819100728675669416e+03
1.819783434125833537e+03
1.821145293013075388e+03
1.823094896757967945e+03
1.823940309428546698e+03
1.824957280198602348e+03
1.827133372000837198e+03
1.827423193865769463e+03
1.829128677825031218e+03
1.829532538448573405e+03
1.830287339037371567e+03
1.831132797013463914e+03
1.831810310187423283e+03
1.834131309397813538e+03
1.834619749476743891e+03
1.834889266082277345e+03
1.835774726432304078e+03
1.836834705685069594e+03
1.837665019189088980e+03
1.839682944618345800e+03
1.840544013098019605e+03
1.841727830101645168e+03
1.842564350009786494e+03
1.843203728307523988e+03
1.843753116667755876e+03
1.844994629879512104e+03
1.846078471430404761e+03
1.846816609899250125e+03
1.847861468968269264e+03
1.849354979691188873e+03
1.850390665568769464e+03
1.850820873517368454e+03
1.851237391403464244e+03
1.852126187224719615e+03
1.853663998346944936e+03
1.854949482964025719e+03
1.855492189637885758e+03
1.856364013590477953e+03
1.857654949112938993e+03
1.858994291340732161e+03
1.859871598264039449e+03
1.860231754729634531e+03
1.860489235048951059e+03
1.861809258652580411e+03
1.862667588114137970e+03
1.863765062955391159e+03
1.864425717584575750e+03
1.865354635398445680e+03
1.867244839568457337e+03
1.867782850308107299e+03
1.868176352705645058e+03
1.869906217627465594e+03
1.870443780183405352e+03
1.870856523296546129e+03
1.872082596555562759e+03
1.872859471539776678e+03
1.873454461004109817e+03
1.874049198766614154e+03
1.874973406839347945e+03
1.875608396806998826e+03
1.876145436160698182e+03
1.876883983428120018e+03
1.877458912855608105e+03
1.878615410778878413e+03
1.879789789699585754e+03
1.880381417200340366e+03
1.881369252641772164e+03
1.882036897438761798e+03
1.882890876169451985e+03
1.883995549243015375e+03
1.884603964637442232e+03
1.886014637570090599e+03
1.888586007831779625e+03
1.889344243493954082e+03
1.891063898889680331e+03
1.891111409799919329e+03
1.891560518981897530e+03
1.892513712881059291e+03
1.892844099239364596e+03
1.895858264970261189e+03
1.896329910981393596e+03
1.897124376890456688e+03
1.897895357567221936e+03
1.898973713559923453e+03
1.900017021767467213e+03
1.901650959100622231e+03
1.902554292362420483e+03
1.903575964289923149e+03
1.905687846720630660e+03
1.905923166912371471e+03
1.906925467570090859e+03
1.907952577280321975e+03
1.908397037227737428e+03
1.909154988927319437e+03
1.909683833622592374e+03
1.912345143507433704e+03
1.914061215745710115e+03
1.914893998630278929e+03
1.916755608492645933e+03
1.917349210399034291e+03
1.918071328135793237e+03
1.918318077092539852e+03
1.919233345968001686e+03
1.920178716754675861e+03
1.922653650176463543e+03
1.922881972119904049e+03
1.923370702498921446e+03
1.924450204879023659e+03
1.924955511380548160e+03
1.926116227566425096e+03
1.926439316895486854e+03
1.927764183467539851e+03
1.929050785094547109e+03
1.929687250138278387e+03
1.931524839364530862e+03
1.931970183891791521e+03
1.932855432720451518e+03
1.933913547367174942e+03
1.934423118368723863e+03
1.935214568158900875e+03
1.936657061646960074e+03
1.937136687630223378e+03
1.938277427033550794e+03
1.939391860021871707e+03
1.940422176042827004e+03
1.941314250938586383e+03
1.944004210965999846e+03
1.944359515410639233e+03
1.945309923018270410e+03
1.946146329053023237e+03
1.947116056900559215e+03
1.947877919099660630e+03
1.948698557232741450e+03
1.949113305623582846e+03
1.950003855709175241e+03
1.951022907452668505e+03
1.951467755228766691e+03
1.951602365110674782e+03
1.952809080274063263e+03
1.953522932963360745e+03
1.954510825098216174e+03
1.956102397298438063e+03
1.957355562244639714e+03
1.959365591821150929e+03
1.960645519786168279e+03
1.961332141954568669e+03
1.962150042150828085e+03
1.962315661165439451e+03
1.963909129137126911e+03
1.965395345619373074e+03
1.965950094147044183e+03
1.966639528231832628e+03
1.967606733468176571e+03
1.968193086278621195e+03
1.968510650052296796e+03
1.969404547938428550e+03
1.970219696668431880e+03
1.971294979576779724e+03
1.971793004859045368e+03
1.972627707245369265e+03
1.974333596580601807e+03
1.974440445745978195e+03
1.974887072746526883e+03
1.975355452403611253e+03
1.976115472017859247e+03
1.976961455190762763e+03
1.977607945835945202e+03
1.978711086788036482e+03
1.979313377695179497e+03
1.979998483541548012e+03
1.980869620924699120e+03
1.982269407727703992e+03
1.982497402904970386e+03
1.983792961031625282e+03
1.985267532833944642e+03
1.985756592916269256e+03
1.987055406010218121e+03
1.988664760949747233e+03
1.991234770399702029e+03
1.992557724051229116e+03
1.993239854780599217e+03
1.993329892188423628e+03
1.994627448128123433e+03
1.995544935160179421e+03
1.996146862618944169e+03
1.997523755578743021e+03
2.000456631869435341e+03
2.000724050509114704e+03
2.001423552033524174e+03
2.002492443223670534e+03
2.003543737246871387e+03
2.004418148787854761e+03
2.006158781942227506e+03
2.006396710000201892e+03
2.007180552334961931e+03
2.008634641689009641e+03
2.009871728005813338e+03
2.010418730994785619e+03
2.011742747018242426e+03
2.012200667022857488e+03
2.013547063895536212e+03
2.013980936064655225e+03
2.014827720912262976e+03
2.016410370759898797e+03
2.016900615689625283e+03
2.017610940917783182e+03
2.019778097974904995e+03
2.020152717188326278e+03
2.020550852016016506e+03
2.022916626692764112e+03
2.023289785396771777e+03
2.023789717256215908e+03
2.024849798431948784e+03
2.025679904479663492e+03
2.027075182495797890e+03
2.027244484325561643e+03
2.029405497412290515e+03
2.029850617498784686e+03
2.030466737308920528e+03
2.031861112237665111e+03
2.033064416609302270e+03
2.034037714523941304e+03
2.035713061061696635e+03
2.037036690092608524e+03
2.037256112774721942e+03
2.038628118184356026e+03
2.039401566885855573e+03
2.040136651192698082e+03
2.041631959172009147e+03
2.043016515704482799e+03
2.044039227874667404e+03
2.044671700248570005e+03
2.045932395630060000e+03
2.046451032200069676e+03
2.047889923351915741e+03
2.048054708644941002e+03
2.048827016364800784e+03
2.049984398214698558e+03
2.050917505868716489e+03
2.051479125883482538e+03
2.052144608110729678e+03
2.052494466955241023e+03
2.053122577328692387e+03
2.053556291158916792e+03
2.055565757474022575e+03
2.056679507477955667e+03
2.057495007649396484e+03
2.057870292793591943e+03
2.059650811787280418e+03
2.059989428288057297e+03
2.061331336195260064e+03
2.062432166979559042e+03
2.063106627526706689e+03
2.064604663210076069e+03
2.065253023434378974e+03
2.065798800421473970e+03
2.066378944569898067e+03
2.067697795898473942e+03
2.068375917495299291e+03
2.069717776369645435e+03
2.070411408565545571e+03
2.071579093879450738e+03
2.071810845665179386e+03
2.073102666242176838e+03
2.074165820957696269e+03
2.075448716346348192e+03
2.075949472215919286e+03
2.077343743611541868e+03
2.078470236948139700e+03
2.079246925109617678e+03
2.079945723975827605e+03
2.081139228580454983e+03
2.082312777567254670e+03
2.082489241357491210e+03
2.083659479089551951e+03
2.084650195432031978e+03
2.085806335679624226e+03
2.086810214865850412e+03
2.087806606403005389e+03
2.089104666748885847e+03
2.090118070172237822e+03
2.090426365909138894e+03
2.091966833427400616e+03
2.092569093581609650e+03
2.093743163495418685e+03
2.094612943801310848e+03
2.095095097493870981e+03
2.096474169613066351e+03
2.097099450467181669e+03
2.098657752243739651e+03
2.099509033950128469e+03
2.101040129771432476e+03
2.101778680757998700e+03
2.102564044690305764e+03
2.103372678315968187e+03
2.104189080163008839e+03
2.105576434000820882e+03
2.105827266295796562e+03
2.108561662353665270e+03
2.109288140897577705e+03
2.109929345160906450e+03
2.111496240675332956e+03
2.112761200292134163e+03
2.112858454950173382e+03
2.114004837196162043e+03
2.115220161021406966e+03
2.115746033265478218e+03
2.117339032338146353e+03
2.118315005691646093e+03
2.119537195814953066e+03
2.121029667387204427e+03
2.121393877223116760e+03
2.122343080896293486e+03
2.123249618002726493e+03
2.123892946725658021e+03
2.125334658163196309e+03
2.125427374327880898e+03
2.126038553117175979e+03
2.128301497654542800e+03
2.128928051502162361e+03
2.129830605436268343e+03
2.131289314119581377e+03
2.131967403604292031e+03
2.133398685946203841e+03
2.134603855215709700e+03
2.135216868393061759e+03
2.136934223302948794e+03
2.137300063678386778e+03
2.137970551197919576e+03
2.140191551877665916e+03
2.140594213173991648e+03
2.140978928640734011e+03
2.143072672842902193e+03
2.143932515726303791e+03
2.144753608738725234e+03
2.145521991075247115e+03
2.146484319530267385e+03
2.148687349387289032e+03
2.149750453043594462e+03
2.151374685578201024e+03
2.151687076902318950e+03
2.152845995949945518e+03
2.154251488854441504e+03
2.154816360280189201e+03
2.154903278355713155e+03
2.155883079393879598e+03
2.156463744661257351e+03
2.158120306837989574e+03
2.158940653186030886e+03
2.159517860943937649e+03
2.160986795040838388e+03
2.161690485082417581e+03
2.161780994941700101e+03
2.162668171757085929e+03
2.163155434723073540e+03
2.163969779689995903e+03
2.165503658173982330e+03
2.166227490188729007e+03
2.167049179543564151e+03
2.167733436044787595e+03
2.168646248118905532e+03
2.169065485080449434e+03
2.170858786143203361e+03
2.171594597808174512e+03
2.172509284568353905e+03
2.173299749398738641e+03
2.174487899512482272e+03
2.174917859963541105e+03
2.176549651730426831e+03
2.178027608714127837e+03
2.178543766483413947e+03
2.179622028850935294e+03
2.180763406548558123e+03
2.181552949566744246e+03
2.182146520566868276e+03
2.183223377391782833e+03
2.184413188324345356e+03
2.184609916455119219e+03
2.185395200059517265e+03
2.186138351382286146e+03
2.187353937463398779e+03
2.188428715373902378e+03
2.189078300414825662e+03
2.189937317232155692e+03
2.190879367831102627e+03
2.192758204208547795e+03
2.193412244443939016e+03
2.194325202880335382e+03
2.195699563037328971e+03
2.196968859416960186e+03
2.198117005060376869e+03
2.198305015043536059e+03
2.199619683035805338e+03
2.199972481436453563e+03
2.201782389926879659e+03
2.202227890182336978e+03
2.203564227891131395e+03
2.204933483346216235e+03
2.205465104890496150e+03
2.206216471775952414e+03
2.207242648107840523e+03
2.208036826864404247e+03
2.208834602518653810e+03
2.210086252733710353e+03
2.211062447761431031e+03
2.212344664298490898e+03
2.213261998700945242e+03
2.213821374086059222e+03
2.215103880602342542e+03
2.216362505509731363e+03
2.217669509049376757e+03
2.218075917398713500e+03
2.221209843049231495e+03
2.221897007972719166e+03
2.222909300096884181e+03
2.224961264363198097e+03
2.226198685485201167e+03
2.227385376008965068e+03
2.228190429555541414e+03
2.229380597840155588e+03
2.229917680304912665e+03
2.230925445089054847e+03
2.231587993246436781e+03
2.232429151723928044e+03
2.233868301538849209e+03
2.236363415241721668e+03
2.236632856951737267e+03
2.238697930729244035e+03
2.240226329916375562e+03
2.241135193641580827e+03
2.241301832264742188e+03
2.242903634735468131e+03
2.243441543795252983e+03
2.245718479531865341e+03
2.246228089004737740e+03
2.248235524614657606e+03
2.249417812930193122e+03
2.250004883490009888e+03
2.252010832400126674e+03
2.253357742163825606e+03
2.254535063189405264e+03
2.255279744394100362e+03
2.256439595867499065e+03
2.257144870404008998e+03
2.258280162147582359e+03
2.259208515675319632e+03
2.259353489633659592e+03
2.259853959970610504e+03
2.261581908634003412e+03
2.263111442020858703e+03
2.263384081471837362e+03
2.264353270751191758e+03
2.266230450827890309e+03
2.266779720351753440e+03
2.267802289956723143e+03
2.268324409516828837e+03
2.269933402739652138e+03
2.271038661525372845e+03
2.272789380169506785e+03
2.273072350343471953e+03
2.274365598564882930e+03
2.275653790349734663e+03
2.276064104554463484e+03
2.278417507852504059e+03
2.279616953290091715e+03
2.280435403215225051e+03
2.281798335302682972e+03
2.282626576761137585e+03
2.282836136108046048e+03
2.284965092985090905e+03
2.286075864815943078e+03
2.287441829215392318e+03
2.287997186800093459e+03
2.289178280731384802e+03
2.290747385495472372e+03
2.291790845055896170e+03
2.292577731396158924e+03
2.293163814093494238e+03
2.293658359777408805e+03
2.294599090495436485e+03
2.295688485388678600e+03
2.296279096418487825e+03
2.297626628334632187e+03
2.298361587007427261e+03
2.300007930566981486e+03
2.300407300822916113e+03
2.302559871696561004e+03
2.303203666425200026e+03
2.304088848013147071e+03
2.305104480297754890e+03
2.306483148139257082e+03
2.306796289008069380e+03
2.307315104936562420e+03
2.309166973264337685e+03
2.309742179029123690e+03
2.310329750532053822e+03
2.311221188145654651e+03
2.311829469030803466e+03
2.312319429644249794e+03
2.312670035374526378e+03
2.313626366611058074e+03
2.315038226914022744e+03
2.315874695409961987e+03
2.317313391127862360e+03
2.319776596354970934e+03
2.319934020937372225e+03
2.320641529273987089e+03
2.322592356643432140e+03
2.323494473628771175e+03
2.323889309297519503e+03
2.325268945054312098e+03
2.325338209311421906e+03
2.326516184333655019e+03
2.326920518271183937e+03
2.329842707934919417e+03
2.330538406403625686e+03
2.331567419181134483e+03
2.332052076579117966e+03
2.333275077797865833e+03
2.334041227560312109e+03
2.335831920841776537e+03
2.336785384725566018e+03
2.338968822454089604e+03
2.339229713928664296e+03
2.340775070293785575e+03
2.341754963784772826e+03
2.342946166148963130e+03
2.344220558965363125e+03
2.345117422045423154e+03
2.345587797171007878e+03
2.347591432860721397e+03
2.347959016971075471e+03
2.349389255788555602e+03
2.351291944855858219e+03
2.352142131375506779e+03
2.352854872429333682e+03
2.354432895663126146e+03
2.355286276961878229e+03
2.356303663684842377e+03
2.357520770895549049e+03
2.358343085404198064e+03
2.358983420490844765e+03
2.361738512130885738e+03
2.362051637550890973e+03
2.362817297618068096e+03
2.363561970396203833e+03
2.364828296172982391e+03
2.365361651434789110e+03
2.365904136797217689e+03
2.367424407575708301e+03
2.368237435348108647e+03
2.368746207332165341e+03
2.370748323293268186e+03
2.371022963403921949e+03
2.371642916965100994e+03
2.372406645765761823e+03
2.373099618782777270e+03
2.373897251209664319e+03
2.375113450587360603e+03
2.375552538131920301e+03
2.376192319375816169e+03
2.376566641276207520e+03
2.377721459370354296e+03
2.378638778165547592e+03
2.380328912051555562e+03
2.381767351554558900e+03
2.382702995642810492e+03
2.384275374544934493e+03
2.384978429060310646e+03
2.385278371617191169e+03
2.385850885687321352e+03
2.387144367308875189e+03
2.388254745028576053e+03
2.389327899180824716e+03
2.390687417308313798e+03
2.390869339142846457e+03
2.391124863295787691e+03
2.392914387004201217e+03
2.394477053555348448e+03
2.394908443542587520e+03
2.396335948305935290e+03
2.397246270706575160e+03
2.397762903887160519e+03
2.398757698823733335e+03
2.399830208691797907e+03
2.401199545160336584e+03
2.402567839197653484e+03
2.404007523404024141e+03
2.404363030448839254e+03
2.404696355118901920e+03
2.405227364126260909e+03
2.406406061349239280e+03
2.407726191264595855e+03
2.409268563722560884e+03
2.409944529291602976e+03
2.410600841563393715e+03
2.411282275577038035e+03
2.411907739408233283e+03
2.413079607004774516e+03
2.414529297709854745e+03
2.414787973988018621e+03
2.415630784021651380e+03
2.417284645224338419e+03
2.418759128476947808e+03
2.419074385401225754e+03
2.419703892998625633e+03
2.420317504878523778e+03
2.421820418478888769e+03
2.423110476815249967e+03
2.424320677586562852e+03
2.424905150794398196e+03
2.425974027659098738e+03
2.427037771456781684e+03
2.427787041346176920e+03
2.429694605896002031e+03
2.430267118877571647e+03
2.430551961599481729e+03
2.431234383754190276e+03
2.433137477240976295e+03
2.433919764957288862e+03
2.435323076047505310e+03
2.435996435692247360e+03
2.436040501193656382e+03
2.437921078774606030e+03
2.438923958303392283e+03
2.439088295628031119e+03
2.440251651848015172e+03
2.441618415434666531e+03
2.442964232854538295e+03
2.443049890751965904e+03
2.443642499532887086e+03
2.444578556261164067e+03
2.446069128363275013e+03
2.447482404533277077e+03
2.448665362709623878e+03
2.450561240815305609e+03
2.451418809291206344e+03
2.452511451481602307e+03
2.453353384942216508e+03
2.454191214829682849e+03
2.454634649864096900e+03
2.456579445022731761e+03
2.457469626836706993e+03
2.457571781512094276e+03
2.459840471058675121e+03
2.460559426175535464e+03
2.462801297225042617e+03
2.463466935015195304e+03
2.464581402697806880e+03
2.466186740082686811e+03
2.467130023129342590e+03
2.467359514910407597e+03
2.468621088189055627e+03
2.469370478796316547e+03
2.471861255458944015e+03
2.472305177128169817e+03
2.473409643130140012e+03
2.474466886926339157e+03
2.476084513438041540e+03
2.477631957704711567e+03
2.478018704742896261e+03
2.478942986045456564e+03
2.480901037633382657e+03
2.481636101570155461e+03
2.482502617264532091e+03
2.483812594892576271e+03
2.484715151278498979e+03
2.485448641753498578e+03
2.486032654626038038e+03
2.486884113299809087e+03
2.487216928040832954e+03
2.488450385986046513e+03
2.488859150435353513e+03
2.489342206398638154e+03
2.490026186946743564e+03
2.491188157682608107e+03
2.492615439992061511e+03
2.493584106246594729e+03
2.495964718777439430e+03
2.496964505889854081e+03
2.497459552510175399e+03
2.498336164780427680e+03
2.499169308352112694e+03
2.499485103142428670e+03
2.501261475879213322e+03
2.501770862469858002e+03
2.502881158793084978e+03
2.503285308799168888e+03
2.503905111435647996e+03
2.504542258665269856e+03
2.506156106041834846e+03
2.506578343207433136e+03
2.508125626838628705e+03
2.508724350836960184e+03
2.509748921198879543e+03
2.510307149110603859e+03
2.511467267818691198e+03
2.511663424771508289e+03
2.512642214936871369e+03
2.513368621498763787e+03
2.515059595569181056e+03
2.517196473975498975e+03
2.517935479770731490e+03
2.518351601014793687e+03
2.519441442948173972e+03
2.519660302504892115e+03
2.520641551940221689e+03
2.521138066979812265e+03
2.521914378974654937e+03
2.524021596014848910e+03
2.524806308517684101e+03
2.525197982401339232e+03
2.526385431902787786e+03
2.526696107722248598e+03
2.527253296381152722e+03
2.529038048831359447e+03
2.529505339231538983e+03
2.530255707704819088e+03
2.531352896896219136e+03
2.531838050902496434e+03
2.535221565574785927e+03
2.535535471518738632e+03
2.537053991377427792e+03
2.537759396170140917e+03
2.539074332487399261e+03
2.539715410038161281e+03
2.541062018936284858e+03
2.541782823583390837e+03
2.542852706143169598e+03
2.544024065728259757e+03
2.545197156594448188e+03
2.545782452991747959e+03
2.547751837948493630e+03
2.548746421691816522e+03
2.548779487519680970e+03
2.550828390132883214e+03
2.551421690924115865e+03
2.552764440745300817e+03
2.553553467266251573e+03
2.554229873906087505e+03
2.554764267262921749e+03
2.555061695502739894e+03
2.555924751642889078e+03
2.556242318429689476e+03
2.557186474720217120e+03
2.558047588840105618e+03
2.558725246327462173e+03
2.560195718454537200e+03
2.561349912785416564e+03
2.562237927782983206e+03
2.562743648703997223e+03
2.564076697696704741e+03
2.564615850621666141e+03
2.565312417204524536e+03
2.567010926065919648e+03
2.567612711379003485e+03
2.567800653409275128e+03
2.569029679255661449e+03
2.569260609081478378e+03
2.570490042377152804e+03
2.571771690282987493e+03
2.573058192278019305e+03
2.573850066483720639e+03
2.576589507380269879e+03
2.576818432886288065e+03
2.578050818148686176e+03
2.578147915492158518e+03
2.581296422347106727e+03
2.581951325334441663e+03
2.582928291991445349e+03
2.583635156213793380e+03
2.584278771292888450e+03
2.584903414643870747e+03
2.585523239859114710e+03
2.586414977969863685e+03
2.587022986533158928e+03
2.588465765356710108e+03
2.591052903928394699e+03
2.591648046984825214e+03
2.592653411890430107e+03
2.593832905849152212e+03
2.594251763381885212e+03
2.595610131549107336e+03
2.596319329991605628e+03
2.596704075399994508e+03
2.597606246514247687e+03
2.598409499725563819e+03
2.599549427586255206e+03
2.600226010156886332e+03
2.601839494847611149e+03
2.603109264587546022e+03
2.604119814354620758e+03
2.604847816682821758e+03
2.606109438261710238e+03
2.606502596947030270e+03
2.607822553260651603e+03
2.608954166084856297e+03
2.611263527352522487e+03
2.611947748056898490e+03
2.612234467510493232e+03
2.612690220038385633e+03
2.613053798301522875e+03
2.615321814489395365e+03
2.616625872238015745e+03
2.617705749369217301e+03
2.618832318627905806e+03
2.620878486789218641e+03
2.621258475453332267e+03
2.621453418938639061e+03
2.622742847813051412e+03
2.623152194891663385e+03
2.624524257248829144e+03
2.625605450069595463e+03
2.626424346053177942e+03
2.626799754027329527e+03
2.627443257469473792e+03
2.629325611470208969e+03
2.629369387799227752e+03
2.630488058631224703e+03
2.632539779366022231e+03
2.633067166580969570e+03
2.633839321569279946e+03
2.635952660725345140e+03
2.636881842747819974e+03
2.638074652867493569e+03
2.639296219490386193e+03
2.639649442785025258e+03
2.639818119882161227e+03
2.641870249065635107e+03
2.642191484868137195e+03
2.643128516570672218e+03
2.645472435131030579e+03
2.646936034772115363e+03
2.648446151807058413e+03
2.649584650198774398e+03
2.650743222158254866e+03
2.651456330730400623e+03
2.651721047033176546e+03
2.652742346495571837e+03
2.653146743392567259e+03
2.653410651895461342e+03
2.654220573196303576e+03
2.655489761053597249e+03
2.656239724435814878e+03
2.656687648237968915e+03
2.657833322131318710e+03
2.658949315955614566e+03
2.660307630429884739e+03
2.660835872066451884e+03
2.661505209887048295e+03
2.662458368067230367e+03
2.663769020662008188e+03
2.665075066543589855e+03
2.666173801245744016e+03
2.666570972032117879e+03
2.667294455017391556e+03
2.668708437498304647e+03
2.670085348408774735e+03
2.670963464893432501e+03
2.672828689578030207e+03
2.674069875560609034e+03
2.675029289216873622e+03
2.675659489415775624e+03
2.677693578217928462e+03
2.677975544882967370e+03
2.678910572569561737e+03
2.680115818080809731e+03
2.680785969986113741e+03
2.680993856566028626e+03
2.681820305682444996e+03
2.682148232700488734e+03
2.684107112348518058e+03
2.684585021266260810e+03
2.685224537121584490e+03
2.686004149694602347e+03
2.686907854005880836e+03
2.687762444713860532e+03
2.688278028122391333e+03
2.691322473424379950e+03
2.692274443872246138e+03
2.694113050220702462e+03
2.695256154217986932e+03
2.695540314256644706e+03
2.697098580102757296e+03
2.697830991102933694e+03
2.698748025879609486e+03
2.699805453699607824e+03
2.700745350995368881e+03
2.701913883362224169e+03
2.702818000084449977e+03
2.703422408727250058e+03
2.703967144312102391e+03
2.705188808988161327e+03
2.705784296456099582e+03
2.706503316669114611e+03
2.708103350512706129e+03
2.708634037157673447e+03
2.709891859625430698e+03
2.711698659224818130e+03
2.712124655140953109e+03
2.713012028463385832e+03
2.713990867930274362e+03
2.714412246341726586e+03
2.715110301460385926e+03
2.715453645343910466e+03
2.716493117926378545e+03
2.717019379978283723e+03
2.717973758162848753e+03
2.718106833671071399e+03
2.719364131769892992e+03
2.719647975378605224e+03
2.720593715607910781e+03
2.721977817275435882e+03
2.723888060506025795e+03
2.724549694976189130e+03
2.725756413499385872e+03
2.727302358070003720e+03
2.727610738466005841e+03
2.729280276535541816e+03
2.730217856862726421e+03
2.732117030785984753e+03
2.732833737700273559e+03
2.733474076012259047e+03
2.735591676459782320e+03
2.737154636519731866e+03
2.738091749290507323e+03
2.739251846682219366e+03
2.739587354973921720e+03
2.740028276413392177e+03
2.740778407107424755e+03
2.742228234901830547e+03
2.742456290871412875e+03
2.743211672285720852e+03
2.744524989897427986e+03
2.745466318151050473e+03
2.747358131396721092e+03
2.747512922425691158e+03
2.748781835740578572e+03
2.750715515204805342e+03
2.752131087841150929e+03
2.753272368884732714e+03
2.753896592463788238e+03
2.756886054386765409e+03
2.757291832892614366e+03
2.758029678290849006e+03
2.759841052255754221e+03
2.760697287024486286e+03
2.760874270443287969e+03
2.762065589494580308e+03
2.763821647712429694e+03
2.764691862271160517e+03
2.765067172413063872e+03
2.765714168675061046e+03
2.767276235105056912e+03
2.767685351706799338e+03
2.770056211788068140e+03
2.771651301027423415e+03
2.772163162074306456e+03
2.772784845553766900e+03
2.773630617104707653e+03
2.775086366164461651e+03
2.775905451867578449e+03
2.777535512723713055e+03
2.779110726328586679e+03
2.779499481705714970e+03
2.779871935343443511e+03
2.780088098815027479e+03
2.781599274836279619e+03
2.782254247090983881e+03
2.783175275877154036e+03
2.783646550753691372e+03
2.786266064488583652e+03
2.786816752023373738e+03
2.787185700141998495e+03
2.788754004596671621e+03
2.788987878775246827e+03
2.791495410536280360e+03
2.791708327034751164e+03
2.792171323060751092e+03
2.793079234220187573e+03
2.794806868110657888e+03
2.795135515074001432e+03
2.796403668529103925e+03
2.799016425960842753e+03
2.799508923150844566e+03
2.801402630509095616e+03
2.801624923277739526e+03
2.801996737073625809e+03
2.802772731792646027e+03
2.803533432135678595e+03
2.804561817101655834e+03
2.805608555262923801e+03
2.807653340609650513e+03
2.808774653174761625e+03
2.809899968926994916e+03
2.810904815012509971e+03
2.811917808435844563e+03
2.812874299778378372e+03
2.813494310826184119e+03
2.815242147329327963e+03
2.816413488977374982e+03
2.816893977580341016e+03
2.818056183900957421e+03
2.818204608003671638e+03
2.819493233956358836e+03
2.820078099093002947e+03
2.821049391857953651e+03
2.822335556884017024e+03
2.823260258532195621e+03
2.825465379330911674e+03
2.827306354166656092e+03
2.828819816910959162e+03
2.828968552512355018e+03
2.829267428648458917e+03
2.830970325053040142e+03
2.831506453773697103e+03
2.831917779013183463e+03
2.833618218439001339e+03
2.833644749847328058e+03
2.834477064524883644e+03
2.835384175465824683e+03
2.835755586016576672e+03
2.836357211927735534e+03
2.836530504205097714e+03
2.838061660095134357e+03
2.840563956943622543e+03
2.841061897695034531e+03
2.842083446828290562e+03
2.843472218381366474e+03
2.843806217204841232e+03
2.844946809922421835e+03
2.845902816550986245e+03
2.847034241426474637e+03
2.847369048896927779e+03
2.847416599175047850e+03
2.848038551485359676e+03
2.848579802027804362e+03
2.849394524879492110e+03
2.850065323479775543e+03
2.852096838532007496e+03
2.852558382616148265e+03
2.853256565220929133e+03
2.854023944831945300e+03
2.856089038789496954e+03
2.856602484818579342e+03
2.856879466531417165e+03
2.857982075391873423e+03
2.859439993443117601e+03
2.861054419242987478e+03
2.861989680878976742e+03
2.862195723429184909e+03
2.863207850326066364e+03
2.863555023246391102e+03
2.864504112298370273e+03
2.866506678153333723e+03
2.866916576690443435e+03
2.867451253153928519e+03
2.868198213492672039e+03
2.869315471245424305e+03
2.869958618759922501e+03
2.872465894329320236e+03
2.873168505627304512e+03
2.876118319126475399e+03
2.876828521318510866e+03
2.877696764004687793e+03
2.878116045466456399e+03
2.880217340524452084e+03
2.881180545293102114e+03
2.881487776465000024e+03
2.882723300357998596e+03
2.884160029850349929e+03
2.885078605824026454e+03
2.887118506281801274e+03
2.887897290597816209e+03
2.888056257711478793e+03
2.888735850425444369e+03
2.889443002123830411e+03
2.890832518672957576e+03
2.892503627948854046e+03
2.894412754379019134e+03
2.895494436548851809e+03
2.896706260080815355e+03
2.898295491050609598e+03
2.899251975433137886e+03
2.899749453572481343e+03
2.901864514341501490e+03
2.902868241340039276e+03
2.904197888863894150e+03
2.904554688616929525e+03
2.904848176272930687e+03
2.905215639914289568e+03
2.907297664058777627e+03
2.908097303097235908e+03
2.909029468958359757e+03
2.909178459696838672e+03
2.910654770445712984e+03
2.911245771185198464e+03
2.913176460845392285e+03
2.914027238058066814e+03
2.915294029525461610e+03
2.915538324350405674e+03
2.917819396855516970e+03
2.918245196313368979e+03
2.918839440765793825e+03
2.919094572393811177e+03
2.920699248515894396e+03
2.920760629056378093e+03
2.921303241629084368e+03
2.921992874624878368e+03
2.922514103283378518e+03
2.924692136407238650e+03
2.925163314191476729e+03
2.925531553162197270e+03
2.925631571400836947e+03
2.926805816028788286e+03
2.928654309692890365e+03
2.928832023649581970e+03
2.932084622490211586e+03
2.932638448889534629e+03
2.932821548011982031e+03
2.933463354406881081e+03
2.934138776771872017e+03
2.934743551025752822e+03
2.935022339935019318e+03
2.935633787856942490e+03
2.936033713005072059e+03
2.936285931511993113e+03
2.938209862632003023e+03
2.940392671631914254e+03
2.941647082072286139e+03
2.942377909443503086e+03
2.943338323533295807e+03
2.943809530872386858e+03
2.944894989760729914e+03
2.945252887170539907e+03
2.946180007089919854e+03
2.946759061731704605e+03
2.947020241474871000e+03
2.949637229703452249e+03
2.950977328102800584e+03
2.951542137064514463e+03
2.952432782661352576e+03
2.953374970560438669e+03
2.957473755393084957e+03
2.960467450503902455e+03
2.963405003202783064e+03
2.966119875446855076e+03
2.967103588643610237e+03
