5.036637245425481524e-01
1.991072447064652806e+00
2.885266919384775974e+00
4.401208142560335546e+00
5.344873146523923424e+00
6.103890255958503985e+00
7.266536266427465307e+00
8.285535470073000397e+00
8.901535827580801197e+00
9.668515372462024970e+00
1.099806254760596858e+01
1.158851788102037972e+01
1.284424661268440104e+01
1.411068654023051749e+01
1.639731973805646703e+01
1.723849762196095980e+01
1.806251164015975519e+01
1.874212207909977224e+01
1.981326303918422127e+01
2.015347234302453217e+01
2.028405212965458304e+01
2.089142697520583170e+01
2.170620628045935518e+01
2.398115194930051075e+01
2.446692386351264759e+01
2.596997539654671527e+01
2.698919357562954247e+01
2.781868526529819974e+01
2.864994977616038341e+01
2.985572600346927175e+01
3.069975500755322173e+01
3.155277024355655158e+01
3.308037404225319733e+01
3.350907050015462119e+01
3.433789941041004568e+01
3.635649629611225464e+01
3.729756595326625757e+01
3.804791669208543681e+01
4.011820589024091532e+01
4.051402994682644021e+01
4.102876026676131005e+01
4.161095412646000113e+01
4.199676954173582999e+01
4.249221347200864329e+01
4.371281803490592210e+01
4.488452955679645129e+01
4.578431342751446209e+01
4.799605263143030243e+01
4.891414138679124335e+01
4.931435545437329893e+01
5.060401235574227030e+01
5.105406160691973128e+01
5.249962612777812865e+01
5.327116956950931126e+01
5.421202213789524649e+01
5.544766585860543273e+01
5.711014109536790784e+01
5.833204739252960280e+01
5.916974763045095642e+01
5.985058957605860996e+01
6.069138268952042381e+01
6.187460150909464573e+01
6.311510456217115461e+01
6.366869048669877884e+01
6.443214047151786872e+01
6.536848423608080338e+01
6.721198082077353320e+01
6.839271911405421633e+01
7.006838678568851719e+01
7.096466072500561495e+01
7.157316591765379599e+01
7.341087144838911627e+01
7.411983181621917538e+01
7.475908898507304912e+01
7.618998196938264300e+01
7.708415572295461970e+01
7.916250035741381907e+01
8.012479381929711053e+01
8.114188539176325321e+01
8.174130133210269378e+01
8.269010510404291381e+01
8.312835357934955027e+01
8.368700479669132619e+01
8.539103761724368269e+01
8.615976682083783089e+01
8.796493514599956143e+01
8.856721507137899607e+01
8.937703455801829477e+01
8.980083071630883751e+01
9.053149839163893375e+01
9.124343888993780638e+01
9.177597047259769170e+01
9.333344414557700475e+01
9.454964313709638191e+01
9.559983235642289401e+01
9.616010532212703765e+01
9.639882342206465182e+01
9.752664579681027135e+01
9.809841434995951204e+01
1.001013918382629981e+02
1.015549666426315980e+02
1.026713193647838125e+02
1.033120883271001276e+02
1.039002450012628742e+02
1.047321286329306531e+02
1.054988070207837154e+02
1.079939840543843275e+02
1.086609457799827396e+02
1.097356478018541566e+02
1.111256187622482230e+02
1.119211820662890204e+02
1.133259961018545710e+02
1.146027526784928341e+02
1.151568572260614474e+02
1.162085642752351760e+02
1.168440172638461263e+02
1.177657545863471569e+02
1.184753909940611720e+02
1.195063696802453705e+02
1.201665772057858703e+02
1.205791322008394673e+02
1.215293605876138372e+02
1.221911693974693662e+02
1.229402848180152432e+02
1.237080440300765076e+02
1.248448077112896044e+02
1.253697331356991072e+02
1.258360546184071609e+02
1.265116928382235528e+02
1.278147945531879941e+02
1.288444202336381750e+02
1.294345161413177721e+02
1.303448095519631806e+02
1.311783160298939492e+02
1.315321553769413185e+02
1.329630248417902294e+02
1.340840253702936025e+02
1.351283886229086875e+02
1.366166213828557829e+02
1.381865960239497326e+02
1.388779479453360182e+02
1.393670868069204971e+02
1.400195735806705670e+02
1.407557637571255782e+02
1.428566207013398071e+02
1.433645715964341889e+02
1.450068711348119450e+02
1.458255414127420408e+02
1.466226918607883363e+02
1.483422550246225455e+02
1.499950777400094921e+02
1.510212447197702659e+02
1.524664505335106242e+02
1.541494503266587799e+02
1.547553368960275293e+02
1.556993123856673265e+02
1.570270894756317830e+02
1.581876734418838168e+02
1.595974703982330993e+02
1.604589411826068499e+02
1.616431982083370258e+02
1.620586508112291995e+02
1.627486131708747052e+02
1.669271521691462112e+02
1.674613974878957379e+02
1.680051996035404045e+02
1.694531187040201985e+02
1.704108518335083318e+02
1.707074594735013306e+02
1.715499944141602100e+02
1.718782458550294905e+02
1.731665107565058861e+02
1.743543737547533965e+02
1.751544499015278689e+02
1.766886804371545168e+02
1.770141177104035251e+02
1.780929043455030296e+02
1.798962280816454040e+02
1.807164329066004029e+02
1.818657595649008272e+02
1.831415201315207923e+02
1.833478432308763786e+02
1.844379981163835964e+02
1.852966443060790880e+02
1.860716116595076528e+02
1.865967028316247251e+02
1.874926487622649347e+02
1.880868364259315513e+02
1.891860278643616766e+02
1.897739933237699006e+02
1.908205275838581656e+02
1.923094067242968777e+02
1.927545087014368619e+02
1.939677947456045786e+02
1.942305275657151924e+02
1.953981729886013454e+02
1.965236451657422094e+02
1.976643234615228266e+02
1.991238275717375927e+02
2.001180777494423637e+02
2.011543429964058305e+02
2.023514408877172173e+02
2.032572947248415858e+02
2.040552245963697260e+02
2.041910119510089316e+02
2.058794501232293896e+02
2.061785937787253715e+02
2.072080670497009578e+02
2.081655733619300008e+02
2.094146455506377151e+02
2.102592268626406167e+02
2.108950454142054696e+02
2.122353423457043391e+02
2.134802703718678458e+02
2.143750703510481799e+02
2.154721222370485521e+02
2.160706448626012843e+02
2.170358960286571346e+02
2.186135437391897085e+02
2.195711919816967566e+02
2.200631300834211288e+02
2.203804118283453590e+02
2.209424380658317659e+02
2.226448622610846542e+02
2.237037500219762478e+02
2.250660663079884216e+02
2.256597783803824768e+02
2.262572511338487402e+02
2.280301091977842134e+02
2.294519390572104385e+02
2.315482481397530137e+02
2.329745193628009474e+02
2.342269761428635775e+02
2.350917770947321515e+02
2.369451932230158491e+02
2.375921767532811373e+02
2.386276482680727895e+02
2.404036529781878926e+02
2.411678362335730981e+02
2.417467057603053036e+02
2.423013685897726646e+02
2.433555486086090696e+02
2.439450364197157342e+02
2.453355121986107861e+02
2.459799506051192566e+02
2.467696470576831871e+02
2.474693591228995047e+02
2.484821855794430121e+02
2.496851124046961559e+02
2.503475039875229413e+02
2.506104995628058987e+02
2.513155054227709115e+02
2.528639213353278592e+02
2.534137729408992072e+02
2.548154669310088138e+02
2.565216611264388575e+02
2.573963752873612520e+02
2.583771586139587271e+02
2.592676515543760161e+02
2.599056521743582380e+02
2.609759065461250884e+02
2.622042311994728152e+02
2.635803129691419144e+02
2.643210847545831257e+02
2.659880269671893984e+02
2.674264285506983470e+02
2.684101706519800246e+02
2.687633624004470221e+02
2.707586475548432645e+02
2.724590669484525733e+02
2.731798273190561304e+02
2.741827465025662605e+02
2.748371275440988484e+02
2.757980122574379038e+02
2.765774398653545632e+02
2.784742656117023216e+02
2.790548395841929050e+02
2.800926049183826763e+02
2.812263365119281389e+02
2.827495396911567695e+02
2.835566878849137993e+02
2.852742221334519854e+02
2.860047362905015689e+02
2.875712666482493205e+02
2.882767807920429277e+02
2.896808203674813740e+02
2.901227930148747873e+02
2.904851378911944266e+02
2.914653117228676820e+02
2.925294479817841875e+02
2.933420524991840921e+02
2.940055743095877006e+02
2.948075963772499790e+02
2.954281302436452279e+02
2.960664928792244837e+02
2.967523155829156849e+02
2.983007622290239169e+02
2.992227644762838281e+02
3.000959128182255427e+02
3.008858735711655754e+02
3.018314859376692993e+02
3.025604757920456223e+02
3.030837976332238668e+02
3.044089911564273052e+02
3.053268948321746166e+02
3.060052628063631346e+02
3.064202381983753867e+02
3.079273679675675339e+02
3.092723202938485656e+02
3.096601213017279406e+02
3.101880196792873221e+02
3.111019985740909988e+02
3.121019166339240201e+02
3.131336073208121888e+02
3.144929451202984865e+02
3.152799321248343176e+02
3.163033313848051193e+02
3.174977945764622973e+02
3.183931462082965709e+02
3.190971896720803898e+02
3.199076726753315825e+02
3.203935639552832981e+02
3.207225133099701679e+02
3.222514756921304979e+02
3.231815647014284423e+02
3.239057100268993281e+02
3.244086247816669584e+02
3.260675313933344341e+02
3.270819459521720773e+02
3.276389908792189090e+02
3.284189372908977020e+02
3.289625479293762282e+02
3.306726643955772715e+02
3.309031926415718772e+02
3.315115365622467607e+02
3.324278627601484004e+02
3.328485290108909567e+02
3.335733631987189938e+02
3.348101166233669801e+02
3.359520493654187021e+02
3.368230044258572207e+02
3.378672492075609171e+02
3.385294793839733529e+02
3.392893334563509598e+02
3.404234830758864518e+02
3.416205612067028596e+02
3.426262211591854339e+02
3.442735175450401357e+02
3.455376697990952835e+02
3.465923178620686258e+02
3.471378858090789663e+02
3.478198854855864965e+02
3.497531880767878647e+02
3.508062210828258003e+02
3.518266896280613310e+02
3.532580207575314262e+02
3.538139851106519700e+02
3.564678089650635684e+02
3.570142744417285030e+02
3.579571858507591742e+02
3.593860579074313364e+02
3.598016146713459875e+02
3.616684975019103376e+02
3.624746643260484689e+02
3.627681310761164468e+02
3.637077356779668662e+02
3.648100122145851856e+02
3.658838020453282525e+02
3.669282738178272893e+02
3.675472148502050231e+02
3.680038943258282416e+02
3.695816588585257705e+02
3.707117519016911729e+02
3.720597162902977288e+02
3.729396531167918738e+02
3.733298531782336340e+02
3.745030367000962315e+02
3.761866396258753866e+02
3.769124489066781507e+02
3.774905423015926544e+02
3.780312478718751663e+02
3.792931813842134261e+02
3.814118212543236268e+02
3.824179281720105337e+02
3.837057420571688908e+02
3.847494092852109588e+02
3.863615679443621502e+02
3.888504711381623338e+02
3.892602575785930412e+02
3.904882478137531052e+02
3.920039670619224808e+02
3.934119750470699728e+02
3.950999994870300043e+02
3.959166551340736078e+02
3.971583210002951319e+02
3.983457574845092495e+02
3.988834241161572436e+02
3.998828473368765799e+02
4.007348325594847438e+02
4.016891227867816951e+02
4.024781645752221948e+02
4.038049696473451604e+02
4.050621712068124225e+02
4.061257437892581947e+02
4.071969960503020047e+02
4.079003203638601462e+02
4.086980490282588789e+02
4.096040029087361063e+02
4.112820697508460626e+02
4.114067692180697122e+02
4.119483879136612359e+02
4.128300640988221630e+02
4.136489967243546744e+02
4.146029217548638144e+02
4.154974897125855477e+02
4.164810247597037005e+02
4.177678902590907910e+02
4.190250140224793540e+02
4.212127938547238273e+02
4.217550423086098590e+02
4.221620120437777359e+02
4.230491620321170103e+02
4.236246560509440542e+02
4.252044975938057405e+02
4.267768701169969745e+02
4.278240231271269067e+02
4.287289587596557112e+02
4.295399217827608709e+02
4.301264581062933985e+02
4.312603115579830728e+02
4.326512710799007664e+02
4.337129985236718994e+02
4.344159646670811981e+02
4.365054772404463392e+02
4.370005499522663968e+02
4.383857928770937633e+02
4.404569184230664405e+02
4.407647527418455411e+02
4.416315528068937510e+02
4.435613220573656008e+02
4.440440734373646592e+02
4.451956520095894803e+02
4.470765715836676009e+02
4.480748133622016667e+02
4.487686046320451396e+02
4.495629185530408449e+02
4.515313219908809970e+02
4.521983090623534736e+02
4.525603905235055890e+02
4.540691677781828730e+02
4.549470392714828222e+02
4.555661876871839695e+02
4.571037943188039208e+02
4.577448341331779602e+02
4.589029954482423364e+02
4.596921756689646372e+02
4.602139677657664834e+02
4.607017529993273683e+02
4.613600591976568239e+02
4.623534134552426167e+02
4.629987031102718902e+02
4.638228674540562224e+02
4.644401610358780772e+02
4.651181530675105478e+02
4.660959839782011613e+02
4.668076094953408983e+02
4.685360171816508910e+02
4.696717578449005259e+02
4.702516126693341221e+02
4.708937489478196312e+02
4.725409185245961226e+02
4.733429863598674956e+02
4.742184651456376514e+02
4.751824191666229353e+02
4.760586831438012041e+02
4.770563737461566234e+02
4.779645087904813181e+02
4.793112241857312483e+02
4.805431998926172810e+02
4.820477543053003728e+02
4.833466470439194609e+02
4.846161980690342261e+02
4.850716533250292741e+02
4.858860573229204647e+02
4.863541038054488581e+02
4.876782893214221986e+02
4.888750654570503684e+02
4.895312863675886774e+02
4.909008028662073002e+02
4.916943995575691133e+02
4.922646171213038997e+02
4.935115108053989843e+02
4.946675064221822140e+02
4.955483137140818144e+02
4.963041951767112323e+02
4.971213311358070541e+02
4.988419758887797570e+02
4.992386851479367351e+02
5.003547235939286111e+02
5.009595116824109482e+02
5.017469430305206970e+02
5.022341385701408853e+02
5.037954909058528301e+02
5.042419496274281983e+02
5.052856648508923172e+02
5.059776699307018362e+02
5.072536808740189826e+02
5.088916655645364244e+02
5.090724813628083893e+02
5.101828108344303701e+02
5.117044164494022880e+02
5.121241185910957938e+02
5.127860642551894443e+02
5.133816905553568404e+02
5.149304981515426789e+02
5.163552487663830561e+02
5.165779920344508582e+02
5.178034791964805663e+02
5.187644280636939129e+02
5.202282642381377400e+02
5.210025376179787600e+02
5.230052397074408645e+02
5.234731140320959639e+02
5.253101480189210406e+02
5.257449012354080651e+02
5.276174740734559236e+02
5.284799266534533899e+02
5.288526394959822028e+02
5.290898218533402542e+02
5.300399784354923440e+02
5.315146515489971080e+02
5.320736399367099239e+02
5.328401475981985413e+02
5.338423725931878607e+02
5.345278089627706777e+02
5.352753544236649077e+02
5.357346620643254482e+02
5.359619505370645811e+02
5.369752305266176791e+02
5.378842275730620486e+02
5.394751156398194780e+02
5.400978820356277765e+02
5.409558548889735903e+02
5.414940879392833040e+02
5.422960326699878806e+02
5.435170665461670296e+02
5.440999541443587759e+02
5.451531108436939803e+02
5.467040425895502267e+02
5.471241842943763913e+02
5.485476533711199636e+02
5.494753818460496859e+02
5.500891619709364022e+02
5.521737232471092511e+02
5.533523417435620786e+02
5.542139729062339484e+02
5.559609332864530415e+02
5.567470462452495212e+02
5.575907323594484524e+02
5.580163270417477861e+02
5.594627180706750096e+02
5.606539451887459791e+02
5.610847330958210932e+02
5.619596625111712456e+02
5.624962433965035871e+02
5.632371092162578634e+02
5.643461853721820489e+02
5.656996251719667725e+02
5.665109282089769067e+02
5.678398707006432460e+02
5.691929327730784962e+02
5.696005303742325623e+02
5.701232757651164320e+02
5.712904445896650714e+02
5.727153626048010437e+02
5.739051744199806535e+02
5.750570916170903502e+02
5.756880833181509161e+02
5.762163043891976031e+02
5.778509814103275630e+02
5.792088637623446630e+02
5.800640230674786153e+02
5.802864904406918640e+02
5.817505532180953196e+02
5.831893293983332569e+02
5.843724522463627409e+02
5.854858219705801048e+02
5.863225800185339267e+02
5.875607520818084595e+02
5.880446031041518609e+02
5.888585813674602605e+02
5.894820195374268224e+02
5.906401347928137966e+02
5.913252310721342155e+02
5.920384104654624480e+02
5.935810490775343169e+02
5.944781556228967929e+02
5.949059997759069347e+02
5.965536849292416264e+02
5.970576593259015681e+02
5.979137671027062879e+02
5.995785456669484574e+02
5.999308546291655375e+02
6.006098065244285635e+02
6.011906420271410525e+02
6.024120769003301348e+02
6.033528149675436225e+02
6.045560164120967102e+02
6.053769231369624322e+02
6.065710181643493115e+02
6.074940163369861921e+02
6.086513633821341500e+02
6.099045949080252740e+02
6.102043284258572839e+02
6.122707129855929225e+02
6.131370563879060001e+02
6.143329098196505811e+02
6.145611056610568994e+02
6.155530146385974604e+02
6.169295679201998155e+02
6.179230683634482375e+02
6.191911782903122230e+02
6.201431339775542710e+02
6.208781752103249119e+02
6.220337559330766908e+02
6.227222923468068529e+02
6.234781995842212154e+02
6.244940659880452358e+02
6.257754196007572318e+02
6.268057971607178160e+02
6.278629573278054750e+02
6.295563218841726894e+02
6.299459097137922754e+02
6.310427904048985965e+02
6.321721558896107354e+02
6.336216054616135125e+02
6.345421305088686950e+02
6.355352414475123624e+02
6.366322354012852429e+02
6.378553599964399154e+02
6.400634108310404145e+02
6.410411746473690755e+02
6.423339941124330608e+02
6.435416663961416361e+02
6.456149634168118610e+02
6.472800278719522566e+02
6.482799275174224931e+02
6.497610358914940889e+02
6.505093248007253806e+02
6.517527014652350772e+02
6.522620435368493190e+02
6.540193104601893310e+02
6.547735153575820277e+02
6.562509579174568444e+02
6.568738811033723550e+02
6.575120845897070012e+02
6.582790972840920176e+02
6.605038285979306920e+02
6.610501458607833456e+02
6.622377410632816463e+02
6.634438162734508069e+02
6.643656735692845814e+02
6.650229288111834194e+02
6.656063951732763826e+02
6.661312265370023624e+02
6.668318138904101033e+02
6.692156965366386885e+02
6.699220132192455139e+02
6.719424401139626752e+02
6.730769707575784651e+02
6.741800555991914052e+02
6.755480403923130552e+02
6.759157019784145177e+02
6.761780358869691554e+02
6.771158120756496146e+02
6.779767214114552871e+02
6.792746811935973028e+02
6.799414285398814854e+02
6.817332242843721133e+02
6.824821166667740044e+02
6.831748275219927109e+02
6.843161903148735519e+02
6.853689970718387485e+02
6.860699195473725922e+02
6.874163293022992320e+02
6.878726076588926617e+02
6.888191526024601217e+02
6.894699060830170083e+02
6.900225210188688152e+02
6.910827619130940320e+02
6.921278833389653755e+02
6.927223661958007597e+02
6.934210240730210444e+02
6.956313855144866238e+02
6.962917518187221049e+02
6.973828764287359263e+02
6.987687281810173090e+02
6.992814239941877759e+02
7.007068783968754815e+02
7.017844329083346793e+02
7.019496639106549765e+02
7.041502800075245432e+02
7.052645409766033708e+02
7.057521771250051188e+02
7.064955090637050716e+02
7.079836371261753811e+02
7.089521220478932264e+02
7.109438382810058101e+02
7.114454880160342327e+02
7.122240310528807186e+02
7.141878889002963433e+02
7.151452036085657937e+02
7.156411120832766528e+02
7.167757773842389497e+02
7.171475271279905428e+02
7.183067800118337800e+02
7.190713309855217403e+02
7.196600962208128749e+02
7.206050424577578042e+02
7.212015291690298682e+02
7.220974288961070897e+02
7.228217452124181364e+02
7.237314679110377256e+02
7.244647179596415754e+02
7.252147146022538209e+02
7.264386015176049796e+02
7.266570971740530922e+02
7.271289898059374082e+02
7.284511320421573828e+02
7.289677056430269886e+02
7.297826058091835648e+02
7.303186606022744627e+02
7.314483704910259121e+02
7.331036467654623721e+02
7.337560779603448964e+02
7.343248110059278133e+02
7.360548689603504044e+02
7.368665014294008415e+02
7.374663665428072363e+02
7.397047484507837680e+02
7.402817672052563012e+02
7.418467053406951663e+02
7.430541112077464732e+02
7.448906640159993913e+02
7.462496959784591581e+02
7.467414377881060545e+02
7.490094345348571778e+02
7.496318061955518033e+02
7.505603180413162363e+02
7.529384446674775972e+02
7.535807997030192382e+02
7.544503733112707096e+02
7.562388566845066862e+02
7.568404097736504355e+02
7.580237099964642766e+02
7.585240617794880791e+02
7.597416276078205328e+02
7.604471804573794316e+02
7.617577814901162583e+02
7.623806525250832919e+02
7.640990945853158109e+02
7.645083877513809512e+02
7.657967029759793149e+02
7.669044636527873990e+02
7.678304080054494989e+02
7.688893229477455407e+02
7.699674395587808249e+02
7.708492991883144896e+02
7.713535202630317826e+02
7.717591416649694338e+02
7.725030256923953402e+02
7.734881977084993423e+02
7.749034972902687741e+02
7.758016813847997355e+02
7.767441133982162000e+02
7.772417951841420063e+02
7.781161309264731472e+02
7.799873280610785287e+02
7.810149654040146743e+02
7.821068595513614810e+02
7.827760776351107097e+02
7.844607598964696535e+02
7.860991255086573801e+02
7.867480190451017279e+02
7.884033799854764766e+02
7.885476528407361911e+02
7.902513621156593899e+02
7.907713310960488116e+02
7.912687480312382604e+02
7.928218172437932481e+02
7.934447040864904466e+02
7.949386164246615181e+02
7.960263247778766527e+02
7.981882949724824812e+02
7.987254105626269620e+02
8.000403417975156799e+02
8.008819147635582567e+02
8.018316905689431451e+02
8.025077934187111168e+02
8.036920613575798598e+02
8.043509903856228220e+02
8.055225013302651860e+02
8.058981513819966267e+02
8.065757694418218762e+02
8.079220660753292123e+02
8.085856763102372042e+02
8.089041885891597303e+02
8.098721114384319435e+02
8.112206843563209304e+02
8.118104927020187915e+02
8.131476388781812830e+02
8.139100114422365095e+02
8.147534918039227705e+02
8.152226622479815887e+02
8.164602115985337605e+02
8.173654452830944592e+02
8.183941354140697513e+02
8.191389193142085787e+02
8.200605476135879144e+02
8.205874432230550610e+02
8.214749243551161726e+02
8.221237221148069239e+02
8.226256337483214338e+02
8.240992317069385535e+02
8.243857536500954666e+02
8.255750172534440026e+02
8.262698467604946018e+02
8.264029679650727758e+02
8.275477321561943427e+02
8.286468284893078362e+02
8.293961767100001907e+02
8.298002301886696159e+02
8.303682338437945418e+02
8.316251555009800995e+02
8.326021861650285700e+02
8.331405200237577446e+02
8.340781053805593501e+02
8.351325011030630776e+02
8.360894154177976816e+02
8.365999566793728945e+02
8.373002009040826579e+02
8.387753744454200842e+02
8.396660037157621446e+02
8.413092944885447650e+02
8.420991189584615313e+02
8.429562044673267565e+02
8.441121358906070782e+02
8.454182272029452179e+02
8.458477707250199273e+02
8.477910221852683890e+02
8.484811044538575970e+02
8.491228761897209552e+02
8.501890864088780972e+02
8.505652121382778432e+02
8.511740660039502018e+02
8.528339565573342043e+02
8.532072896856423085e+02
8.544656096977454354e+02
8.555146798617341801e+02
8.561798345925756166e+02
8.566298861057532577e+02
8.581396863246210387e+02
8.583316530653496557e+02
8.593827753928385391e+02
8.605157632957455007e+02
8.620625675806675190e+02
8.630855942540490560e+02
8.639378491521667911e+02
8.644984049350696296e+02
8.654592464910468834e+02
8.661662380530726750e+02
8.676178350529410181e+02
8.690238135237382266e+02
8.692732447485660714e+02
8.716070489694355956e+02
8.726174699138852020e+02
8.732419497577811853e+02
8.738204223906719790e+02
8.758033284590643461e+02
8.762877097842182366e+02
8.777440508831307397e+02
8.788377796072979891e+02
8.802821097171987503e+02
8.808128339595266425e+02
8.819431475871091379e+02
8.826916773823161293e+02
8.839212206563394147e+02
8.855333491240287458e+02
8.867104931228677742e+02
8.876682468525796139e+02
8.883656350003889202e+02
8.889666248716545169e+02
8.896398385894281091e+02
8.904757844274590752e+02
8.926394340280994584e+02
8.938124862232126588e+02
8.948510492185506564e+02
8.957387166838998382e+02
8.971975332046149560e+02
8.988880627892472148e+02
8.998813274526125952e+02
9.003618078968986538e+02
9.020079082599856974e+02
9.037454656785571387e+02
9.046448972691082417e+02
9.061610046464346624e+02
9.064150718491317775e+02
9.072905847316840209e+02
9.076383012837598017e+02
9.085197704341051121e+02
9.095894140491438975e+02
9.112891695603277640e+02
9.114891373237524022e+02
9.124179044739483970e+02
9.137467047713416832e+02
9.144491331386724369e+02
9.166736739537000176e+02
9.177374087747496105e+02
9.183659771321283642e+02
9.200476636931750818e+02
9.205960891073032144e+02
9.213635891753916667e+02
9.227500172954391928e+02
9.235032356749391056e+02
9.241043290480106407e+02
9.249610337178460213e+02
9.263893976026208747e+02
9.274693786953446306e+02
9.280160591170549651e+02
9.301585852545597390e+02
9.311476492938475076e+02
9.316400364034353743e+02
9.327594268457409044e+02
9.335547004951635017e+02
9.342504051092043937e+02
9.346305315840697858e+02
9.358954061808051392e+02
9.374035498841279832e+02
9.382918993314638101e+02
9.394893611799296878e+02
9.405886594489992376e+02
9.410182879466514123e+02
9.421891671335490628e+02
9.429178268920500159e+02
9.443229438079224565e+02
9.445698693183333035e+02
9.458214501671830021e+02
9.462086382837435394e+02
9.475257691569045164e+02
9.484013613790928048e+02
9.490984640881611085e+02
9.504443589273605539e+02
9.515679709117375751e+02
9.524408320405958648e+02
9.533909653215253002e+02
9.549782964438857107e+02
9.562019663401110847e+02
9.570478239582103015e+02
9.581942055902570701e+02
9.597508747988092637e+02
9.602595815314814445e+02
9.618749906689297404e+02
9.629993603732228848e+02
9.638855350603506622e+02
9.646242279078551292e+02
9.660857358114483304e+02
9.669360638453983938e+02
9.679719881867797540e+02
9.690241312863568055e+02
9.710403305260379057e+02
9.717625213285637074e+02
9.726432023116975643e+02
9.733728044114075146e+02
9.746154652628540589e+02
9.761270919170779052e+02
9.771902109529903555e+02
9.786338687007062163e+02
9.794263202524718963e+02
9.808127438575021415e+02
9.812269953180996254e+02
9.827130004401822134e+02
9.834729618282771071e+02
9.846423205510945991e+02
9.861893897781800433e+02
9.873935041653312510e+02
9.883088695585051937e+02
9.893973793103411936e+02
9.906169002710655604e+02
9.912940821956526634e+02
9.928971789707834432e+02
9.936215967576640651e+02
9.945400278904076004e+02
9.956599205605604084e+02
9.979137730883718405e+02
9.983346963251761963e+02
9.993735645220066317e+02
1.000807815779306338e+03
1.002197483007088749e+03
1.002773369507266125e+03
1.004207444093741628e+03
1.005454380773345747e+03
1.005901348461188263e+03
1.007149342854379256e+03
1.008058123199372289e+03
1.009033517722455940e+03
1.010615138101858292e+03
1.011249468929995942e+03
1.012520339500628097e+03
1.013423941886274406e+03
1.013792440026847885e+03
1.015232649903701713e+03
1.016097268308647244e+03
1.017708979580145751e+03
1.018553246196960345e+03
1.019065813303459436e+03
1.020798645081101313e+03
1.021356999749398028e+03
1.022507350545682584e+03
1.023166241383577471e+03
1.024116920076102133e+03
1.024821384727026270e+03
1.025484580315067433e+03
1.027232963970661785e+03
1.028072620819262966e+03
1.029403537429101334e+03
1.030113535574208981e+03
1.030767622176062105e+03
1.031306779873049436e+03
1.031958306955777516e+03
1.033145019673772822e+03
1.034264632608167631e+03
1.034786654417769114e+03
1.035851826145949872e+03
1.036424782839962745e+03
1.037748402076844059e+03
1.038620669327407086e+03
1.039477048445464561e+03
1.040421565803192834e+03
1.040938222305624095e+03
1.041898220749767233e+03
1.042492711468745711e+03
1.043072873508808016e+03
1.044449294489359545e+03
1.045045699781587018e+03
1.046267329797984758e+03
1.046932721434816358e+03
1.047794923031829740e+03
1.048497134873830419e+03
1.049093345721453716e+03
1.050042031627318920e+03
1.050944458736611978e+03
1.051849679869677857e+03
1.053485821123800406e+03
1.054016428651533943e+03
1.054927500148693071e+03
1.055402304151790759e+03
1.056304927840169057e+03
1.057232545860175833e+03
1.058464508037952555e+03
1.059533036715043636e+03
1.060346626613222952e+03
1.060983602538731020e+03
1.061474003684812942e+03
1.062639893726789978e+03
1.063082815598630077e+03
1.064287767248299360e+03
1.065289755306828738e+03
1.065992126949930480e+03
1.066704116124710026e+03
1.067675918680467021e+03
1.068516480071146816e+03
1.069708346197778155e+03
1.070479806726308198e+03
1.071662342877067431e+03
1.072677310656504233e+03
1.074503861786184416e+03
1.075367550729733921e+03
1.076630079827214558e+03
1.077198122586884892e+03
1.078419238770779430e+03
1.079660621750823566e+03
1.079910568021953850e+03
1.080968770099961830e+03
1.082030172205790223e+03
1.083457358348856815e+03
1.084403861536329032e+03
1.084633128631995305e+03
1.085935533826960409e+03
1.086617317485409103e+03
1.087184481431035465e+03
1.088536547975331359e+03
1.089665827318280662e+03
1.090604541297150490e+03
1.091253375454238267e+03
1.092066468332953491e+03
1.092770286884284587e+03
1.094242861132898724e+03
1.096060875566308823e+03
1.096982315372886433e+03
1.097346872583153299e+03
1.097981748125740751e+03
1.100676738873553859e+03
1.101071513405184305e+03
1.101807052888047565e+03
1.103463173878276848e+03
1.104900168853713694e+03
1.106284069210779762e+03
1.106738981651133599e+03
1.108164911416524774e+03
1.109182875565237737e+03
1.109462425377001864e+03
1.110518880179323105e+03
1.111409234748266954e+03
1.111910793896261794e+03
1.113254718841748172e+03
1.114678994443141846e+03
1.115286597359656753e+03
1.116950658991514274e+03
1.117610380870419704e+03
1.119057881319719399e+03
1.119723387719476932e+03
1.120210163842891006e+03
1.121064002382898707e+03
1.122074198131856065e+03
1.123617754538876625e+03
1.124511260952252542e+03
1.126738302058093041e+03
1.127781649541023398e+03
1.128224646516038547e+03
1.128963223881939712e+03
1.130205212844585503e+03
1.130898930316936458e+03
1.133136306472796605e+03
1.134545579950657839e+03
1.134868910121048657e+03
1.135384331197393522e+03
1.137053188515677903e+03
1.137810425932823819e+03
1.138877868871281180e+03
1.140695109807479412e+03
1.141122976195877072e+03
1.142441646748778794e+03
1.142870285513659155e+03
1.143917516649552226e+03
1.144385658540468967e+03
1.145536756879778295e+03
1.147130704964655479e+03
1.147712453245968845e+03
1.148292396937832109e+03
1.148552349479189388e+03
1.149984379096184512e+03
1.150998439931469420e+03
1.151789989442243723e+03
1.152922703239913290e+03
1.154379539027085457e+03
1.155327629289241258e+03
1.155995244070878698e+03
1.158235193678300220e+03
1.159117209517317633e+03
1.160303214166375028e+03
1.161148888226651934e+03
1.162116423272561178e+03
1.163535474040721283e+03
1.164275064146458817e+03
1.165230364661197655e+03
1.166039005325970493e+03
1.167087362905639111e+03
1.167715266626077209e+03
1.168334560046795559e+03
1.169376681644887640e+03
1.169959944902600910e+03
1.171012952706048964e+03
1.171967382724235677e+03
1.173674118346766591e+03
1.174222012884632022e+03
1.175632090630027960e+03
1.176174437677058904e+03
1.177291724612975941e+03
1.178189745317549750e+03
1.178910835508092759e+03
1.179797879067064969e+03
1.180512792398420970e+03
1.182257364129652842e+03
1.182994694244925086e+03
1.183242153052601680e+03
1.184706632026434363e+03
1.186130457958392299e+03
1.187189850028711135e+03
1.188109968094747273e+03
1.189878853509540249e+03
1.190656280261952588e+03
1.191439917487952698e+03
1.192239690167986964e+03
1.194311034512249535e+03
1.196278268461889866e+03
1.196454011955259602e+03
1.197667863526816291e+03
1.199468192795409095e+03
1.200099878065862185e+03
1.201879582945781749e+03
1.202048803985596123e+03
1.203303703796078935e+03
1.205052522216195484e+03
1.205637315106976303e+03
1.206062727749695796e+03
1.207241595648970133e+03
1.208550689993892547e+03
1.210352051127655386e+03
1.210793110521480003e+03
1.211882688101678013e+03
1.213190587055355309e+03
1.214627984315652611e+03
1.214782341022661512e+03
1.215864358344480934e+03
1.216616199088824033e+03
1.218701763234409327e+03
1.219349751915576007e+03
1.219913481824747123e+03
1.220972819784970852e+03
1.222120340179278173e+03
1.222877794355513515e+03
1.223595787616254029e+03
1.224760767968502932e+03
1.226046258692370429e+03
1.226975473585230475e+03
1.227299812952103139e+03
1.227840791875222976e+03
1.228470391905228325e+03
1.229377585756373492e+03
1.230294965298285661e+03
1.231539587522556303e+03
1.232575122814240331e+03
1.233831967244051839e+03
1.234353980532020159e+03
1.235444055373052151e+03
1.236655882705546446e+03
1.237604556365471353e+03
1.238153039796070743e+03
1.238922270876217226e+03
1.240070793866374970e+03
1.240799850172477818e+03
1.242242765663315140e+03
1.243099045157462342e+03
1.244108370094251086e+03
1.244548604156500687e+03
1.245609618700673309e+03
1.246185143514810761e+03
1.247149691095509525e+03
1.248036319804591585e+03
1.249220600242379078e+03
1.249897239438342240e+03
1.251712806608269830e+03
1.252982900231537087e+03
1.253390807122184242e+03
1.254148297665787823e+03
1.255889781543964546e+03
1.256329427880622916e+03
1.257166270709834180e+03
1.259081212023059152e+03
1.260924686433259694e+03
1.262209966033888577e+03
1.262968579717304237e+03
1.264378657800985820e+03
1.265700488764654665e+03
1.266235058966177121e+03
1.267589057440525494e+03
1.268604755429434363e+03
1.269785356521664198e+03
1.270261544667498356e+03
1.271400553974092418e+03
1.271923479493892273e+03
1.273290630140793155e+03
1.274163153576363811e+03
1.274706111024910342e+03
1.275100131316582974e+03
1.275990208013467964e+03
1.277664588794382553e+03
1.278524056122455931e+03
1.278864808990194433e+03
1.279552113614434347e+03
1.280956382967744958e+03
1.282600745937977763e+03
1.282990922297783072e+03
1.283912271005923458e+03
1.285313232949476060e+03
1.286458283265898217e+03
1.287066836381097119e+03
1.287744072578842861e+03
1.288594459244332711e+03
1.288952140157924305e+03
1.290538395231641289e+03
1.291774651024403511e+03
1.292754642997489555e+03
1.293261778424684053e+03
1.293687226489300656e+03
1.294451136046783859e+03
1.295497564303573199e+03
1.295791262535502028e+03
1.297772458037583419e+03
1.298082901355425975e+03
1.299650230055388647e+03
1.300376546677372744e+03
1.301493395787249028e+03
1.301995182836712956e+03
1.302794125140471124e+03
1.304261150337534445e+03
1.304998118681592359e+03
1.305643700806180732e+03
1.308082878679910664e+03
1.308880225700808523e+03
1.309312258506622811e+03
1.310779005519393422e+03
1.312329979472879586e+03
1.312791040015248200e+03
1.313769715729496738e+03
1.314628367722583789e+03
1.314882410905573352e+03
1.315863709558837400e+03
1.317124752217961259e+03
1.318704433215334348e+03
1.319159550526535440e+03
1.320050115900376568e+03
1.321756862324205485e+03
1.322728585132476383e+03
1.323992615043767273e+03
1.325708566646458394e+03
1.327133488768775806e+03
1.327823087216976091e+03
1.329365100191334250e+03
1.330178170067695419e+03
1.331251057619946323e+03
1.332450858593099383e+03
1.333672200901154838e+03
1.334864650876789028e+03
1.335774695176504110e+03
1.336614157043907198e+03
1.338046752063198937e+03
1.338609851853747386e+03
1.339360428851523466e+03
1.340385285375775993e+03
1.341370415812029933e+03
1.341898590080095801e+03
1.342482924277084066e+03
1.344386960305789444e+03
1.345103942238997206e+03
1.346680196411498173e+03
1.348323662402435957e+03
1.349600294526394464e+03
1.349842530418548222e+03
1.350883873927443801e+03
1.352130395528074814e+03
1.353611916310782362e+03
1.354139022558976649e+03
1.355477750665009580e+03
1.355827634995413518e+03
1.357099890333711983e+03
1.358315011390177006e+03
1.359886162212322915e+03
1.360333348474519880e+03
1.360952130608545758e+03
1.361632247108113006e+03
1.362942515013631692e+03
1.363979651202410423e+03
1.365571251823787861e+03
1.366395817670814267e+03
1.366763470391316787e+03
1.368676891069094381e+03
1.369676532191431534e+03
1.370781686741089970e+03
1.371630293450891486e+03
1.372440756358580529e+03
1.373756303049026428e+03
1.374319995433786062e+03
1.374708653557810521e+03
1.375380550431155370e+03
1.376101176107684296e+03
1.376608237787136886e+03
1.377704518181943740e+03
1.378805251072573583e+03
1.380416744523184434e+03
1.380741310489813714e+03
1.382243447370111880e+03
1.382741260935736136e+03
1.383856410028923619e+03
1.385211407835108048e+03
1.386158633080396385e+03
1.387043618438410476e+03
1.388594766367486727e+03
1.389980887716999405e+03
1.391483832938123214e+03
1.392071204855828682e+03
1.393289515555585012e+03
1.394390493950030304e+03
1.394802874045901945e+03
1.395362726274914166e+03
1.396169570542463589e+03
1.397528156238083284e+03
1.398572955191229084e+03
1.398903963514247835e+03
1.399480761483171591e+03
1.400333474691065476e+03
1.401393764576097738e+03
1.402475578130236954e+03
1.403550374386551312e+03
1.405682386389235944e+03
1.406604974211567651e+03
1.407265408694233884e+03
1.408073274100883737e+03
1.408720403726300447e+03
1.408951875621488853e+03
1.409823113328215186e+03
1.410336437263699281e+03
1.412567374369018580e+03
1.412994043137582366e+03
1.414435843184133773e+03
1.415654679001938121e+03
1.416698610099723055e+03
1.416935267573104284e+03
1.417785498340747381e+03
1.418543108910925639e+03
1.419539809835739788e+03
1.420590427867299468e+03
1.421945961302457363e+03
1.423218109376242637e+03
1.423848670795570797e+03
1.424508236989958732e+03
1.425788697244487139e+03
1.427880935272661873e+03
1.428522149513797558e+03
1.429353983904984716e+03
1.430524115024551747e+03
1.431590183569930787e+03
1.432825677974682776e+03
1.433660278309529986e+03
1.434834581471554884e+03
1.436428572626861524e+03
1.436792929481132205e+03
1.438589595859346218e+03
1.439271522900892478e+03
1.440325687067136641e+03
1.441066067026230257e+03
1.441408342875972721e+03
1.441874697666243492e+03
1.442915535712080327e+03
1.443203839115585652e+03
1.444211936011195576e+03
1.445517917766957908e+03
1.446289292434849131e+03
1.447346523498765919e+03
1.448560204397017969e+03
1.449467216007946035e+03
1.450800360334948891e+03
1.451129108584202868e+03
1.453294992849749178e+03
1.453985869649590768e+03
1.455682197553249352e+03
1.457402833250331241e+03
1.458182469232560834e+03
1.458977148953346159e+03
1.459449595005876745e+03
1.459940909087861201e+03
1.460835711017444282e+03
1.461514551818799418e+03
1.463284247974825121e+03
1.464242743542119342e+03
1.464947970017615262e+03
1.465590725480947640e+03
1.465906639410726712e+03
1.467692401310471496e+03
1.468484825995806887e+03
1.468891608778886166e+03
1.469694504420379872e+03
1.470699114085265137e+03
1.472687628439906121e+03
1.473581289949492657e+03
1.474787762065091329e+03
1.475321049477115594e+03
1.476684963817262314e+03
1.478631916903958654e+03
1.480136732052718571e+03
1.480876193596809799e+03
1.482373110506855483e+03
1.483439040318198749e+03
1.484254907277969778e+03
1.485876164095448985e+03
1.486619008297731625e+03
1.487729756268228812e+03
1.488095061737421929e+03
1.489677645420979843e+03
1.490612186647235831e+03
1.491585561465973569e+03
1.493025037618894885e+03
1.493701693132228684e+03
1.495106427348618354e+03
1.495784984017853276e+03
1.496526322367281409e+03
1.497309008558339656e+03
1.498659595423031760e+03
1.499810105669250788e+03
1.501690278341721978e+03
1.502785552559683538e+03
1.503368731047836263e+03
1.504340777101901040e+03
1.505252218224595254e+03
1.506404893875666858e+03
1.507121333809275711e+03
1.508273273854838180e+03
1.509519280386792389e+03
1.510233145412035583e+03
1.511537248007245580e+03
1.512072105121771529e+03
1.513570212275664744e+03
1.514128049522279298e+03
1.515243524292910024e+03
1.516159037672409113e+03
1.516819271738749421e+03
1.517424334546415594e+03
1.519038610408900695e+03
1.519821811981872315e+03
1.520020089667601951e+03
1.521528648480199536e+03
1.522938621525231611e+03
1.523809739841708279e+03
1.524665374890898647e+03
1.525947893172264230e+03
1.528253638713037390e+03
1.528551396160452441e+03
1.529804415274785015e+03
1.530921585740788714e+03
1.532097325307990332e+03
1.533379322835970015e+03
1.533940186932288043e+03
1.534931786774226111e+03
1.535978611743327292e+03
1.536711010303048852e+03
1.537743317507121219e+03
1.538521615422654804e+03
1.539470760835956526e+03
1.539715305666940139e+03
1.540172311596552390e+03
1.541212329651570599e+03
1.542515248441649874e+03
1.543042706719008720e+03
1.543807122820041286e+03
1.544744586011976480e+03
1.546067123493439340e+03
1.547110939707705711e+03
1.548125749866113892e+03
1.548508462650198908e+03
1.550403982183097469e+03
1.551107041819290089e+03
1.551643137642813372e+03
1.551940713036156239e+03
1.552784103268159242e+03
1.553487249928705751e+03
1.555008588115707425e+03
1.555725798409466961e+03
1.556778722269017408e+03
1.557543707012522873e+03
1.559907790961469345e+03
1.561294556934946741e+03
1.561765608855950177e+03
1.563085590031012316e+03
1.564252771384815333e+03
1.565786268813589913e+03
1.565933607661859014e+03
1.566733832954528907e+03
1.567778311918845020e+03
1.569402017307628057e+03
1.570590342728921769e+03
1.571494079113801945e+03
1.572072732844719212e+03
1.572725686687552979e+03
1.573881302340898401e+03
1.574635124008006642e+03
1.575432014990233483e+03
1.577025992700508823e+03
1.577358725519363588e+03
1.578994452141402689e+03
1.579626468822953257e+03
1.580570101493136235e+03
1.581231129958794554e+03
1.582717544907652155e+03
1.583073499886701256e+03
1.585315964118484771e+03
1.586435574477879527e+03
1.587448032199775753e+03
1.588596358575850445e+03
1.589348059159452987e+03
1.590905365373934956e+03
1.591269559107438909e+03
1.592358980150180741e+03
1.593682646697098562e+03
1.594637676159157763e+03
1.595054943598870068e+03
1.595913499148077335e+03
1.596626007045477309e+03
1.597014317017499479e+03
1.598234439005208287e+03
1.598887900626723876e+03
1.599511080916822948e+03
1.601206463242452401e+03
1.601741310623190202e+03
1.602743355558580561e+03
1.603952205629136188e+03
1.604837953428893115e+03
1.606127558070631949e+03
1.607417237801927286e+03
1.608819380886059434e+03
1.609203517248470689e+03
1.611158408003680961e+03
1.611671627214617729e+03
1.612379326475405151e+03
1.613503940393927223e+03
1.614125291648719212e+03
1.616350410335507377e+03
1.616777079519706149e+03
1.617248583701702728e+03
1.617683034624888478e+03
1.618792912686826639e+03
1.619239175850745141e+03
1.621456673020744347e+03
1.622148413078665271e+03
1.623563275560117518e+03
1.624763288962340084e+03
1.626462833941798863e+03
1.627481894534140565e+03
1.627936258344047019e+03
1.629479927782443610e+03
1.630284716452645625e+03
1.631252273627384739e+03
1.631877034706918494e+03
1.632718168781411350e+03
1.633293174464198273e+03
1.634227720654998393e+03
1.635667720015017039e+03
1.636772776591553566e+03
1.637729777197741441e+03
1.638391358052254873e+03
1.639440603716951273e+03
1.640505959488523786e+03
1.641506610215223873e+03
1.642611230890483967e+03
1.643058177568851306e+03
1.644129064071265702e+03
1.644776763454771071e+03
1.645928642941526732e+03
1.646893555649191740e+03
1.647734924749040147e+03
1.648537759287149584e+03
1.650331292928698986e+03
1.651398721211714928e+03
1.652495422720477109e+03
1.653377643127322244e+03
1.653829462312798569e+03
1.655754764121688368e+03
1.656752744683046785e+03
1.658203741695925601e+03
1.658451616073835112e+03
1.661426610827036257e+03
1.662418224137659081e+03
1.663224643057580579e+03
1.663829809827930148e+03
1.665130690827932995e+03
1.666338330321289732e+03
1.666850885487289361e+03
1.668310620898724210e+03
1.669176378591036155e+03
1.670518730486643562e+03
1.671370698070123581e+03
1.671906773431501279e+03
1.673112024417959219e+03
1.674494670819522526e+03
1.674904913319312300e+03
1.675727826462489702e+03
1.677578915330721429e+03
1.678608849671277540e+03
1.679077544743674480e+03
1.679711764361279847e+03
1.680479486106059994e+03
1.682050038685671097e+03
1.682882857479786253e+03
1.684011371538049389e+03
1.684301550572363340e+03
1.686256713564415122e+03
1.687335161753327156e+03
1.687733737893037869e+03
1.688529606999550424e+03
1.689262687771930132e+03
1.689837474757414384e+03
1.690155803290910626e+03
1.691071320262689369e+03
1.692957107102783539e+03
1.693259819033310578e+03
1.694476239657721180e+03
1.695314066693628774e+03
1.695920785406933874e+03
1.696877383956790027e+03
1.697158502747156035e+03
1.698808182110996768e+03
1.699938883905424063e+03
1.700432582055494095e+03
1.701479232310908401e+03
1.703134873707273528e+03
1.704271159444936757e+03
1.704886671537008397e+03
1.705402524744780976e+03
1.706853997603051766e+03
1.708491259691619689e+03
1.709412692737723091e+03
1.710145095006750580e+03
1.711542631081388436e+03
1.712186957630160123e+03
1.713250250969314493e+03
1.715018030888791372e+03
1.715957132904644368e+03
1.717035496146598689e+03
1.717470919698035232e+03
1.718704376755629482e+03
1.719418061190382559e+03
1.720497998628640516e+03
1.721088036278702702e+03
1.722115687780262988e+03
1.724606712225292313e+03
1.725432943473678279e+03
1.726729825643067670e+03
1.727217356719348118e+03
1.728209642469771097e+03
1.729210449389796395e+03
1.729942087899049966e+03
1.730205348385945399e+03
1.731552608492467698e+03
1.733309535387826827e+03
1.734214635353646145e+03
1.735302202807065669e+03
1.736442942480343163e+03
1.737154535524735365e+03
1.737457176686194543e+03
1.738399516605406916e+03
1.740104595417200471e+03
1.741167624368446013e+03
1.743457048464986201e+03
1.744051020979596160e+03
1.745108226135512496e+03
1.746529861580945180e+03
1.747194626201221581e+03
1.748114313187638800e+03
1.749022764234059650e+03
1.750270532624211455e+03
1.751266888450459874e+03
1.752352903978758604e+03
1.753342733896027767e+03
1.753684925419713863e+03
1.754081270651702198e+03
1.754695882130161635e+03
1.756277926986412012e+03
1.757530100895444320e+03
1.758215641734415158e+03
1.758884190792454092e+03
1.759908738538220632e+03
1.761096246040817505e+03
1.761727465271704659e+03
1.762537340427722484e+03
1.763193874920802045e+03
1.763972986704492314e+03
1.765485523490960077e+03
1.766644560166120982e+03
1.767294797041067795e+03
1.769032425148857556e+03
1.769414757383690585e+03
1.770586341281577916e+03
1.771120987287339403e+03
1.771781051720271307e+03
1.772713111006240979e+03
1.773487025978747852e+03
1.774704679247776312e+03
1.775864701181418241e+03
1.777075667058390536e+03
1.777884283818184940e+03
1.779522623037434414e+03
1.780129246229677392e+03
1.780917259211874352e+03
1.781976410815724648e+03
1.782959912694890136e+03
1.784649907407016599e+03
1.785723740828279006e+03
1.787010590991214031e+03
1.787550414037338669e+03
1.788493236038398891e+03
1.789832335747047637e+03
1.790310673379651234e+03
1.791422930471308746e+03
1.793606128185720991e+03
1.794667400673345128e+03
1.795431708617096774e+03
1.796336436055683407e+03
1.797744010146173650e+03
1.798280219132594084e+03
1.799120483126768704e+03
1.800055270186467624e+03
1.801936490238153510e+03
1.802737115616599340e+03
1.803619527386901609e+03
1.804838752464791469e+03
1.805462756974381819e+03
1.807554491562892508e+03
1.808682434850333721e+03
1.809280140423172043e+03
1.809857787170839856e+03
1.811179067910423555e+03
1.812382254716138505e+03
1.812800332975818947e+03
1.813688967725211342e+03
1.815681173685626163e+03
1.815991111468177905e+03
1.817062960944913357e+03
1.818094079291739945e+03
1.818806146866113977e+03
1.819989895065561996e+03
1.820905030320401920e+03
1.822382738491851796e+03
1.823937762607932427e+03
1.824738172044901148e+03
1.825371064390595848e+03
1.826691843548469933e+03
1.827610223915411552e+03
1.828217959177168950e+03
1.829793815689446546e+03
1.830396196206178502e+03
1.830910297828649163e+03
1.831576827905051687e+03
1.833211472742545993e+03
1.833522563431876279e+03
1.834682075558460383e+03
1.835255296626163954e+03
1.836093463570233553e+03
1.836976590795601169e+03
1.838478922312812301e+03
1.839673794418763464e+03
1.840675681533235093e+03
1.841212949111518810e+03
1.842038872189780705e+03
1.842727823495066787e+03
1.843369927250917499e+03
1.844911123942573340e+03
1.845550039205083522e+03
1.846968887853479828e+03
1.848375701132796166e+03
1.848859971323384570e+03
1.849793271396747514e+03
1.850491901346254963e+03
1.851470024307371887e+03
1.852162653077641153e+03
1.853151406936659214e+03
1.854491421155355511e+03
1.855081915033346831e+03
1.857299791979985912e+03
1.857688099257869453e+03
1.858618898174692049e+03
1.859308011126035126e+03
1.860527657693064612e+03
1.861665891927071925e+03
1.862516424287147402e+03
1.863547951332566299e+03
1.865015470053566787e+03
1.865805466117313244e+03
1.867035901119767914e+03
1.867679086220485942e+03
1.868837268728916115e+03
1.870359797567936312e+03
1.871357016781648781e+03
1.871799619510244156e+03
1.873154646882056113e+03
1.874355144077464047e+03
1.875161234102481558e+03
1.875956107118732689e+03
1.876855704868126395e+03
1.877690162205286924e+03
1.878743412460564059e+03
1.879235441585803983e+03
1.880517057238006373e+03
1.881220143536350633e+03
1.881655459409628747e+03
1.882549311770044824e+03
1.883478516373553703e+03
1.885023672017254739e+03
1.885642355009566472e+03
1.886304905184504378e+03
1.887430062841596282e+03
1.889153286340597106e+03
1.890166065687870287e+03
1.891469399403442821e+03
1.891996652215143968e+03
1.892798904268471688e+03
1.893998604228987006e+03
1.895254061965416440e+03
1.896399170216254106e+03
1.897341734215381621e+03
1.898812203072660623e+03
1.899700821298833944e+03
1.901407544885476455e+03
1.901827839018733812e+03
1.902326818214341074e+03
1.903967313846658271e+03
1.905088657830830016e+03
1.906049258994921729e+03
1.906448156846279289e+03
1.907664740882977640e+03
1.908200747945244302e+03
1.909595274386352457e+03
1.911275321169442122e+03
1.911830640999895195e+03
1.912904107192382980e+03
1.913906837047691170e+03
1.914539813730038077e+03
1.915304305088623323e+03
1.917576582067237950e+03
1.918289284607806394e+03
1.918674415617628711e+03
1.920297983084491534e+03
1.920824189706347397e+03
1.922024545580262384e+03
1.922563877037285010e+03
1.923312681297495601e+03
1.924150108716140494e+03
1.925187843996381616e+03
1.926046059129188961e+03
1.927522575778574719e+03
1.928432633084092913e+03
1.929529981316212798e+03
1.930002752038192284e+03
1.930689576411684811e+03
1.932134754663676176e+03
1.932463149241730662e+03
1.933427208804868542e+03
1.933815832507410505e+03
1.934255559481155160e+03
1.936248436015944890e+03
1.936870949944624726e+03
1.938213210849511142e+03
1.939174781396176968e+03
1.940793433308876502e+03
1.942224140472160798e+03
1.943427555608775492e+03
1.944168717610051090e+03
1.946871332122204876e+03
1.947193316692987992e+03
1.948203192048411665e+03
1.948934931053124274e+03
1.951670743477984615e+03
1.952291835215152332e+03
1.953428137903734751e+03
1.954163393463109514e+03
1.954951695874605321e+03
1.957078488188357369e+03
1.957479630574350267e+03
1.958857757959699484e+03
1.959409788988165474e+03
1.960498726149415916e+03
1.961392557923438517e+03
1.962801127792220996e+03
1.964405636128081824e+03
1.965587538812989806e+03
1.966248764277955161e+03
1.966622784128070180e+03
1.966909741109522201e+03
1.967842333676965836e+03
1.968183106555749873e+03
1.969354184605537057e+03
1.970079074307997871e+03
1.970598892876297668e+03
1.972427271681520097e+03
1.973351535328547470e+03
1.974144036858218897e+03
1.974411476963481846e+03
1.975643569554228634e+03
1.976659219597915580e+03
1.977239440975046818e+03
1.978216861185645257e+03
1.979217707703693577e+03
1.981333586433143410e+03
1.982129795930773071e+03
1.983257726163214556e+03
1.984588986771420878e+03
1.985802157359171815e+03
1.986692791947615660e+03
1.988078723911400630e+03
1.989104697449763535e+03
1.989724877492479663e+03
1.990516117214292990e+03
1.992415885133591473e+03
1.992937778399352055e+03
1.993753860934108616e+03
1.994942809253071346e+03
1.995918616143027975e+03
1.996305527518251438e+03
1.998166777745617765e+03
1.999476567330688340e+03
1.999672246974419068e+03
2.000983136557684702e+03
2.002574622612560461e+03
2.002818444380004621e+03
2.003582042978359823e+03
2.004700525992736402e+03
2.006149885850827104e+03
2.007904486077500678e+03
2.008740463966433708e+03
2.009639152616408865e+03
2.010133394542161568e+03
2.011160376287500185e+03
2.011849015296344987e+03
2.012644890073948091e+03
2.014162168325678977e+03
2.014252922418357912e+03
2.014954813990257435e+03
2.016668970711352813e+03
2.018108348712978568e+03
2.018814316418612634e+03
2.019474099017076242e+03
2.020636921609158890e+03
2.021053402972105687e+03
2.021927062428233967e+03
2.022734568096419935e+03
2.023373581032697075e+03
2.024411330612121674e+03
2.024779797067322534e+03
2.026137531095174381e+03
2.026880724017385546e+03
2.027557777720197009e+03
2.027987321919692477e+03
2.028846004807554209e+03
2.030837728055173102e+03
2.031546277621062927e+03
2.032547912167865434e+03
2.033697692303160693e+03
2.034597152357608138e+03
2.036556414181721266e+03
2.036901058949887783e+03
2.038193159631802246e+03
2.038972932105318932e+03
2.040010633639411481e+03
2.040308290465132359e+03
2.043151590580992888e+03
2.043622662770258557e+03
2.044469025012404472e+03
2.045461989146785982e+03
2.046351696085739604e+03
2.046770963959393612e+03
2.047176765194649306e+03
2.048615375542941365e+03
2.049813147424935778e+03
2.050144925702878027e+03
2.050682677803511979e+03
2.051292841572298130e+03
2.053074445094860948e+03
2.054048854400127311e+03
2.055351735803708380e+03
2.056414658536541992e+03
2.058142582359740118e+03
2.058514216542897884e+03
2.060125007197656487e+03
2.062358934852592483e+03
2.063416048485298234e+03
2.064138196957558193e+03
2.065211128012411791e+03
2.066185767461359319e+03
2.066729737655768986e+03
2.067627857974674953e+03
2.069253095295573985e+03
2.070361721941239466e+03
2.071112491287669855e+03
2.072085932897918156e+03
2.074161707957920953e+03
2.075148473257632304e+03
2.075835751002817233e+03
2.076405483154889225e+03
2.077472810339337684e+03
2.079290348018924306e+03
2.080046190963903882e+03
2.081590158531658744e+03
2.082655956109176259e+03
2.083116963396206302e+03
2.084273216218809466e+03
2.084960870244925445e+03
2.085916939973363696e+03
2.086664937888032910e+03
2.088062349981606985e+03
2.088856065956043039e+03
2.090119515890080947e+03
2.091061505606645824e+03
2.091993985429857275e+03
2.093851980181022100e+03
2.094638760224627731e+03
2.095596569758848545e+03
2.096332317341633825e+03
2.097123055481040865e+03
2.098074677386050098e+03
2.098452801519532841e+03
2.099115419554961591e+03
2.100350741953821853e+03
2.100752373723602886e+03
2.100835819077958149e+03
2.102604734164598995e+03
2.103254246462068750e+03
2.104461128486645975e+03
2.105281607588419320e+03
2.106689743345742954e+03
2.107310297020887447e+03
2.109095881794679372e+03
2.109940541099335860e+03
2.110651313480064346e+03
2.111286687708814043e+03
2.112479411852091744e+03
2.113688760527043087e+03
2.115983958469543268e+03
2.116625888803934686e+03
2.117052011574568496e+03
2.117602314601338094e+03
2.118838020336488626e+03
2.119677734418021828e+03
2.120013260228432046e+03
2.120986910072193041e+03
2.121742106153555596e+03
2.122757232818338707e+03
2.124153436306000003e+03
2.125275347224001962e+03
2.126331456272728246e+03
2.127444048000896146e+03
2.128594953912253004e+03
2.129410819336178065e+03
2.130290818261537424e+03
2.131058011106798403e+03
2.132002306749844593e+03
2.133022275139575868e+03
2.136265205407934900e+03
2.136699958830934520e+03
2.138127887697291044e+03
2.138495551938943663e+03
2.139158508904128212e+03
2.140144474263871416e+03
2.141344545963981091e+03
2.142443809083370979e+03
2.143247547140571896e+03
2.144265305518244531e+03
2.144922873468554371e+03
2.146213629612464956e+03
2.146553121095069855e+03
2.147263256156181342e+03
2.148556534472693329e+03
2.149270598691558462e+03
2.149764302519020475e+03
2.150375808816909284e+03
2.152042870143022810e+03
2.152586602340279114e+03
2.153366136257816834e+03
2.154314145294109949e+03
2.156474973141991086e+03
2.158137906024239328e+03
2.159401028455490632e+03
2.160042418181405537e+03
2.162809557054947618e+03
2.163844380276257652e+03
2.164261944611542731e+03
2.166088041338067342e+03
2.166695296971266544e+03
2.167604496457995538e+03
2.168303174997623046e+03
2.169044072706376937e+03
2.170192119786952844e+03
2.170592719685072097e+03
2.171983722208709878e+03
2.172576365053228528e+03
2.173636311790643958e+03
2.174142832051110418e+03
2.176045133979510865e+03
2.176714961134714031e+03
2.177868943665892402e+03
2.178848864563869029e+03
2.179796055975960826e+03
2.180301355116687319e+03
2.181033722797544215e+03
2.181651770749793286e+03
2.182742765947841690e+03
2.183751067363489710e+03
2.184932400353686262e+03
2.185396849024278708e+03
2.187662055382086237e+03
2.188510485568130207e+03
2.189363077545417127e+03
2.190286956217994884e+03
2.191064194817562111e+03
2.192405536126353127e+03
2.192982263875065200e+03
2.193676241256677258e+03
2.193985250733315297e+03
2.194814866093035562e+03
2.195767049492203569e+03
2.197407197829415963e+03
2.197961715857535182e+03
2.199620474014405772e+03
2.200619668215756064e+03
2.201265882880630670e+03
2.202558497573848854e+03
2.202782267397561554e+03
2.204046721538366910e+03
2.204518602290091621e+03
2.205527496965049068e+03
2.206871342829767855e+03
2.207965626440279266e+03
2.208800409057073921e+03
2.210243546674677873e+03
2.211133897092312964e+03
2.213099027251377265e+03
2.213352438664104739e+03
2.214657585853810815e+03
2.215371351143224274e+03
2.216065526355499514e+03
2.216351345728606248e+03
2.219787061974025164e+03
2.220088028550175295e+03
2.221479043179607743e+03
2.222170847953797420e+03
2.223388430765051453e+03
2.224452011310260787e+03
2.226980165851437050e+03
2.227782742359158874e+03
2.228122534048761281e+03
2.228357365698412650e+03
2.229445874021811051e+03
2.231011258443303632e+03
2.231944000881824650e+03
2.233341336593781307e+03
2.234394862085021032e+03
2.235411189458922308e+03
2.236412413251140606e+03
2.236718038218768925e+03
2.238467243107934337e+03
2.238968159412943351e+03
2.239401860878483603e+03
2.240528095221190142e+03
2.240810773039882861e+03
2.241151787411902660e+03
2.241775359824433508e+03
2.242694559227013997e+03
2.243765367234870610e+03
2.245325272653130014e+03
2.246548932482687633e+03
2.246959214566422816e+03
2.248433300912778577e+03
2.249327398494404861e+03
2.250433607537880562e+03
2.251634896416303945e+03
2.251945215826136518e+03
2.252653409962454134e+03
2.255294769275429189e+03
2.256137444085061816e+03
2.257733689012834475e+03
2.258019454777039755e+03
2.259063296860643732e+03
2.260906112883411879e+03
2.261282945439697414e+03
2.263478627403711926e+03
2.264320063718127130e+03
2.264650734278016898e+03
2.265751327152332124e+03
2.265893005153091053e+03
2.266261357630168732e+03
2.267647761802702007e+03
2.268731076200828284e+03
2.270360719538064131e+03
2.270950072614273722e+03
2.272019379114144158e+03
2.272563053230723199e+03
2.273198283816560888e+03
2.274339071647238598e+03
2.275282476891251463e+03
2.276534827515916731e+03
2.277055254787408558e+03
2.278082548862006206e+03
2.278636034291496799e+03
2.280844770588600113e+03
2.282073722455411371e+03
2.283364639546981834e+03
2.283860318039289268e+03
2.285408582110784664e+03
2.286005065968573490e+03
2.287156347498797913e+03
2.287932713881467862e+03
2.288714512062167159e+03
2.290854018884533161e+03
2.291935233515735490e+03
2.293662012658905951e+03
2.294320222053164798e+03
2.295035244116163540e+03
2.296185356990171385e+03
2.296679023479620355e+03
2.297389150723070998e+03
2.298288004386796274e+03
2.298440914774896100e+03
2.299731336422091772e+03
2.299890739463623959e+03
2.300925368129503568e+03
2.301673299011962627e+03
2.302683537288090974e+03
2.303800159317800535e+03
2.306622234790829225e+03
2.307746631743389571e+03
2.308186151997229445e+03
2.308834113292386064e+03
2.309739610327321770e+03
2.311482933449251504e+03
2.311992702825461947e+03
2.312443931291840727e+03
2.314151018072177976e+03
2.315911983698263612e+03
2.316381549878439273e+03
2.317054991796674130e+03
2.317653800675368984e+03
2.319111935507516137e+03
2.319377831662020071e+03
2.320294647257285305e+03
2.322198320863932622e+03
2.322263251039922125e+03
2.324364733476719266e+03
2.325464633448917994e+03
2.326652261627465123e+03
2.327195132215442754e+03
2.328107466495288463e+03
2.329025851933400645e+03
2.329245203418890014e+03
2.331279565635761173e+03
2.331939206835560526e+03
2.332913275015520412e+03
2.333543658293286171e+03
2.335357644796722070e+03
