-1.377872138943075697e+00
1.152045869282574131e-01
7.792440949906449532e-01
1.672619374691294070e+00
4.269923843560718524e+00
4.713384365369620355e+00
5.178359962892955082e+00
6.809279270446040755e+00
8.123186241917437656e+00
1.056239728638047382e+01
1.170181532172091465e+01
1.247834492699485054e+01
1.346793703532193831e+01
1.445185027344905393e+01
1.570982423912710146e+01
1.597333987174624781e+01
1.796711642660034158e+01
1.897516795000160528e+01
2.031509530398670904e+01
2.137408734107407327e+01
2.219765748701388475e+01
2.252519730549397536e+01
2.397694741312784572e+01
2.538800547290111354e+01
2.635608415424690065e+01
2.759895363318969430e+01
2.809754862076306381e+01
2.878215434897811065e+01
2.960570080183379105e+01
3.088684170135593376e+01
3.135250534996885108e+01
3.302561598159923051e+01
3.311807923657443098e+01
3.394739778792427387e+01
3.433161234902104297e+01
3.499974726132791147e+01
3.656134561324165588e+01
3.703487308813373602e+01
3.838951771227334575e+01
3.861841140464184718e+01
3.948838194403697344e+01
4.362839527687424379e+01
4.504582052274895432e+01
4.551323413049090050e+01
4.570372639846664242e+01
4.714481971597024312e+01
4.818233742422080468e+01
4.992496320284158173e+01
5.046864131196116432e+01
5.131177101057960499e+01
5.246585969595480492e+01
5.316576996305911962e+01
5.424848952530260249e+01
5.530473392592330129e+01
5.629812636195151754e+01
5.700827422200632100e+01
5.783043114885936120e+01
5.837139682777524285e+01
5.940352761463736897e+01
6.015572018210582428e+01
6.067370030054917152e+01
6.202811964427246494e+01
6.385901846148567529e+01
6.453619398727641965e+01
6.478543742685246798e+01
6.717806771473806293e+01
6.819491664950623999e+01
6.904852368437514087e+01
7.021402884478948181e+01
7.081684855380740373e+01
7.146228071882501354e+01
7.347077909596555401e+01
7.427113809556499291e+01
7.639089139587690624e+01
7.712119869583762011e+01
7.808016332432839590e+01
7.919256012496498442e+01
8.077595643024278615e+01
8.118534696319306931e+01
8.297893657228337361e+01
8.362903233081374310e+01
8.567779128463735105e+01
8.595076402167410379e+01
8.660674123288504234e+01
8.737234694876269714e+01
8.767468080619619286e+01
8.876463152605219875e+01
8.898010632292562150e+01
9.048280352727419995e+01
9.131194866899772933e+01
9.204832066893368392e+01
9.254722572432342531e+01
9.292687224981204963e+01
9.379924641348679870e+01
9.448257812348492735e+01
9.480254528286627647e+01
9.615699927389186996e+01
9.682299133441347294e+01
9.744784653481065106e+01
9.848414035282371515e+01
9.909014724567873600e+01
9.963279737662810476e+01
1.003310579334336126e+02
1.010864813003390736e+02
1.025357031547439419e+02
1.036130780238884199e+02
1.040407500887001788e+02
1.047524079335591978e+02
1.056496047803188958e+02
1.065538972306360392e+02
1.075776114047107512e+02
1.088543705392494303e+02
1.097348139284440549e+02
1.118879457119676317e+02
1.124219002326406098e+02
1.130732516868615676e+02
1.141449128438196112e+02
1.155835193645195886e+02
1.168792446735724297e+02
1.172002622258783049e+02
1.181545019966304153e+02
1.185308342474481833e+02
1.196849274464893824e+02
1.198811836570316700e+02
1.231732731952840822e+02
1.239824502771657535e+02
1.249267763498221484e+02
1.253467382230685416e+02
1.264618505496168837e+02
1.277398915809530990e+02
1.286760438075898492e+02
1.290986010796700612e+02
1.296860624933169674e+02
1.310664192251006170e+02
1.312079168557270350e+02
1.332201546376736587e+02
1.334585287251625232e+02
1.353209197586829760e+02
1.355258835841295877e+02
1.364759093706741169e+02
1.378646282750514729e+02
1.387664613149763682e+02
1.390388709048236251e+02
1.398183654977760852e+02
1.410542171234699254e+02
1.422682748418387746e+02
1.436995811453723491e+02
1.452477876530849699e+02
1.462376375679584726e+02
1.480539126158073486e+02
1.488447138974902373e+02
1.490585127255797033e+02
1.508565736225543787e+02
1.514968570399807959e+02
1.532150207360211880e+02
1.544563004560013724e+02
1.568622024628409690e+02
1.573255748940691774e+02
1.588526781224343267e+02
1.595593999970346886e+02
1.612221695885630197e+02
1.617125102519225948e+02
1.623267272447869800e+02
1.662725407037069090e+02
1.675323318399875916e+02
1.684268024775146841e+02
1.692542430790376784e+02
1.698462776555136315e+02
1.701837038712189951e+02
1.716063589445552680e+02
1.725294276756073941e+02
1.728371975872323674e+02
1.731263672078123363e+02
1.739096091403985156e+02
1.753377979517417771e+02
1.759619365579883379e+02
1.775595852851172367e+02
1.782924173322815022e+02
1.791424595201615375e+02
1.800009326225497261e+02
1.821865545503990234e+02
1.825478392021027503e+02
1.839988238063813242e+02
1.848957200152092355e+02
1.856235852029508351e+02
1.868032955059848064e+02
1.869616767512884508e+02
1.891425007166037631e+02
1.901737861532362786e+02
1.911398855000009007e+02
1.934426606008673843e+02
1.944689096424287982e+02
1.953243796835824924e+02
1.967348590267986310e+02
1.972224766228507633e+02
1.973799126293342852e+02
1.982461149327230032e+02
1.987977562019088964e+02
1.997236964532085040e+02
2.015998023741130964e+02
2.026857563966689213e+02
2.035872125738253544e+02
2.046450994085912498e+02
2.060007001471251442e+02
2.067320485074469616e+02
2.074585037819565514e+02
2.079768403708426376e+02
2.098251744632896134e+02
2.110809863218862574e+02
2.126212802220520643e+02
2.146509357500053738e+02
2.159052937293306513e+02
2.165764115680221948e+02
2.180652461782617593e+02
2.199409047102094519e+02
2.211591790219247287e+02
2.220393767541418129e+02
2.223206597566124856e+02
2.230547774827607554e+02
2.235200003751888289e+02
2.239112987009705193e+02
2.250399377462056236e+02
2.254223622920649177e+02
2.271490295856133343e+02
2.275469025087006685e+02
2.286478200208384806e+02
2.290728256682434676e+02
2.295091813640831333e+02
2.297057443116941613e+02
2.305994179883639390e+02
2.312981515019143899e+02
2.326067562063963123e+02
2.333981305463760236e+02
2.345098900223088094e+02
2.377814318999455736e+02
2.387564561127376237e+02
2.394937081965101697e+02
2.415054426876940852e+02
2.425825148823821564e+02
2.435309749778525656e+02
2.439471132339192536e+02
2.455162290889777523e+02
2.459830617082641311e+02
2.467726607021982090e+02
2.487673204053451173e+02
2.493468411732983441e+02
2.498872166706025837e+02
2.508801299258284416e+02
2.511085336073633698e+02
2.523059395817178938e+02
2.527245365996816417e+02
2.536455975561434570e+02
2.550820733431635290e+02
2.551694800835839487e+02
2.562242278924109087e+02
2.571901218856064588e+02
2.582238391113421585e+02
2.585521845176917850e+02
2.602359109828248620e+02
2.609785897587664749e+02
2.618327098879860841e+02
2.626700470249193131e+02
2.633632708115287642e+02
2.639643612286149619e+02
2.653572109846247713e+02
2.660096261170249363e+02
2.669892337199230496e+02
2.683581432590819986e+02
2.692251054948806086e+02
2.710151112398743862e+02
2.716941570697199495e+02
2.728865044096919519e+02
2.734577529809810130e+02
2.740759634151374939e+02
2.753464086250257878e+02
2.768821279067358319e+02
2.774373890671286063e+02
2.779532094305964165e+02
2.788819966447963452e+02
2.801802240728062543e+02
2.809393058163150272e+02
2.817946189015057143e+02
2.833860081361442553e+02
2.841345592925306391e+02
2.857854843714698063e+02
2.869251079201412722e+02
2.876748938604922614e+02
2.896139830752445050e+02
2.899956378012738014e+02
2.910093283468880827e+02
2.926569517765030923e+02
2.936318001344156983e+02
2.941889282050633483e+02
2.948826413595803615e+02
2.952557441584223170e+02
2.967030270353363903e+02
2.982130495547609144e+02
2.992309713573843055e+02
3.009075131036709081e+02
3.015158393333732647e+02
3.030760172678873232e+02
3.040903184728388169e+02
3.059054357246568543e+02
3.063537456356444864e+02
3.079394706161873501e+02
3.085689583907151246e+02
3.095108804317424074e+02
3.097838747401289083e+02
3.107873553747439246e+02
3.130168875913113880e+02
3.137968207658954043e+02
3.146567017671445683e+02
3.155136920007428216e+02
3.167872778495689090e+02
3.176752259258541926e+02
3.196938222109079106e+02
3.205844180008065223e+02
3.218355132582451006e+02
3.231963062726680391e+02
3.234175336500131834e+02
3.241013033890543511e+02
3.249292108990066481e+02
3.257114943310456283e+02
3.261028610189506480e+02
3.265786603367374710e+02
3.275017175497298467e+02
3.285500758922612476e+02
3.293644255576620026e+02
3.297139818072059825e+02
3.303769158421340535e+02
3.324289266940545531e+02
3.329544543225111966e+02
3.335371751795287310e+02
3.343795599861515484e+02
3.357726679625427550e+02
3.364174375018313867e+02
3.368586411780352137e+02
3.373018344106887980e+02
3.381339179104110144e+02
3.384045381852995433e+02
3.394821638672553945e+02
3.403105383874981271e+02
3.415739861588563144e+02
3.416366740181103978e+02
3.427877328689987735e+02
3.434718452527895352e+02
3.443088803919257543e+02
3.448281731432171000e+02
3.450266589780732147e+02
3.455712013633944935e+02
3.465021745566631353e+02
3.476370401713296587e+02
3.479238418860222737e+02
3.491090190342139294e+02
3.494493806779520355e+02
3.507582872990828946e+02
3.517242220433655575e+02
3.520813532003473938e+02
3.538292777523213317e+02
3.544698723911312754e+02
3.551041030332169157e+02
3.559216908589256718e+02
3.566106432004635280e+02
3.573754784384625509e+02
3.587634519127841486e+02
3.605786004934911944e+02
3.621192008512022085e+02
3.625927977776204898e+02
3.631649785726787059e+02
3.633335504375360188e+02
3.639562559110328266e+02
3.648483705539566699e+02
3.659488576684043437e+02
3.663948592447430883e+02
3.674039897322710431e+02
3.683405048164919435e+02
3.701236824159593652e+02
3.706172356108364738e+02
3.710243478348440931e+02
3.729874825661810291e+02
3.740486801211287684e+02
3.748601371750813769e+02
3.753673046748347133e+02
3.766656466632090314e+02
3.769254320290876876e+02
3.782186125659472964e+02
3.789211008769420914e+02
3.796005000298385994e+02
3.815557179938384706e+02
3.816715798577146188e+02
3.829523453960856614e+02
3.839473389631585860e+02
3.858406616115471479e+02
3.861794143622307729e+02
3.873172238901419178e+02
3.895892064360834866e+02
3.906308115917830719e+02
3.922848260323785325e+02
3.938683818847684961e+02
3.940766750177200493e+02
3.949938218184645393e+02
3.955091350994924824e+02
3.968829749988724416e+02
3.978222545027609840e+02
3.987564069299985476e+02
3.994709677900348197e+02
4.004507549947367124e+02
4.012183641069692612e+02
4.022980826182015335e+02
4.035595284751035479e+02
4.046960782463702344e+02
4.053198459657630792e+02
4.068139169746176549e+02
4.073517659371979107e+02
4.086352289023072899e+02
4.104883756323099533e+02
4.116919079741601308e+02
4.129165729147326829e+02
4.142273224883516605e+02
4.147112641248262435e+02
4.171389761838215691e+02
4.179923454345491791e+02
4.189524769747788469e+02
4.206659633214712812e+02
4.218055118737945577e+02
4.227017232466147334e+02
4.241404259941175496e+02
4.260667233048013713e+02
4.265666629825437894e+02
4.286229678317274647e+02
4.299826738100692864e+02
4.311060579054793607e+02
4.325836895907970074e+02
4.340005604756892126e+02
4.352058644456925549e+02
4.355450625172691161e+02
4.367284304524191612e+02
4.379552907997392595e+02
4.386256729684381526e+02
4.401100446936379740e+02
4.419070096130699312e+02
4.433792298819366806e+02
4.446348819586883110e+02
4.469289159336032071e+02
4.483976750614456250e+02
4.490122578482075824e+02
4.502750504069708768e+02
4.527488697317455717e+02
4.530593355209251740e+02
4.543587326774392068e+02
4.572541260428989744e+02
4.574095522938474687e+02
4.593806455501462551e+02
4.606983584022340210e+02
4.617724985123188617e+02
4.645531692633205694e+02
4.654230764128664077e+02
4.671597722174685714e+02
4.680180590425239870e+02
4.687747021502204916e+02
4.705533872879358341e+02
4.716206260355725135e+02
4.721034419937835764e+02
4.723318790794686493e+02
4.740326448163277746e+02
4.757544729396954608e+02
4.763065184364336346e+02
4.777835937948919991e+02
4.782165636870961407e+02
4.793212372374547385e+02
4.799878449568894894e+02
4.806594185621138422e+02
4.815358997060403681e+02
4.829699358906948419e+02
4.839889814929991871e+02
4.850350724286782906e+02
4.854643966923687231e+02
4.857262345774284995e+02
4.869861595442353064e+02
4.878763254274202836e+02
4.882076873574252431e+02
4.893345165666341927e+02
4.909092101486860429e+02
4.913436671843514887e+02
4.923573483189396711e+02
4.931521643360730423e+02
4.939827981967004007e+02
4.950300286085624748e+02
4.953696822816386884e+02
4.968782323179550531e+02
4.970807006140997828e+02
4.977402609251962531e+02
4.985476423610012944e+02
4.997158015541608620e+02
5.001644743388028473e+02
5.009767108549688146e+02
5.017969385273987655e+02
5.030862369289909566e+02
5.036601791000215371e+02
5.043779950857092444e+02
5.050472052270781660e+02
5.053759743524893793e+02
5.066670685257590776e+02
5.067909867963442139e+02
5.073128312153729667e+02
5.086059778332499945e+02
5.090374172529950556e+02
5.093928983913724551e+02
5.107792485064683206e+02
5.115372172953046856e+02
5.131302743469043435e+02
5.135809142325881567e+02
5.151432361879059272e+02
5.157260009169671093e+02
5.171477923666310517e+02
5.174016061120445329e+02
5.187082014186346441e+02
5.193741295464296854e+02
5.211191655254607440e+02
5.214419225629274024e+02
5.220444627791404173e+02
5.223761761748181698e+02
5.233759253315104161e+02
5.239085998835347482e+02
5.246337219954107240e+02
5.258188538421028397e+02
5.267089165340784120e+02
5.283611756489231084e+02
5.286819580968937089e+02
5.291983305116756355e+02
5.313678274193064226e+02
5.327842607099987617e+02
5.334386496723269602e+02
5.343756183554353356e+02
5.356654341165303777e+02
5.377862805353465774e+02
5.384184421319217790e+02
5.394359016463621401e+02
5.400484533609817390e+02
5.420112583523149397e+02
5.429266849742883778e+02
5.436656314897596758e+02
5.453487529102549161e+02
5.461312033555049084e+02
5.476742605906634935e+02
5.482745620708126353e+02
5.490107220805213046e+02
5.502715584314366879e+02
5.509962313190633267e+02
5.523606886576532133e+02
5.534758975207952290e+02
5.536680093598971553e+02
5.550891284946122823e+02
5.557733643369790570e+02
5.573933969757094928e+02
5.583893681370883542e+02
5.594842246518433058e+02
5.601654763342503429e+02
5.613165711082887128e+02
5.617367686370179172e+02
5.620830423613630273e+02
5.627644237440629240e+02
5.640579206730594706e+02
5.649432901494906218e+02
5.651788962813475337e+02
5.668931601607420134e+02
5.679249989887881611e+02
5.687361055745685690e+02
5.694274925128755740e+02
5.704326988315680182e+02
5.709763167298326607e+02
5.730587648188809453e+02
5.740870719139117000e+02
5.747254026497602126e+02
5.753799760952684892e+02
5.763124301872068145e+02
5.775487005368715927e+02
5.779832827371960775e+02
5.797820555922070298e+02
5.808386440324806017e+02
5.812980443645824380e+02
5.819651330634931128e+02
5.836611517840339047e+02
5.845878345771030808e+02
5.860188889412835351e+02
5.869350357782434457e+02
5.878185840299371421e+02
5.888091193743230178e+02
5.905759893869012558e+02
5.914787799844408482e+02
5.928874724338446640e+02
5.938727062946937849e+02
5.947981667805095185e+02
5.952705486346354746e+02
5.961574470309531080e+02
5.975486779667253359e+02
5.977423574167174820e+02
5.993628635825335778e+02
5.997353365519868476e+02
5.999066108629931477e+02
6.009008113875468098e+02
6.016900762031453951e+02
6.024609787787727555e+02
6.031318447574575430e+02
6.034708945052760782e+02
6.046606654071701996e+02
6.051359179261118015e+02
6.059217885059092623e+02
6.060809002573265616e+02
6.081933180675091535e+02
6.097260247051709712e+02
6.113512027240246880e+02
6.115951155076285204e+02
6.125432540216374946e+02
6.132618959676548229e+02
6.136746572474588675e+02
6.144195221353616034e+02
6.153268802294074931e+02
6.160754525824186203e+02
6.169776861825635024e+02
6.186635725133451160e+02
6.193508473448423501e+02
6.199617913282244217e+02
6.209786895757074490e+02
6.213731862465872382e+02
6.232921211519076223e+02
6.245207990001306371e+02
6.256067130650502577e+02
6.257977806774737246e+02
6.269551477531207411e+02
6.273100252834349249e+02
6.282365401250183368e+02
6.299757282672063639e+02
6.309825468333873459e+02
6.323824668821938531e+02
6.332842472393786011e+02
6.339232605885463272e+02
6.345590136662211762e+02
6.367774437900583280e+02
6.375842804562325910e+02
6.384275065274503049e+02
6.390656111634056060e+02
6.414404216920903536e+02
6.420479759289671620e+02
6.427938122329126145e+02
6.443277079829463219e+02
6.456393288595821787e+02
6.472186946217079822e+02
6.476383868921208204e+02
6.483370140924369025e+02
6.488884789266869575e+02
6.504485977593916459e+02
6.508990696756283114e+02
6.528578643048197137e+02
6.537065677721786869e+02
6.547485511385918926e+02
6.553825616415979312e+02
6.561003371733746690e+02
6.569242985643533075e+02
6.572846212885096975e+02
6.585051630782154461e+02
6.589375198453045641e+02
6.604829736402716662e+02
6.608570004702736469e+02
6.611696421705892135e+02
6.630346914628557897e+02
6.635446334238832833e+02
6.641369446137982777e+02
6.649591487801078529e+02
6.660420269327830738e+02
6.675016691285566139e+02
6.682849981438150735e+02
6.687570127305720007e+02
6.700058411018522975e+02
6.701035357626014957e+02
6.706608486074594566e+02
6.718610406657655858e+02
6.721078216307421371e+02
6.725632309564583693e+02
6.736909621884441322e+02
6.747564799810515979e+02
6.760239774667774100e+02
6.771140023955471179e+02
6.799296566284212986e+02
6.801821231932595992e+02
6.805416903061378662e+02
6.811495835929912346e+02
6.826156060098870739e+02
6.837975230635223625e+02
6.847723265687469620e+02
6.858978462813105352e+02
6.875688683184696401e+02
6.885451624260402923e+02
6.887657191898726978e+02
6.900123668779102672e+02
6.922929216292884576e+02
6.939112206085833350e+02
6.940805823399720111e+02
6.948036198935204766e+02
6.953501318801002071e+02
6.976748232348230658e+02
6.984624013210133171e+02
6.987903562751239406e+02
6.997069521766304661e+02
7.007535666409220312e+02
7.020105338658054279e+02
7.027941236573198012e+02
7.037470144006126702e+02
7.058985763615844462e+02
7.061815730471217876e+02
7.073766467832776925e+02
7.086666633204026766e+02
7.093756863027840609e+02
7.108790805515977809e+02
7.122076643066588986e+02
7.124041272605246604e+02
7.142659736847951990e+02
7.158282361834146741e+02
7.173939711703806097e+02
7.179798192802718404e+02
7.188467708377187364e+02
7.204619633731794011e+02
7.210727085305876471e+02
7.233861190586459315e+02
7.238326117855750681e+02
7.240714560022498745e+02
7.255039772194343186e+02
7.265820433939601344e+02
7.291701156195111935e+02
7.307281948217186027e+02
7.313671968295325314e+02
7.331788474001442637e+02
7.337285619365072762e+02
7.362938481799020565e+02
7.380743310534827515e+02
7.391574368276340010e+02
7.398515467905663172e+02
7.408969069230211062e+02
7.413928379095631271e+02
7.426096699793131393e+02
7.441747387119128234e+02
7.469649847277706840e+02
7.483691157888894168e+02
7.494741985711814323e+02
7.501785117325968031e+02
7.504736326076664454e+02
7.512588964389864259e+02
7.532502554061837827e+02
7.543354004763220928e+02
7.557826333604186857e+02
7.563141184412191933e+02
7.569874522013882370e+02
7.578494828720828309e+02
7.583731013310256230e+02
7.595896683554950641e+02
7.604619136224923750e+02
7.613599996770302596e+02
7.621361199892450031e+02
7.630200937647769024e+02
7.651495707199562730e+02
7.661831820485365370e+02
7.667475229560774324e+02
7.671937746093957458e+02
7.678665510389622568e+02
7.685435611856173637e+02
7.695296011814657504e+02
7.705549609068177688e+02
7.712673816302331034e+02
7.715882813668732751e+02
7.731995463021966088e+02
7.734480740717498293e+02
7.748957919583444891e+02
7.757587367147079931e+02
7.763171634043095537e+02
7.770432839568682084e+02
7.776192621045796614e+02
7.781582135338278476e+02
7.801466419023196295e+02
7.805468355085165513e+02
7.819599930166889408e+02
7.832718019135479608e+02
7.843191532817560301e+02
7.854587269880707936e+02
7.866809572403602715e+02
7.876124032906652701e+02
7.884225230850888693e+02
7.889591469511456125e+02
7.901041289229096947e+02
7.908930392979888211e+02
7.915698774848925723e+02
7.932903998551119003e+02
7.947435835747455712e+02
7.958606233041714404e+02
7.963841224113331236e+02
7.976347741883954541e+02
7.990324791980253849e+02
8.002895208311579154e+02
8.005354078657434229e+02
8.026183904279246235e+02
8.035728111417859054e+02
8.039286104469099428e+02
8.045881920870718886e+02
8.057499996460014700e+02
8.065339268485706725e+02
8.066154026334106675e+02
8.080773278330154881e+02
8.082748635400273542e+02
8.087479912091123424e+02
8.098843877064455228e+02
8.115031605534370556e+02
8.122707094353024786e+02
8.126556902524582711e+02
8.139695889071721240e+02
8.153857386901493101e+02
8.158046489912974266e+02
8.164090684140007852e+02
8.178904605540363946e+02
8.189016629927275517e+02
8.195043634314755536e+02
8.197692928159531220e+02
8.206821722045049228e+02
8.215195339451677228e+02
8.216638351630077750e+02
8.229220754364597497e+02
8.232797836493928116e+02
8.240317057492932236e+02
8.253965987935343946e+02
8.258551220796654206e+02
8.266509561986607650e+02
8.273132970665566290e+02
8.282358446707994517e+02
8.296328053697673113e+02
8.298209612628631930e+02
8.306438159682982132e+02
8.315815492136650846e+02
8.322817895282207701e+02
8.323802971656951968e+02
8.338335888469481461e+02
8.342852741576360813e+02
8.351951447791382179e+02
8.359516327909923348e+02
8.369983658897974692e+02
8.402417720701778308e+02
8.404431937688796097e+02
8.416154912541917383e+02
8.418529150554616081e+02
8.436542848387991853e+02
8.445192612032781199e+02
8.451584098678670216e+02
8.460304683145704985e+02
8.466554227432905009e+02
8.472840068627082246e+02
8.483145927850882799e+02
8.502889831928478088e+02
8.511217242410084509e+02
8.515341532368886419e+02
8.520266102079016264e+02
8.533128065105108817e+02
8.543674594862679896e+02
8.551509115037157471e+02
8.557708913682653247e+02
8.561498268597717924e+02
8.566551629216619403e+02
8.578613311723033803e+02
8.593768015542218563e+02
8.613607487451045017e+02
8.621658912626223810e+02
8.629256034865632046e+02
8.635917687278524681e+02
8.649865692844300611e+02
8.660010856907433663e+02
8.670790895854335076e+02
8.686738732637275007e+02
8.690588202398535032e+02
8.700942124146183687e+02
8.720612877016683342e+02
8.735410672295340646e+02
8.745475377714004708e+02
8.747578116710958511e+02
8.767952923391640070e+02
8.778925667317153057e+02
8.795458428895263978e+02
8.809195722789515912e+02
8.812792369373037218e+02
8.827866485061285857e+02
8.837966473414717257e+02
8.856626942759862686e+02
8.863933321246295236e+02
8.882892833799467098e+02
8.888726294190521457e+02
8.904070211393100180e+02
8.909055144110221818e+02
8.947860424722045991e+02
8.957373954309753117e+02
8.958678049408256356e+02
8.962553088304641733e+02
8.977278044396025507e+02
8.993816749851835084e+02
9.007699830835663306e+02
9.014914911730952554e+02
9.020876887444134127e+02
9.041773182895351511e+02
9.054606780323258590e+02
9.077823784582608369e+02
9.096650184603340676e+02
9.104255416886437615e+02
9.114214523802647818e+02
9.121792460832773486e+02
9.130927303115279301e+02
9.137294188692403623e+02
9.145738963022516828e+02
9.155833769332662087e+02
9.170258887699778825e+02
9.186412887597049348e+02
9.192055946926716388e+02
9.197392266284839479e+02
9.214821505674561877e+02
9.225415256504436456e+02
9.229312168081463597e+02
9.238757397111580758e+02
9.244693619340284840e+02
9.257998831485756455e+02
9.271011553105188341e+02
9.282043608527606011e+02
9.291554003981168535e+02
9.300482611504544366e+02
9.312285963010788237e+02
9.330090598116845513e+02
9.338928631623750789e+02
9.349180701097207020e+02
9.355412546484283212e+02
9.363125634733469269e+02
9.369457452821371817e+02
9.384656320986246101e+02
9.390509757486092894e+02
9.405911868283626518e+02
9.416818069590426603e+02
9.428468343990062976e+02
9.432114319149105768e+02
9.442205452775046979e+02
9.446417432543536279e+02
9.456168586642572791e+02
9.459893077706553868e+02
9.471916472396009112e+02
9.476661943029645272e+02
9.483378666642515782e+02
9.498028794569124784e+02
9.507984654025140117e+02
9.520687976773865557e+02
9.527231643614954919e+02
9.529135302892561867e+02
9.545996630980274631e+02
9.549714295757564742e+02
9.573525857296153845e+02
9.576132618771653142e+02
9.585938874792125262e+02
9.598230592246184187e+02
9.606060481195216880e+02
9.622620420034901372e+02
9.629991857842227319e+02
9.638776677856765218e+02
9.642626917924642385e+02
9.650166748213498522e+02
9.654591955342186793e+02
9.666661734833766104e+02
9.682589309632627419e+02
9.685216845746983836e+02
9.690138488170302935e+02
9.692267455468047501e+02
9.707315616673176919e+02
9.717984424187254717e+02
9.729176323187746220e+02
9.735034694014962042e+02
9.746273612402612798e+02
9.752262657247346169e+02
9.762480761134577278e+02
9.771880117234311456e+02
9.780093428815293919e+02
9.793558046639903978e+02
9.804010699079840379e+02
9.812907581671689741e+02
9.823556743764297607e+02
9.836401463708712072e+02
9.836746075447645126e+02
9.851064062801407317e+02
9.856449822801155278e+02
9.878449008247398524e+02
9.880149067243075933e+02
9.884926493658019808e+02
9.901931454319949353e+02
9.913118522601286031e+02
9.916868493394606503e+02
9.921566555202346080e+02
9.929651469175469174e+02
9.935780243332026203e+02
9.952857269628988206e+02
9.961985029853008200e+02
9.984342819842268000e+02
9.995503580574834359e+02
1.000640973844687323e+03
1.001559077244749005e+03
1.002573523869665223e+03
1.004351901366978382e+03
1.005292895215897488e+03
1.006143020660245384e+03
1.006528870336921273e+03
1.007227953366861811e+03
1.008436457735665726e+03
1.009160590815711316e+03
1.009762869488659135e+03
1.011352148524165159e+03
1.011960465489603848e+03
1.012287912972297363e+03
1.013631090271738458e+03
1.014785551030057832e+03
1.015191581465172703e+03
1.016306152034301590e+03
1.017462398312407686e+03
1.018038207045657600e+03
1.018776862343554512e+03
1.021259759497789560e+03
1.021996495583325895e+03
1.022428196978985738e+03
1.024163229231956393e+03
1.025731555861581000e+03
1.026112700680740318e+03
1.026481427467321737e+03
1.028189987108300102e+03
1.029517595064378838e+03
1.031156275969339731e+03
1.031337584738281976e+03
1.032749948205528199e+03
1.033416669408613870e+03
1.034008493171872033e+03
1.034836334413478426e+03
1.036004908098533178e+03
1.036520661817590508e+03
1.037054792354422489e+03
1.038731955275666678e+03
1.040265998677574771e+03
1.040872625311054435e+03
1.041408226503225706e+03
1.042577107406752930e+03
1.043720460150797862e+03
1.044324800088718348e+03
1.044870607121566763e+03
1.045889788988252803e+03
1.046149968730910587e+03
1.047006365995314354e+03
1.048016090010483140e+03
1.049139857565730154e+03
1.049511090252208987e+03
1.049776751388435059e+03
1.050671467152016930e+03
1.051667975278289077e+03
1.053098358255847643e+03
1.054746952117790670e+03
1.056617731711878150e+03
1.057021688055840741e+03
1.058175385212569836e+03
1.059015155978563143e+03
1.059891344949385712e+03
1.061853279408160233e+03
1.062076406254896483e+03
1.062926609936851037e+03
1.064111561005651765e+03
1.064364149386623694e+03
1.065878246338261306e+03
1.066471931659089705e+03
1.066713962600790637e+03
1.067978668534695998e+03
1.068037735236279559e+03
1.069276904687395245e+03
1.071161512084644528e+03
1.072107986856828575e+03
1.073123973353755673e+03
1.073478279608759749e+03
1.074679760298327892e+03
1.076347101895959440e+03
1.077346438902244472e+03
1.079172346380847102e+03
1.079298583625066613e+03
1.080670219817912539e+03
1.081509576000277548e+03
1.082204659279333782e+03
1.082667981124306380e+03
1.085330813042353611e+03
1.085438659567718560e+03
1.087418109083880381e+03
1.087723757107896972e+03
1.089164212412057395e+03
1.090489525555089585e+03
1.092888248811445919e+03
1.093339966760825973e+03
1.093696281615440057e+03
1.094160122299217392e+03
1.096583421785923974e+03
1.097327153508527317e+03
1.097577755464290931e+03
1.099874864151457587e+03
1.101059649052624536e+03
1.102561577712108374e+03
1.103289183382360761e+03
1.105584724762796668e+03
1.105886213796417223e+03
1.106625127867261426e+03
1.108036165981129443e+03
1.110304943521197174e+03
1.111363570439180194e+03
1.111804197889854095e+03
1.113568588393409073e+03
1.113875930200369794e+03
1.115755191298138925e+03
1.116855843874808897e+03
1.118347655848026534e+03
1.119520842757540549e+03
1.121720932294192835e+03
1.121899635930293925e+03
1.122079943473864432e+03
1.123860319157120557e+03
1.124374530462259827e+03
1.124959959295688350e+03
1.126183032994645146e+03
1.126730100538571378e+03
1.127848191519618467e+03
1.128956567320697559e+03
1.130523410038384554e+03
1.131288619041201400e+03
1.132226229620866889e+03
1.132493693076521595e+03
1.133314713945997028e+03
1.133533161372365385e+03
1.134830245819267930e+03
1.136447833090875520e+03
1.136820705100894884e+03
1.137370875339591521e+03
1.138783987736698464e+03
1.139776325200744395e+03
1.140675966040652384e+03
1.140917844602841342e+03
1.141537432109430256e+03
1.142714289074730686e+03
1.145078246551268876e+03
1.146044453720350702e+03
1.146836105765757338e+03
1.147947717781260280e+03
1.148926096790444944e+03
1.148993978578721226e+03
1.149548229001686423e+03
1.149890003639693759e+03
1.151919974247517985e+03
1.152176617490794115e+03
1.153286572614496208e+03
1.154049281463262105e+03
1.155724409081313070e+03
1.156123822026034759e+03
1.157037478029310705e+03
1.158294492636381847e+03
1.158607424657951242e+03
1.159393353105051801e+03
1.161192473067509354e+03
1.161737765171144702e+03
1.162841230077176988e+03
1.164084214334276112e+03
1.164747829803781542e+03
1.165247272451222443e+03
1.166124550254989799e+03
1.167212711780979816e+03
1.167486580218877634e+03
1.168325260707107645e+03
1.170382523597655336e+03
1.171006296616292047e+03
1.171548358573716314e+03
1.172276248719099158e+03
1.173607507931638111e+03
1.174892985777343256e+03
1.175978665130914123e+03
1.176980873419315003e+03
1.177957360472364599e+03
1.178463709706206146e+03
1.179062221681892197e+03
1.179795087174713672e+03
1.180687529735608678e+03
1.181570075197292454e+03
1.183262921042740345e+03
1.183789394229793288e+03
1.184293325457840638e+03
1.185504041740406592e+03
1.186165690155594348e+03
1.186768348816087155e+03
1.188037466495081389e+03
1.189925051481840455e+03
1.190732399030347779e+03
1.191896061582410312e+03
1.192431512068118309e+03
1.192880018448959163e+03
1.193973407097597828e+03
1.194463020035251702e+03
1.195254292854917139e+03
1.197125871100483891e+03
1.197255618227998411e+03
1.198616354902372223e+03
1.199580657253454319e+03
1.201080984764268123e+03
1.201860725622580503e+03
1.202323982420969060e+03
1.203395243119826091e+03
1.204421171294292208e+03
1.205789687801087666e+03
1.206275028488617409e+03
1.209155133164110566e+03
1.210009274898413878e+03
1.210281953310699691e+03
1.212441673618753839e+03
1.212946667599700731e+03
1.213848075831399683e+03
1.214474152860807408e+03
1.214947331828793267e+03
1.217194120784513188e+03
1.218137320639364589e+03
1.219761707324541931e+03
1.220407977910724867e+03
1.222838841191519350e+03
1.223839773763578251e+03
1.224872316309869120e+03
1.226021776580306323e+03
1.226442628528801151e+03
1.228430429001213497e+03
1.228757438585156251e+03
1.230038870754314758e+03
1.231323357247234981e+03
1.231910120859335620e+03
1.231991473546292582e+03
1.233919845919482896e+03
1.234760867000452890e+03
1.235828241363243706e+03
1.236196539343489803e+03
1.237789574143213258e+03
1.239288014626708673e+03
1.239793609785941726e+03
1.240943363946438922e+03
1.241881705686513442e+03
1.242089374966898731e+03
1.243104558797499521e+03
1.243307531802527365e+03
1.245642426790871014e+03
1.246713085894984715e+03
1.246852297776713385e+03
1.247878960635687008e+03
1.248870497362853030e+03
1.249934985821440932e+03
1.250693956002647610e+03
1.251706574311547229e+03
1.252503381694168183e+03
1.252593151152306973e+03
1.254721587954773440e+03
1.255815973798324194e+03
1.257533662334251403e+03
1.259078462611263831e+03
1.260179997413858018e+03
1.263264705295958947e+03
1.264572041987362354e+03
1.265370690565558107e+03
1.266833679112050277e+03
1.268183915752596704e+03
1.269613984813326852e+03
1.270671153186564652e+03
1.271254125178779304e+03
1.272070502645938177e+03
1.272701576250854259e+03
1.273272358503907981e+03
1.274195557494728291e+03
1.275270023700133152e+03
1.276539776598905746e+03
1.277051332050731162e+03
1.277762389179865522e+03
1.278536516112328400e+03
1.280338536736854167e+03
1.281634109252330518e+03
1.282918287406875379e+03
1.283827591007352339e+03
1.284325347694559696e+03
1.286078532295209698e+03
1.286430674166980225e+03
1.286481771490575056e+03
1.287834034429292387e+03
1.288092537724991189e+03
1.289144390623716845e+03
1.290251301322499558e+03
1.290990442121179740e+03
1.291809195655650228e+03
1.293004302399751850e+03
1.293789414049833113e+03
1.295359122466368717e+03
1.295703525383776196e+03
1.296452571384880457e+03
1.297088253385857115e+03
1.297480644450117097e+03
1.298894666556037919e+03
1.299949988842844505e+03
1.301065152688439866e+03
1.301733831553580558e+03
1.302500600370739676e+03
1.303697990349485281e+03
1.304357035073796396e+03
1.306021997514070790e+03
1.306728402835876977e+03
1.307696468020792054e+03
1.309475525623007798e+03
1.309611026121880741e+03
1.311369366360794174e+03
1.312401961737747570e+03
1.314683576412273169e+03
1.315537799832058909e+03
1.315704268643666865e+03
1.316781152394093851e+03
1.316995856307547911e+03
1.320919840903610066e+03
1.321864277843912078e+03
1.323204546482947535e+03
1.324084532158519323e+03
1.325369283327004268e+03
1.326123092331287125e+03
1.326757501508764335e+03
1.327085718523186642e+03
1.327947649385122759e+03
1.329125247303035621e+03
1.329565991331687883e+03
1.330091911664808322e+03
1.330305360484650237e+03
1.331194063855263494e+03
1.332239822761060395e+03
1.333867230383066271e+03
1.334310557476548183e+03
1.335097650071761791e+03
1.335888407835524276e+03
1.336488757617982401e+03
1.337083867939727043e+03
1.337616205587229842e+03
1.338507130881855119e+03
1.339550445450773623e+03
1.340914671096533993e+03
1.341806993880584059e+03
1.342791001019541682e+03
1.343871998171245650e+03
1.346091387570055758e+03
1.346718322234935613e+03
1.347678464022983690e+03
1.349501604458537940e+03
1.349865059467464789e+03
1.350816636035858892e+03
1.352332459325444688e+03
1.353065991592973887e+03
1.354862398580100489e+03
1.356557502344521026e+03
1.356740625892379967e+03
1.358794613921248811e+03
1.359237095081425878e+03
1.360766307967522152e+03
1.362664179325623763e+03
1.363396189842575495e+03
1.364570557874017595e+03
1.366318902229100104e+03
1.366728539775100217e+03
1.367335603275520725e+03
1.367453520087218749e+03
1.368459469210206407e+03
1.369261673150137540e+03
1.370213492428496920e+03
1.370367458737410288e+03
1.371327432690428850e+03
1.372703040344614692e+03
1.376626921600603282e+03
1.377135119709779246e+03
1.378408667277550421e+03
1.379676239766784647e+03
1.381536313554294111e+03
1.382169792522664920e+03
1.382963598760984496e+03
1.383711781016905206e+03
1.385026093169238948e+03
1.385537657357227545e+03
1.386647203507200174e+03
1.387875090565340315e+03
1.388435398456064831e+03
1.389414484289784014e+03
1.389905591671555158e+03
1.390824258903692680e+03
1.392077388961184624e+03
1.392224893857991901e+03
1.392456698647858502e+03
1.393579059155369123e+03
1.394025319904135358e+03
1.394960782211792093e+03
1.395141696244856576e+03
1.395413803581528782e+03
1.396773897235986851e+03
1.396877505788710550e+03
1.398320762544318086e+03
1.399432561323545087e+03
1.400193122586132176e+03
1.400860765029557797e+03
1.401674273006666681e+03
1.401899616229895628e+03
1.402873013171895309e+03
1.404515194092039565e+03
1.404906061027413216e+03
1.405677289352797743e+03
1.406700327361528480e+03
1.407094580077970477e+03
1.407991105709388421e+03
1.408943199373154584e+03
1.409152071696005805e+03
1.409573292864686891e+03
1.410690914607275317e+03
1.412387879057677992e+03
1.412796230172532432e+03
1.414087309321128714e+03
1.414355737551775974e+03
1.415119331218016214e+03
1.416349698613965984e+03
1.416498377529949721e+03
1.417068686813693603e+03
1.418177821757895344e+03
1.419216473242147003e+03
1.420588407849107625e+03
1.421179880193139752e+03
1.423910261111243699e+03
1.424740909155508916e+03
1.425383403344967974e+03
1.426567933846077494e+03
1.427552666309460619e+03
1.430320090181278829e+03
1.432137074563554279e+03
1.433637648825293354e+03
1.433817894530445301e+03
1.435919146625587018e+03
1.436112714625851140e+03
1.437315568211866093e+03
1.438101653427854217e+03
1.439854001766266265e+03
1.440977095431481303e+03
1.441445785840759754e+03
1.442579086022945830e+03
1.444768113534545591e+03
1.444925817885658034e+03
1.446199162684488783e+03
1.447631701901739916e+03
1.448548084797958381e+03
1.450156758966002371e+03
1.451497830494793106e+03
1.452701191774140170e+03
1.454901672966529532e+03
1.455445726879246649e+03
1.455948149421889639e+03
1.457431976576559236e+03
1.458510617618156630e+03
1.458819338808598332e+03
1.459876167391322269e+03
1.460506878839338697e+03
1.461591494444176078e+03
1.462263734500544842e+03
1.463657431975211921e+03
1.464877782818392461e+03
1.465517489388989361e+03
1.468329747027202757e+03
1.468717503531400325e+03
1.469999695149539320e+03
1.470296539709097488e+03
1.470695467338289291e+03
1.473159213218388913e+03
1.474440942755260949e+03
1.475627594714905626e+03
1.476691632439746854e+03
1.477228659483133697e+03
1.478568110373774743e+03
1.479316379338342585e+03
1.480645930595440177e+03
1.481123852421745141e+03
1.482086534197587298e+03
1.482635263025244285e+03
1.483071787044820667e+03
1.484051064164477339e+03
1.484981126102198687e+03
1.485310544631636503e+03
1.486128538034149869e+03
1.487282011501968555e+03
1.488057511305701610e+03
1.489638242616214711e+03
1.489963535193859570e+03
1.491470736557158943e+03
1.491770218029772650e+03
1.494481422201500664e+03
1.495209617288465097e+03
1.496052182131415520e+03
1.497209506246498904e+03
1.498236985647203710e+03
1.498649890834158896e+03
1.500422015310032748e+03
1.501591644092068009e+03
1.502552474382197943e+03
1.504120493489866249e+03
1.505557504098303525e+03
1.505927802929935524e+03
1.506553217778629460e+03
1.506745350308441402e+03
1.508390396640098970e+03
1.509124597748480937e+03
1.509901939539847262e+03
1.510384623564021467e+03
1.510745901207239058e+03
1.511813481468901955e+03
1.512283601464168669e+03
1.513272886572298376e+03
1.514763108858736587e+03
1.515407836466038361e+03
1.516264217747068187e+03
1.517721503258613666e+03
1.518123598467073634e+03
1.518754610506622839e+03
1.518975660551922601e+03
1.519846908517863994e+03
1.521072311856059287e+03
1.523128228905997730e+03
1.523661400391827328e+03
1.523780381454582312e+03
1.526253943691196355e+03
1.526617418181929679e+03
1.527885633990595579e+03
1.528744158719816824e+03
1.529610487749809863e+03
1.529775444568520470e+03
1.531289839664507554e+03
1.532075651051605064e+03
1.533146281427732220e+03
1.533287024735245723e+03
1.533991999355072039e+03
1.534807367835355535e+03
1.535835121383940077e+03
1.536349270227917259e+03
1.538262153273437434e+03
1.538624133136325099e+03
1.541187243489495813e+03
1.541495084508557738e+03
1.543140854149680081e+03
1.543448281882206174e+03
1.544125616586770775e+03
1.545256990624257696e+03
1.545867114357408582e+03
1.545954618283449008e+03
1.546949853194869092e+03
1.547282076795871490e+03
1.550023159497456618e+03
1.551182887143906555e+03
1.552813324293544838e+03
1.555011091530961039e+03
1.555973793460762181e+03
1.556680039020781578e+03
1.557663460191870172e+03
1.559350491427027009e+03
1.561070287985938876e+03
1.561604238978446574e+03
1.562803555567315925e+03
1.563026554062308605e+03
1.564037039927507294e+03
1.565346389071112753e+03
1.567286137964590580e+03
1.568162655726139747e+03
1.568769116846448469e+03
1.569086598518818619e+03
1.570161397097155032e+03
1.573044533108669157e+03
1.573624520563753094e+03
1.574286675804611605e+03
1.576187827761469407e+03
1.577123002211988023e+03
1.577743984038062990e+03
1.578250364061413393e+03
1.579140899798615465e+03
1.580463437601217720e+03
1.581033003443721327e+03
1.581978246450692041e+03
1.582524709964544400e+03
1.583469179752959690e+03
1.584038235915794985e+03
1.584990832416072180e+03
1.585204623935712334e+03
1.586067685729989307e+03
1.587897670240550951e+03
1.588505699013237290e+03
1.588605485525422637e+03
1.590771691452534242e+03
1.592619723959449857e+03
1.592851265405764934e+03
1.593723634469506578e+03
1.594686507101411735e+03
1.595929427453655535e+03
1.597006157186029441e+03
1.598534337465458293e+03
1.599694266474937876e+03
1.599931371958240561e+03
1.601679061815022806e+03
1.601910540679264614e+03
1.603741146395441774e+03
1.604099084653847285e+03
1.605283021460414375e+03
1.606306122616588027e+03
1.607060590040943680e+03
1.607813367826245212e+03
1.608750538647688700e+03
1.611649423991502317e+03
1.614320040114377207e+03
1.614666918403900581e+03
1.615230693275815611e+03
1.616819184675421184e+03
1.617261285832327758e+03
1.618222491730778074e+03
1.619101317175449140e+03
1.620441330504316284e+03
1.620604356095689354e+03
1.621718602394674235e+03
1.622583647870787217e+03
1.625296317853452365e+03
1.627005472888187796e+03
1.627137020534560861e+03
1.629046273180861135e+03
1.629840423525676215e+03
1.630887532671671124e+03
1.631077762862973941e+03
1.632579930879571975e+03
1.633555947987491891e+03
1.634324499481874682e+03
1.634704784998285049e+03
1.635209806764564746e+03
1.636456343276970074e+03
1.637637134845986793e+03
1.639120176623214775e+03
1.640605349002729099e+03
1.641966901243065195e+03
1.642366712362781982e+03
1.643323803817731005e+03
1.644814890328372712e+03
1.645677163410653748e+03
1.646072018859753825e+03
1.647414514720040643e+03
1.648997441809842257e+03
1.649731137489868843e+03
1.649855577102889129e+03
1.651112770134428047e+03
1.651975942972661414e+03
1.653221629451577883e+03
1.654913690921437592e+03
1.655581135168071114e+03
1.656241333432485817e+03
1.656772909636094482e+03
1.657490480016012270e+03
1.658665004138423683e+03
1.661741316035414229e+03
1.662965160059593018e+03
1.663342749373857714e+03
1.664027471628739249e+03
1.664326669592948974e+03
1.665623841542741047e+03
1.667511582183315795e+03
1.667719575945198812e+03
1.668869738735203100e+03
1.669255751791745524e+03
1.670493326287705713e+03
1.671438835907336852e+03
1.672129550363908265e+03
1.672784143329206245e+03
1.673425994081873796e+03
1.674337487730822204e+03
1.675493913470392954e+03
1.675966950924223283e+03
1.678158055834373727e+03
1.678578272638786075e+03
1.679733684311723664e+03
1.680396662308813575e+03
1.680767167376173802e+03
1.682057365811915133e+03
1.684095563281306568e+03
1.684384179436608292e+03
1.686008989650764534e+03
1.686301000122900177e+03
1.686773110917677286e+03
1.687526561530109120e+03
1.688515399714651494e+03
1.688868836882980986e+03
1.689873156172723839e+03
1.690946417685579036e+03
1.691514940453213057e+03
1.693044218850940069e+03
1.693181040434559009e+03
1.694195778066335834e+03
1.694470991963298957e+03
1.695189293005098307e+03
1.696458599497931573e+03
1.697105754007537826e+03
1.697927908726597707e+03
1.698797859347464509e+03
1.699291784862244640e+03
1.701635175713002354e+03
1.703381562935668853e+03
1.704131730081386877e+03
1.704252272232952464e+03
1.705204022408354149e+03
1.705484170979802002e+03
1.707334010753605753e+03
1.708248972597285047e+03
1.709143275805155554e+03
1.709603861716781239e+03
1.710418942685908405e+03
1.711144576728988341e+03
1.711939175060156003e+03
1.712253718043373738e+03
1.714178133108150178e+03
1.715208150981074823e+03
1.717658988031897024e+03
1.718211275443768727e+03
1.719162218213775304e+03
1.720390048002312142e+03
1.721479261600751215e+03
1.722423609363449032e+03
1.723013233832414699e+03
1.723362284270165901e+03
1.724367923670140954e+03
1.724916867313642797e+03
1.726228671351067533e+03
1.727701247554698512e+03
1.728855033617464869e+03
1.729948179449823101e+03
1.731219344655974510e+03
1.732609995690424512e+03
1.734374877709261909e+03
1.735487280369405653e+03
1.736982122846322000e+03
1.738209651003820909e+03
1.738986173304443128e+03
1.739473847148735331e+03
1.740294236288096954e+03
1.740842116217290595e+03
1.741317867047593609e+03
1.743031693013568201e+03
1.744466555413573133e+03
1.744704808712845079e+03
1.746614209307751025e+03
1.747875220031693516e+03
1.749294586161319330e+03
1.750093750413331691e+03
1.750830319986221184e+03
1.752546970329100986e+03
1.753928271201464440e+03
1.754297951970344229e+03
1.755432507875899319e+03
1.756128034841801309e+03
1.756621339161521746e+03
1.757651214465334306e+03
1.759080782489674675e+03
1.760299805244352228e+03
1.761296054078593443e+03
1.763778883781480999e+03
1.765025605378320506e+03
1.765901870238923721e+03
1.766861627133285310e+03
1.767409415495005305e+03
1.768098860288646847e+03
1.770428117125145945e+03
1.771115090320995478e+03
1.772515497135699661e+03
1.773456542145481308e+03
1.774574824129808121e+03
1.774831506784054454e+03
1.775385761635246126e+03
1.775643261930594008e+03
1.777712811327907730e+03
1.778556503887770759e+03
1.779166830796299109e+03
1.779541776994541578e+03
1.781449006815920256e+03
1.781784867707927333e+03
1.782801525013448781e+03
1.783537241350411705e+03
1.784489624320519169e+03
1.785639008055882641e+03
1.786242636240264346e+03
1.787480310254804863e+03
1.788839023698745677e+03
1.789437700301693440e+03
1.790979032271551205e+03
1.791652134430896240e+03
1.792715343889879023e+03
1.793406725235697195e+03
1.794917501102321694e+03
1.795329976521344634e+03
1.796029619248676909e+03
1.797593986779740817e+03
1.798197409871978380e+03
1.798932847214471394e+03
1.800527151739245255e+03
1.801534637008973505e+03
1.801998286446967313e+03
1.803098842245758533e+03
1.803619465689600474e+03
1.805477424408137722e+03
1.807157568019887549e+03
1.807817035354771633e+03
1.808762976021808527e+03
1.809192088372993339e+03
1.809735697213072854e+03
1.810779058321800221e+03
1.811715778506411425e+03
1.812347305972007234e+03
1.813008300038060952e+03
1.814420207303424377e+03
1.815384077620692096e+03
1.817131347722242936e+03
1.818322654805522234e+03
1.818926137851338808e+03
1.820113119032094346e+03
1.820819397933065829e+03
1.821629082445864469e+03
1.822818754375768776e+03
1.823533679223285162e+03
1.824701386226653995e+03
1.826835922020282396e+03
1.827255355427465929e+03
1.827928983034189514e+03
1.829520461314669774e+03
1.830993164318987738e+03
1.831588837067117993e+03
1.833200006662207443e+03
1.834141783795230140e+03
1.834801778530654246e+03
1.835814501194478908e+03
1.836357632935544416e+03
1.837448045491060839e+03
1.837684651485320956e+03
1.838534573604304114e+03
1.839490099222090294e+03
1.840050868288569291e+03
1.840935489008860941e+03
1.842702480176029439e+03
1.843161515690723036e+03
1.844481068562742166e+03
1.845158376372986822e+03
1.845905191420792107e+03
1.846815724304617106e+03
1.847164719721391521e+03
1.848031166180511264e+03
1.848147153660334880e+03
1.849066384683976594e+03
1.850010437257300055e+03
1.851216815421977117e+03
1.851686965904728822e+03
1.853985113956842270e+03
1.854477314459186346e+03
1.855593825564802046e+03
1.856644324038949435e+03
1.857894803723763971e+03
1.858836804220290333e+03
1.859695736066617883e+03
1.860819527290527276e+03
1.861369882721423892e+03
1.863201899156543959e+03
1.863452291312670468e+03
1.864902853118612256e+03
1.866874546631102021e+03
1.867005813151062057e+03
1.867704680701575853e+03
1.868829702631429882e+03
1.870297009597185479e+03
1.872137537813393919e+03
1.872339326933845996e+03
1.873640937035729394e+03
1.874633510214101534e+03
1.875229142424436304e+03
1.876604229942333859e+03
1.877528611040354917e+03
1.878646112012989079e+03
1.879251080139627675e+03
1.879832988872534997e+03
1.881494657359654866e+03
1.882731477562741475e+03
1.883319725740778722e+03
1.884707028967987299e+03
1.885442385483767339e+03
1.886141481459975694e+03
1.886921358845719169e+03
1.888016525570222484e+03
1.888945944501629128e+03
1.889744514794575025e+03
1.891344198950808732e+03
1.892323795722998966e+03
1.893163615530433162e+03
1.893878521384454416e+03
1.895877264375311825e+03
1.896330512237404037e+03
1.899277278218493393e+03
1.900509457391470050e+03
1.901685697368915726e+03
1.901989291352273085e+03
1.902754268520346614e+03
1.904840336921497737e+03
1.905319755848114255e+03
1.905842470988338391e+03
1.907094586344385789e+03
1.907986376578904128e+03
1.909488515459312111e+03
1.910093373405665716e+03
1.910992345945714987e+03
1.912160648888313290e+03
1.913751676304913417e+03
1.914512323680849931e+03
1.915853680424550930e+03
1.916435470134103525e+03
1.916871120849491490e+03
1.919103900642336157e+03
1.919423056169066967e+03
1.919739344942027401e+03
1.921501370152241179e+03
1.922009914751315591e+03
1.923613842644512033e+03
1.925271400571026788e+03
1.926943227096757710e+03
1.927857417601955376e+03
1.929458754609454445e+03
1.930022982549133758e+03
1.930329270604503336e+03
1.931351433037199513e+03
1.932191886909706682e+03
1.932850826480297656e+03
1.933639685274836665e+03
1.935205395988222790e+03
1.936086304780098089e+03
1.936903351371203371e+03
1.939945934925912752e+03
1.940162306936767891e+03
1.940489155739561966e+03
1.941578370512770562e+03
1.941887998713616298e+03
1.943064520888040988e+03
1.944687764538323563e+03
1.945304017319364448e+03
1.946985618568938662e+03
1.948017605862520213e+03
1.949924192220311397e+03
1.950068767269455293e+03
1.950778813343928505e+03
1.951696252464278814e+03
1.952833848469864733e+03
1.953145086843544505e+03
1.954705727922860888e+03
1.955691926188246271e+03
1.956647463385263791e+03
1.957819229563321187e+03
1.957992079254812097e+03
1.959904642694313679e+03
1.961235695096188920e+03
1.962205595215289577e+03
1.963468493860556464e+03
1.964020199201063861e+03
1.965343836792420916e+03
1.966799886962279288e+03
1.968472567805823928e+03
1.968750874708215406e+03
1.969590578223980629e+03
1.970185126200398827e+03
1.971009843572167483e+03
1.971783080615796507e+03
1.972615612631427894e+03
1.973625256882812209e+03
1.974287150320708406e+03
1.974442469208137254e+03
1.975457326277295579e+03
1.976502784384884080e+03
1.977219920565039956e+03
1.978880242967550203e+03
1.980167104932209440e+03
1.981482106468413349e+03
1.981683046201329944e+03
1.982367129165537335e+03
1.983927285762029442e+03
1.984364891504877050e+03
1.985512534249850887e+03
1.986111840227072662e+03
1.987505059883438662e+03
1.989089907844577738e+03
1.990172077960055049e+03
1.990902051034077431e+03
1.992467878124084109e+03
1.993430608392812701e+03
1.994211871220550165e+03
1.994749552504657686e+03
1.995199279871312683e+03
1.995578326707261112e+03
1.997050429944164534e+03
1.997352478846979238e+03
1.998345220465738294e+03
1.999715782195159591e+03
2.000843534265662129e+03
2.001216859745141846e+03
2.003297693347771201e+03
2.003609066004268698e+03
2.004303749978294036e+03
2.005057214072664010e+03
2.005803515971682373e+03
2.006088431297509487e+03
2.006925573167632592e+03
2.007159912900297286e+03
2.008465210448707694e+03
2.010183520655277562e+03
2.011598298638910137e+03
2.012045493299109239e+03
2.013161923650116705e+03
2.014367453347530500e+03
2.015615751548294156e+03
2.017221458752911531e+03
2.018118468215331632e+03
2.019400053482905150e+03
2.019912535523600582e+03
2.021304744274645600e+03
2.021995087327104557e+03
2.023027072289072748e+03
2.024495796008577599e+03
2.024983443970624194e+03
2.025723198469262115e+03
2.026099899819274924e+03
2.026734391558606603e+03
2.027683918638660089e+03
2.029860918507130464e+03
2.030923489731986137e+03
2.031677231918280540e+03
2.032701955768209245e+03
2.034604366243636832e+03
2.036605966329276271e+03
2.036800962490360007e+03
2.037738875628245296e+03
2.037843649322336887e+03
2.039326790421285523e+03
2.039943822759021486e+03
2.040705147943249813e+03
2.041171098204805730e+03
2.043592223180117571e+03
2.044208552917638826e+03
2.046087337231513629e+03
2.047100240108627077e+03
2.048050674276888913e+03
2.049941657129385021e+03
2.050719397770716114e+03
2.052905642423612790e+03
2.053678780478360295e+03
2.054031003833323666e+03
2.054133143998345531e+03
2.054924158282969984e+03
2.056484327716593725e+03
2.056836148944963497e+03
2.058018833215275208e+03
2.058663484278834858e+03
2.059907541481104545e+03
2.059982143488390648e+03
2.061263093093567932e+03
2.061382186314877799e+03
2.062417548515366434e+03
2.063252760174469586e+03
2.064326369113553028e+03
2.064734949220558065e+03
2.066404308535703876e+03
2.068387717186355530e+03
2.071314177101555288e+03
2.071891413967152403e+03
2.072967459272278575e+03
2.073813773214582852e+03
2.074394979191720267e+03
2.076778699184522793e+03
2.077267288215319240e+03
2.078515137627621698e+03
2.079495377822390310e+03
2.081077745650833094e+03
2.081435152373771871e+03
2.081770755208246555e+03
2.082931948501767238e+03
2.083454687384272347e+03
2.084929962727938346e+03
2.085254946279439537e+03
2.086064605310965817e+03
2.087227517354332576e+03
2.087513636283209962e+03
2.088762844290853081e+03
2.089330378656337416e+03
2.090219708126385285e+03
2.091691620356073599e+03
2.092320503687776181e+03
2.092991435276244829e+03
2.094204962151117797e+03
2.094978439419855931e+03
2.095230728780642494e+03
2.096379893113869457e+03
2.097120231674936349e+03
2.098267366541613228e+03
2.099074879036827042e+03
2.101144627012550700e+03
2.101596399024794664e+03
2.102372536805950404e+03
2.103198698417897049e+03
2.104542469100772450e+03
2.106617278014992735e+03
2.107673154946126488e+03
2.107952474896255808e+03
2.108550960459403541e+03
2.111115652198662247e+03
2.111812293048210449e+03
2.112671573614175941e+03
2.113950002753663739e+03
2.116411059895460312e+03
2.116971574452324603e+03
2.118698609891157503e+03
2.119596230793561517e+03
2.120391495322230639e+03
2.122297267149342133e+03
2.122858502846529518e+03
2.123648620730672974e+03
2.124100785472263397e+03
2.125079709879401889e+03
2.125700677910349441e+03
2.126989419018392255e+03
2.127776379386461485e+03
2.129018733128887106e+03
2.129701655693049361e+03
2.130355444006982452e+03
2.130900018510408700e+03
2.131580206071979774e+03
2.133469746587328700e+03
2.134443573871955323e+03
2.135231853002520893e+03
2.135943172100585798e+03
2.136733415662485186e+03
2.137312012834649977e+03
2.139026795535362908e+03
2.140059151587247015e+03
2.141852136939475713e+03
2.142193004347861461e+03
2.142842244412701803e+03
2.143852981135903065e+03
2.144855658711204342e+03
2.145979994905545936e+03
2.146660127072078012e+03
2.148289950638729351e+03
2.148582991985257195e+03
2.149533541388099366e+03
2.149795099059338099e+03
2.151098309634244742e+03
2.151865693429813291e+03
2.152838555457142775e+03
2.152946158651405767e+03
2.154884967117887754e+03
2.155352881128469562e+03
2.156845741640699089e+03
2.158642387146038800e+03
2.160229087522531700e+03
2.160703980730401781e+03
2.161944783123148227e+03
2.162214299082729667e+03
2.164080360846950498e+03
2.164569649895805469e+03
2.165458928829285469e+03
2.166458173556626662e+03
2.167620709522210291e+03
2.168508037462444008e+03
2.170224133360353790e+03
2.171589819605018420e+03
2.172727456099490610e+03
2.175130296539630763e+03
2.175275573865917067e+03
2.176333327805337376e+03
2.177637351406553535e+03
2.178085039581160800e+03
2.178864674954867041e+03
2.181281230179578870e+03
2.182589450113811836e+03
2.183451323432297158e+03
2.184272406460993807e+03
2.185227446318489001e+03
2.185417382943760003e+03
2.186065148916893122e+03
2.188218084437119160e+03
2.188799700689636211e+03
2.189912689873564432e+03
2.190842145751607404e+03
2.191979737372545060e+03
2.192708043131796785e+03
2.193238829975601675e+03
2.193872133196386130e+03
2.194344160376583204e+03
2.194855535161507760e+03
2.196262958878649442e+03
2.196618202338251649e+03
2.198002095169833410e+03
2.198629577980143040e+03
2.198906080463143553e+03
2.200711254889597967e+03
2.201806607375551266e+03
2.203559804491347677e+03
2.204512139518972617e+03
2.204753165460734635e+03
2.205535627458349609e+03
2.206540042934973826e+03
2.207050476093068028e+03
2.208216064824603109e+03
2.208717223619472861e+03
2.209466058780511958e+03
2.209963268483356387e+03
2.210918505140292837e+03
2.211731702348087765e+03
2.212145220509235514e+03
2.213005965805159576e+03
2.214191519422587135e+03
2.215105388531321751e+03
2.217880359594110814e+03
2.219393541926171565e+03
2.219574563187444710e+03
2.220999856137358620e+03
2.223209725835005884e+03
2.224798527282182022e+03
2.225168614651877760e+03
2.225757913976890450e+03
2.226995628900838256e+03
2.228066609607516511e+03
2.228606163394502801e+03
2.231034112416451990e+03
2.231624846118523692e+03
2.232254674640370013e+03
2.232758851428211528e+03
2.233409534829575932e+03
2.233956834632697792e+03
2.234988888975514783e+03
2.236069135774112056e+03
2.236554526230251668e+03
2.236889083325660977e+03
2.238588861495335095e+03
2.240651053063494146e+03
2.241573182041220207e+03
2.243236017899532271e+03
2.243497253807839115e+03
2.244775066713712476e+03
2.245871054544158596e+03
2.246634843655725490e+03
2.247914847202641795e+03
2.248501052301382060e+03
2.250368924134681947e+03
2.251283341425161325e+03
2.252532281141758631e+03
2.254265947380042235e+03
2.255846108027738410e+03
2.256678282202597075e+03
2.257928199268483695e+03
2.258150267665467254e+03
2.258696179027962899e+03
2.260228366355068829e+03
2.261406849431908540e+03
2.261847264579646890e+03
2.262427581665282560e+03
2.264206861341521289e+03
2.264422670324001501e+03
2.264997562070981530e+03
2.265628181139954449e+03
2.267472710877853842e+03
2.269172909690968481e+03
2.269606066313795509e+03
2.269822286847822397e+03
2.271477177489774931e+03
2.272356482558849166e+03
2.273683529812046800e+03
2.274544199974694493e+03
2.274932124237839616e+03
2.275507679437573188e+03
2.276036902068702148e+03
2.279190080343341833e+03
2.280074052210108221e+03
2.280218989296693508e+03
2.281544122426534614e+03
2.281875317488371365e+03
2.283334839026182181e+03
2.285106712242046342e+03
2.285525140718254079e+03
2.286693963203663316e+03
2.286886769906758673e+03
2.287263437385693578e+03
2.288304369506022340e+03
2.288798724767317253e+03
2.290234320004499750e+03
2.291795417424579682e+03
2.291937493507140061e+03
2.292216165671813087e+03
2.294128780189683312e+03
2.294343077723764964e+03
2.294755922036123138e+03
2.296171447078385881e+03
2.297927844702101083e+03
2.298185431975614847e+03
2.300792411348738369e+03
2.302879042361105348e+03
2.304998978207395339e+03
2.305794435750918637e+03
2.306025882720016398e+03
2.306321559523793439e+03
2.308148473547486446e+03
2.308286504687328488e+03
2.309184700521821014e+03
2.309746330298255543e+03
2.310547766650965968e+03
2.310781820746959056e+03
2.313642021950917297e+03
2.314382979757668636e+03
2.315616458993844390e+03
2.316034308792737647e+03
2.316761812312959592e+03
2.317929554320772240e+03
2.319061117916513467e+03
2.319384746598757374e+03
2.320490081425885819e+03
2.323880438613622573e+03
2.323980917407391189e+03
2.324645939630191151e+03
2.325349863902924426e+03
2.325564912812403236e+03
2.326531160364000243e+03
2.327483962290189083e+03
2.328211435164651448e+03
2.328687918941647695e+03
2.330330076025844846e+03
2.332117512554111727e+03
2.333037414559464196e+03
2.334491882546901707e+03
2.335162112519794846e+03
