-3.222649105745176712e+00
-8.110673926980780379e-01
7.409970930079907703e-01
1.746045646185848454e+00
2.646883854150019033e+00
5.518255530670558073e+00
7.145388713622196519e+00
7.996406318339040808e+00
9.774444784330398761e+00
1.049761300475097414e+01
1.166804817765341795e+01
1.270129519335569057e+01
1.360470621820172710e+01
1.390221872153779259e+01
1.566375283787533590e+01
1.816854088214086005e+01
1.922610405819568768e+01
1.966570373029981056e+01
2.061078772664632197e+01
2.200311643388386074e+01
2.293385369429279308e+01
2.361007797125671459e+01
2.448639932627770577e+01
2.635150125506311269e+01
2.706438316843582470e+01
2.842848474793072455e+01
2.897840324200637951e+01
3.019630141328593709e+01
3.052711599075109916e+01
3.100642770427793948e+01
3.187363746285768684e+01
3.310813618866177421e+01
3.417844962802314512e+01
3.485840192341038346e+01
3.598424861512421558e+01
3.718003927878294235e+01
3.820854028411008585e+01
3.914334013933807910e+01
3.970940144220753609e+01
4.071971699864138827e+01
4.185132312821474443e+01
4.229341015050545138e+01
4.355895148390345639e+01
4.429610248748008416e+01
4.528442034393515314e+01
4.645323406296802204e+01
4.673002608633532873e+01
4.750441555381280523e+01
4.811176037701352470e+01
4.878184737995820797e+01
4.981037585098624731e+01
5.027930048497933058e+01
5.147924662337209156e+01
5.212553456288515008e+01
5.406624834934041246e+01
5.538670799652572896e+01
5.595972704214591431e+01
5.671729720825123877e+01
5.745796779138436250e+01
5.832092980159836770e+01
5.889731318191161336e+01
6.071710951246927834e+01
6.115296745619320973e+01
6.169074845333807389e+01
6.261379105904029529e+01
6.412506726237961630e+01
6.516842298296364788e+01
6.648533455334631981e+01
6.740026945145905302e+01
6.813823309658710059e+01
6.871517336599845294e+01
6.924068788038630373e+01
7.070389257729266319e+01
7.153330733357188365e+01
7.372800878698308225e+01
7.424636007343065103e+01
7.470321495348662211e+01
7.577848341409685418e+01
7.647669390251985533e+01
7.737820919781188422e+01
7.806012260840248018e+01
8.021240736973027197e+01
8.133203496574492419e+01
8.268845800355552456e+01
8.331601225558370061e+01
8.431447092851772140e+01
8.504607016252793983e+01
8.593866258159300742e+01
8.753115775271703569e+01
8.806959292090641611e+01
8.909427958157243665e+01
9.044869396093076830e+01
9.113585990592127928e+01
9.329947356701359240e+01
9.399330083064592145e+01
9.507421187970317078e+01
9.692854697531447528e+01
9.741976337783853523e+01
9.925187960030598333e+01
1.003468578272468221e+02
1.015037375910130777e+02
1.027148707775554612e+02
1.038743494719117280e+02
1.043650939131362065e+02
1.051293766086437245e+02
1.066745071991442728e+02
1.078670029488375803e+02
1.088277887900499081e+02
1.090901193267595772e+02
1.099149712992123114e+02
1.109624798429688326e+02
1.117145574402084094e+02
1.130327677880447936e+02
1.133861234370301645e+02
1.140108462202711053e+02
1.158715702477832110e+02
1.164471409734173903e+02
1.186913402628392760e+02
1.199622599025440195e+02
1.212878972626433551e+02
1.232689501148870477e+02
1.239401816923841579e+02
1.248688830676699126e+02
1.264512190909740639e+02
1.277961965348908961e+02
1.286802791545703712e+02
1.308267854105795323e+02
1.312114154974171925e+02
1.336000633500893855e+02
1.342456526547298381e+02
1.352108013868121361e+02
1.370003487008934826e+02
1.391999879219845297e+02
1.398565224200197008e+02
1.402373732934534019e+02
1.415927671421131890e+02
1.424801683547802895e+02
1.429943991549641851e+02
1.439076843256152642e+02
1.451167502691857862e+02
1.462669326717204967e+02
1.466881458685645612e+02
1.479997570598900438e+02
1.485419965847715957e+02
1.493743386258672672e+02
1.504687736145895087e+02
1.510937687868083685e+02
1.521511076294239047e+02
1.527802804164937243e+02
1.534164302734841385e+02
1.540728275494602713e+02
1.549900437432515901e+02
1.558337010055092833e+02
1.562847275678875576e+02
1.573342473474183407e+02
1.580620977130524807e+02
1.590551581653126050e+02
1.598252739968420428e+02
1.611351926839167845e+02
1.618332244490893572e+02
1.623429673598552654e+02
1.629824361610003507e+02
1.638949363132933286e+02
1.646341322874143316e+02
1.655761640688866692e+02
1.662667890675909348e+02
1.678287156087531002e+02
1.683286653856673638e+02
1.693656502955562928e+02
1.700257351111391699e+02
1.701581606921746470e+02
1.716466544088068531e+02
1.720705562621437821e+02
1.724701405714058637e+02
1.740781009498950880e+02
1.746377548665089989e+02
1.754600294193287482e+02
1.760161981090606105e+02
1.768599110922064028e+02
1.784313398914035815e+02
1.794858630145496363e+02
1.805473223618378142e+02
1.814490916228802462e+02
1.830358820636072323e+02
1.838801177719990392e+02
1.843360374314692081e+02
1.852222005059061303e+02
1.857917754240282875e+02
1.864146423083932405e+02
1.878639294617601081e+02
1.883984529114222823e+02
1.896230275883593777e+02
1.909643738167947049e+02
1.914632852364925384e+02
1.916532862478003381e+02
1.928414392030541649e+02
1.935506878519026941e+02
1.945173546764380035e+02
1.953660727158387544e+02
1.962799105467879599e+02
1.972360448769012464e+02
1.977834953024538436e+02
1.986422495438617943e+02
1.994102261680372976e+02
2.005076037763916474e+02
2.022122248074119852e+02
2.025731522541003642e+02
2.036951621721511856e+02
2.048096677823241407e+02
2.062753141508563886e+02
2.070206365703011215e+02
2.083147156653799357e+02
2.092632907521340258e+02
2.097363114178625665e+02
2.116942192424314726e+02
2.131027010954414891e+02
2.138329475863198468e+02
2.142140414261535852e+02
2.151749113730962790e+02
2.160126460972259110e+02
2.167718528128519893e+02
2.175406194306754060e+02
2.183914118049736999e+02
2.190107636521264567e+02
2.209767224846378895e+02
2.224192732709384472e+02
2.239572956106975425e+02
2.247796828299899516e+02
2.254506221859636526e+02
2.260802799793887061e+02
2.275176580282302439e+02
2.289640551252466594e+02
2.294837778145321181e+02
2.307551288591109824e+02
2.326341428930215898e+02
2.345909503689811118e+02
2.361727763953309704e+02
2.371190872611572331e+02
2.384405031133236434e+02
2.389643990015738382e+02
2.404540258641288801e+02
2.407332393226901104e+02
2.422391244790201199e+02
2.432441647287529349e+02
2.436182095649043049e+02
2.452726738188964646e+02
2.472645814517221652e+02
2.477306194708091880e+02
2.492010743821462029e+02
2.498840788733309637e+02
2.503282227460817921e+02
2.518968769481789423e+02
2.526771117284566799e+02
2.530992461255057151e+02
2.553552068361950660e+02
2.557297238917267350e+02
2.569402853342660364e+02
2.576438109728555901e+02
2.590059813068378389e+02
2.620017395558171529e+02
2.623886403598156676e+02
2.640893892908562748e+02
2.648962205090285806e+02
2.655855172336770238e+02
2.668314818344458672e+02
2.686180509443277060e+02
2.692914532565119998e+02
2.702906033259530432e+02
2.727829396236077173e+02
2.732742130849719615e+02
2.736931106760266630e+02
2.755239016800451282e+02
2.759819120096594816e+02
2.780195781049968673e+02
2.784497376436729610e+02
2.795731443424389226e+02
2.807096977410174077e+02
2.814466797229158601e+02
2.824002802312147651e+02
2.835134765900357934e+02
2.847963696473639175e+02
2.861761208647480998e+02
2.877235136321301070e+02
2.891025343569704091e+02
2.905618149649357065e+02
2.912350497331007091e+02
2.921048143150781016e+02
2.926465887362040803e+02
2.940098182606792534e+02
2.943767986039407560e+02
2.953518089793058152e+02
2.956784607347229894e+02
2.966046851410410454e+02
2.972584983316305625e+02
2.985808071705660041e+02
2.996180491432839972e+02
3.011541281972023398e+02
3.021582231125380531e+02
3.031578437450676802e+02
3.039577899226754880e+02
3.043036520897743458e+02
3.049090229338390827e+02
3.067889567573416798e+02
3.072995737749756699e+02
3.081330401663374232e+02
3.089047735127045371e+02
3.098875309347553184e+02
3.101923394446122302e+02
3.105705432183605126e+02
3.113760080117743883e+02
3.123363632951458158e+02
3.128334835330070973e+02
3.133698331191918669e+02
3.142626420823348781e+02
3.147479240195327748e+02
3.163805418286351596e+02
3.170735104784167788e+02
3.176999858470095432e+02
3.185699775823597975e+02
3.198595220572192375e+02
3.205999929393983621e+02
3.223370166969235697e+02
3.232731631882544434e+02
3.239400359310831163e+02
3.242448515305508181e+02
3.255093869180125239e+02
3.259365212649137220e+02
3.271082308024060694e+02
3.279159779694606414e+02
3.285836306604235233e+02
3.293722473037030340e+02
3.298515967797076200e+02
3.313929394615506681e+02
3.321814120844891249e+02
3.329495634820874557e+02
3.335184006146930642e+02
3.344203756664162484e+02
3.357937266601837791e+02
3.372264378173284740e+02
3.386804687567332621e+02
3.396432470910240227e+02
3.400251222626247909e+02
3.411893979890135142e+02
3.425112347564974016e+02
3.438099333091727203e+02
3.446861615455705987e+02
3.461727218747232655e+02
3.466952023329251915e+02
3.479395382787337212e+02
3.485248679584802858e+02
3.493423185317435582e+02
3.506517282982894130e+02
3.511859044168404580e+02
3.534163631777136061e+02
3.539628747170196448e+02
3.550411910880076221e+02
3.559401369854457471e+02
3.564205457861049808e+02
3.580031718827747227e+02
3.592380775950405223e+02
3.596652842043611145e+02
3.614616719872515205e+02
3.623282156921427486e+02
3.627346958828530887e+02
3.639120963808271654e+02
3.645382889383578231e+02
3.665163192875280629e+02
3.674672475628921120e+02
3.685023114818249041e+02
3.701886621691857044e+02
3.705373824869906230e+02
3.717659825980083497e+02
3.723435874257534124e+02
3.728613722016624479e+02
3.738158103509476859e+02
3.755892097781334087e+02
3.762616145085480639e+02
3.781308379205380561e+02
3.796648465107808761e+02
3.801770593967822833e+02
3.809458433434381277e+02
3.811100223521759744e+02
3.818614821642696597e+02
3.831634430723893274e+02
3.842917343432812913e+02
3.863072696184106007e+02
3.874264597376331949e+02
3.878339382644277293e+02
3.893382054972671540e+02
3.900953045538622064e+02
3.910201839209487389e+02
3.933537271710046070e+02
3.944236395567787667e+02
3.957694662652857005e+02
3.969101088225585272e+02
3.974889269340765168e+02
3.981947958483088996e+02
3.992004482823281251e+02
4.006251444385317200e+02
4.011827186079581224e+02
4.029018560329509455e+02
4.037350443773179904e+02
4.045092141319662460e+02
4.056572662547191612e+02
4.065719959931228686e+02
4.067958239558462310e+02
4.077455979979349650e+02
4.095117205496949282e+02
4.100553299007069654e+02
4.109204142695593873e+02
4.120509161405166196e+02
4.131984419311663714e+02
4.143979643190843944e+02
4.152550064647397221e+02
4.169045798764990423e+02
4.172806365467423575e+02
4.184048721352675102e+02
4.193019685263690235e+02
4.201512213524358685e+02
4.218825081392327547e+02
4.220572980533005421e+02
4.231952141419609461e+02
4.241219658688478376e+02
4.250473527136346092e+02
4.256992974966289012e+02
4.261750206170698902e+02
4.271633414186769642e+02
4.278482202425733476e+02
4.286040002459315019e+02
4.295017336940410360e+02
4.299096017710089654e+02
4.302342964638949070e+02
4.312743786200254590e+02
4.315619332693514707e+02
4.333557302115837047e+02
4.344431328952179001e+02
4.361104754283005605e+02
4.365594335302632771e+02
4.369147216605676931e+02
4.382643465121101372e+02
4.387870526808571867e+02
4.407344256995380647e+02
4.410278998116400544e+02
4.423478318315668503e+02
4.435591651456123827e+02
4.444687733109118426e+02
4.452177387293561424e+02
4.462798636636867968e+02
4.474264135108347773e+02
4.492432304614044369e+02
4.496706661186071869e+02
4.511306860903881670e+02
4.520040057753485598e+02
4.523204876838956352e+02
4.530621570691922670e+02
4.544461032135607184e+02
4.551559977095827207e+02
4.560127079311578200e+02
4.570806491284630511e+02
4.578608149272271248e+02
4.592995241563048694e+02
4.602181919367229739e+02
4.607216426079075973e+02
4.624692528282498643e+02
4.630637763875105293e+02
4.646682807111703823e+02
4.652859894490762827e+02
4.666210706345492554e+02
4.672354035395611618e+02
4.686314924563376962e+02
4.697407207828784976e+02
4.705098238052095212e+02
4.721373000606423602e+02
4.729084220838909687e+02
4.744845150070659656e+02
4.754102458271785281e+02
4.765368099667902015e+02
4.775740340147895040e+02
4.782713008300841011e+02
4.795537006837253102e+02
4.806237491076244623e+02
4.815955256223187462e+02
4.825410019427723682e+02
4.832226419647872717e+02
4.839793336726241932e+02
4.849690861064636920e+02
4.858907754403229546e+02
4.865016929568879505e+02
4.872821563244140179e+02
4.895423922967230510e+02
4.898030629949219019e+02
4.903813246471519278e+02
4.914387593150377143e+02
4.929314730108368394e+02
4.938982396162073201e+02
4.940992022917970417e+02
4.949309244344957506e+02
4.962807914876863151e+02
4.974016906534377540e+02
4.978367825550996031e+02
4.990679813521022652e+02
5.006753608931071540e+02
5.008000983684773928e+02
5.018252799124460353e+02
5.034949700089572389e+02
5.041887611859270919e+02
5.051510402942594737e+02
5.060382439672640658e+02
5.069788295805165035e+02
5.077205674841005703e+02
5.085259608899406203e+02
5.096719023326668321e+02
5.103614823961165712e+02
5.116062499138229214e+02
5.123476527553285678e+02
5.134367973564037584e+02
5.144096197632214853e+02
5.159728750785111515e+02
5.166646377509513286e+02
5.182048140689881848e+02
5.188771966320168758e+02
5.195811538319837837e+02
5.207565731341194351e+02
5.222425847291757464e+02
5.224634627923250036e+02
5.243595986277530301e+02
5.251509425253108247e+02
5.265464623156052539e+02
5.282967004463973808e+02
5.290176647773590730e+02
5.299726349384151263e+02
5.313404796832470538e+02
5.328280255080752568e+02
5.337506215853137519e+02
5.352704642468765996e+02
5.359200179181681278e+02
5.369010415849573974e+02
5.375559586937040422e+02
5.384712701898672549e+02
5.396233764026806057e+02
5.410562864126280829e+02
5.413754954344583439e+02
5.425253674092539313e+02
5.441907854614059943e+02
5.457391509649964974e+02
5.463833851141635023e+02
5.473645408770985341e+02
5.484587214554334196e+02
5.497223263398883546e+02
5.504793917422832692e+02
5.520281207108139370e+02
5.533975758610549747e+02
5.541900379649739534e+02
5.553262065660155713e+02
5.561206550845371339e+02
5.575426372236765928e+02
5.596674366275432249e+02
5.602019213729602143e+02
5.616509675952502221e+02
5.630311658373869932e+02
5.634020566590821772e+02
5.649025270846243529e+02
5.653670429829256818e+02
5.663760682421598176e+02
5.682217241487993533e+02
5.693804302640289734e+02
5.715111224320767178e+02
5.719299966094993124e+02
5.728321582757880606e+02
5.738027003590683535e+02
5.751303158864764100e+02
5.761699382559340847e+02
5.767604823845456394e+02
5.788402607971248699e+02
5.799330766616044457e+02
5.802798392815095667e+02
5.807886319590087396e+02
5.816527020018310168e+02
5.830123447165050266e+02
5.843824598635985694e+02
5.853779136346521454e+02
5.871047674463219437e+02
5.875742011593364396e+02
5.891881373628706342e+02
5.893768727779948904e+02
5.906279563199052518e+02
5.917128018000383918e+02
5.924759903137344281e+02
5.935244082738631732e+02
5.940334938539310770e+02
5.948257015043460569e+02
5.952132081427311050e+02
5.960061157255266835e+02
5.970475797209508073e+02
5.985842451122817920e+02
5.994431419517677568e+02
6.004387311887165879e+02
6.009291594353957180e+02
6.018499873821009487e+02
6.030453888001570704e+02
6.040062111804656979e+02
6.050869215499187703e+02
6.061834364322148758e+02
6.072153231467303840e+02
6.076788325160862314e+02
6.083944021699020368e+02
6.102213996566016476e+02
6.110745257376664767e+02
6.123378426154204135e+02
6.129002611854077713e+02
6.145167895074204125e+02
6.149133641853001109e+02
6.160612465790563874e+02
6.165053497819225186e+02
6.181719047162868037e+02
6.189972712476492234e+02
6.199314956905757299e+02
6.204864882980060656e+02
6.208534219891199655e+02
6.226707991102464348e+02
6.233979711469114591e+02
6.235626276823639955e+02
6.246305226406425390e+02
6.260926358986306468e+02
6.272688055975461339e+02
6.279880906544186701e+02
6.283709458456261245e+02
6.290297591361963896e+02
6.301412269330377285e+02
6.313095645650761298e+02
6.320220957738969219e+02
6.329846934963588865e+02
6.334803793523796003e+02
6.341458146902012913e+02
6.345574655857262769e+02
6.349455027738295030e+02
6.360986990960997218e+02
6.372187828643938019e+02
6.378741812113999003e+02
6.388485299997946640e+02
6.396983890178510137e+02
6.408069407949737979e+02
6.413737277163937733e+02
6.416643646289671779e+02
6.436551615147022858e+02
6.440413832574233766e+02
6.443937302613821885e+02
6.456609839571161729e+02
6.464056718385176055e+02
6.469973536533725564e+02
6.480351318511619638e+02
6.489725356023011500e+02
6.498310590840868599e+02
6.513463228037588806e+02
6.514928943647140613e+02
6.529702699326915081e+02
6.540085824190291532e+02
6.552317282726994563e+02
6.559104495317781129e+02
6.565071640104127937e+02
6.575250556412721608e+02
6.581225588356658136e+02
6.585695057675509361e+02
6.602347717161900391e+02
6.607377561187367974e+02
6.617269833459340589e+02
6.622413996386263761e+02
6.630368882148951570e+02
6.646158661265247929e+02
6.652238029016343717e+02
6.664814377604551510e+02
6.671853662154630911e+02
6.679553644662820489e+02
6.697977976023322526e+02
6.702172123286434271e+02
6.716118247885968913e+02
6.723911971568783201e+02
6.732122611664270835e+02
6.752612864107150017e+02
6.761271507295218726e+02
6.770492629727186795e+02
6.785807183927872757e+02
6.792152710975636865e+02
6.801267038036505710e+02
6.815658809153488846e+02
6.829038904306694349e+02
6.834660089009291823e+02
6.850511833063181939e+02
6.859123332288455686e+02
6.861836637293934018e+02
6.876228366895865065e+02
6.894326200368423088e+02
6.904725006765711441e+02
6.911139992494371427e+02
6.918120475733016974e+02
6.929667828284175357e+02
6.944388229833743935e+02
6.953317925286353329e+02
6.962168401383936498e+02
6.975867972961532359e+02
6.991194871063125902e+02
6.997252069878336442e+02
7.004977166106093591e+02
7.020459305693348142e+02
7.031220176908313988e+02
7.037309053494235513e+02
7.047500867425678734e+02
7.065881227028650073e+02
7.072863099102028173e+02
7.086062317123216872e+02
7.103738690565774050e+02
7.118658707242861965e+02
7.127969034370913732e+02
7.137943636075988252e+02
7.141006262537559905e+02
7.158337876297202911e+02
7.162494999262872852e+02
7.177042268614362683e+02
7.187526174902707226e+02
7.208750526405181063e+02
7.218683839423891868e+02
7.233062544594574774e+02
7.245042892304370525e+02
7.260405972380370940e+02
7.269527927971503232e+02
7.293151249541160723e+02
7.301198969751985715e+02
7.308445068355107423e+02
7.324708711516341282e+02
7.333421640558615309e+02
7.343730799319803282e+02
7.353339766194173990e+02
7.359627440020173026e+02
7.362701359053280612e+02
7.378232167465059774e+02
7.386703711157879297e+02
7.399876946011636392e+02
7.407568782825076141e+02
7.411004466062317988e+02
7.419032678533117178e+02
7.434970937260862911e+02
7.445183091700953355e+02
7.448306457754488292e+02
7.465579680110949994e+02
7.472320451377452173e+02
7.477182276721498511e+02
7.486745455246202710e+02
7.503559922560987161e+02
7.514373186504089972e+02
7.521861541553676034e+02
7.533112178773940286e+02
7.536906685204248788e+02
7.554172354719327132e+02
7.566301129780042629e+02
7.570045846786715629e+02
7.581177842572527652e+02
7.586940670566393692e+02
7.597507157942759477e+02
7.605795251196850586e+02
7.618129508973277098e+02
7.630950351065436053e+02
7.638207075947490239e+02
7.653499856612822896e+02
7.658974763090056967e+02
7.669995533125161273e+02
7.674986585511442172e+02
7.679686831951214572e+02
7.687606224363714773e+02
7.699382597523294862e+02
7.706915600199745313e+02
7.720425965828540029e+02
7.730382374501680260e+02
7.736683178721252716e+02
7.745448366437542518e+02
7.762974348552266974e+02
7.776923109582421603e+02
7.782551715257409342e+02
7.788056171790660756e+02
7.795062337296027408e+02
7.805291320679327782e+02
7.817992556635554138e+02
7.827149666080845236e+02
7.832229843401416929e+02
7.837930868651067158e+02
7.845361136344965871e+02
7.854179451215995869e+02
7.864887302011975407e+02
7.867361504522826863e+02
7.879954038661874165e+02
7.887971725340534022e+02
7.899443066422842321e+02
7.909032420273024400e+02
7.925107792071378299e+02
7.939643182795495022e+02
7.946618498074686840e+02
7.959283676159533343e+02
7.972731430262451795e+02
7.981101579142912215e+02
7.991016739957503887e+02
7.996912980364783152e+02
8.003554921187975424e+02
8.012647217849412300e+02
8.020126783120954315e+02
8.032705605945676552e+02
8.046342631377031012e+02
8.057004274216731119e+02
8.062274191246959845e+02
8.072417581062361478e+02
8.084385390452425781e+02
8.095483977486483127e+02
8.102216609704518078e+02
8.112422490952187673e+02
8.123564353248591487e+02
8.131967634184518374e+02
8.151555944242202258e+02
8.154838405745492764e+02
8.164816167452036098e+02
8.178795560288886008e+02
8.190855085037499066e+02
8.196988147537254008e+02
8.209154915122527427e+02
8.221963104239509903e+02
8.229906308504447452e+02
8.247291281814798367e+02
8.256812016504871963e+02
8.263526374329119335e+02
8.270439222378638533e+02
8.280217468003638714e+02
8.287196799524607513e+02
8.292820082015502976e+02
8.307169446142802371e+02
8.316475060042704399e+02
8.326105105657244394e+02
8.334050949888940067e+02
8.340810262458030593e+02
8.349915690027356732e+02
8.361540623748280723e+02
8.369873998026057507e+02
8.386799470881845764e+02
8.390552333546756927e+02
8.404681749991609649e+02
8.414829131552323815e+02
8.425296643738330431e+02
8.434794567126034508e+02
8.449560995454389740e+02
8.461318778201502937e+02
8.470240443192461726e+02
8.472806740086974742e+02
8.497606865084729861e+02
8.501819256159629958e+02
8.518433823903801567e+02
8.533795183175675447e+02
8.539914527821104002e+02
8.546836798072006331e+02
8.555510939775022052e+02
8.564743101238500458e+02
8.569902047146217683e+02
8.579429552470892304e+02
8.595619636940962209e+02
8.599040847518899682e+02
8.603490614037089017e+02
8.607192682888089621e+02
8.625343840847474439e+02
8.636635962195332468e+02
8.644372624316314386e+02
8.651392764120573702e+02
8.664022215730503831e+02
8.669019526543057736e+02
8.673320974405620518e+02
8.683598490988845242e+02
8.688145639207357362e+02
8.697618245286856791e+02
8.709178314641701490e+02
8.714437922706662221e+02
8.722188958919961124e+02
8.733676146536856777e+02
8.752634871815084807e+02
8.762912314017341942e+02
8.776026582587340954e+02
8.782608143578551108e+02
8.796534226439570148e+02
8.804991126514164534e+02
8.812693065535969481e+02
8.817213786718762094e+02
8.836467256909299977e+02
8.843123167884771192e+02
8.854805032887052221e+02
8.866730456319693303e+02
8.869844256844244228e+02
8.876424264309064256e+02
8.890978986498835184e+02
8.905847482734347977e+02
8.916710004541744183e+02
8.929851316347015882e+02
8.935801396537627852e+02
8.951833259145855664e+02
8.958079032779935460e+02
8.964034300313521726e+02
8.980911513531029868e+02
8.986398573305318678e+02
8.992066774251115930e+02
9.008696839168524093e+02
9.030851796663096138e+02
9.036360319933705796e+02
9.042958697832395956e+02
9.049218851128314327e+02
9.066396155073053933e+02
9.068204067683743688e+02
9.078487395203994765e+02
9.085244049763151679e+02
9.096318170401614225e+02
9.114774666202724802e+02
9.120901313386408447e+02
9.125756362089637150e+02
9.149995652198681455e+02
9.160051854469626278e+02
9.164812804101525217e+02
9.171976146746833365e+02
9.194179345876038951e+02
9.212000321942574601e+02
9.220890102200130514e+02
9.232776926287340302e+02
9.242113393651978868e+02
9.247537767915753193e+02
9.258076859115551542e+02
9.274679823111114274e+02
9.289430090538419336e+02
9.309500920002956263e+02
9.315432314453464642e+02
9.323859391584851437e+02
9.333228403947000515e+02
9.347678537524083140e+02
9.356050145618604574e+02
9.379730447358177798e+02
9.393388425530650920e+02
9.398956916115137119e+02
9.412002837990718263e+02
9.418016535783146992e+02
9.423619552212466033e+02
9.430985113254982934e+02
9.435480814532945715e+02
9.447566869058509837e+02
9.455442338735823569e+02
9.462277638436266898e+02
9.475369872595050538e+02
9.485119380285415218e+02
9.495851555075496435e+02
9.508779842544430494e+02
9.519712641306618934e+02
9.529163187476245866e+02
9.531461040584514421e+02
9.538615326083365744e+02
9.554535503201011579e+02
9.561279055809154670e+02
9.569540284869513016e+02
9.582446269801068865e+02
9.595338211857798569e+02
9.606709458874522625e+02
9.609465853132246593e+02
9.619826398090435760e+02
9.630159342481395015e+02
9.642901515082132846e+02
9.646656033349854624e+02
9.664553427962724754e+02
9.670692976496478650e+02
9.674068017120434888e+02
9.680256638742168889e+02
9.687523767586344547e+02
9.698213218784669607e+02
9.709149476890770529e+02
9.716445480774418684e+02
9.731282964627388310e+02
9.735909576258318339e+02
9.747676210965348673e+02
9.760400229311496787e+02
9.767694957024942823e+02
9.776275478616691998e+02
9.790619292143389885e+02
9.796168655223226551e+02
9.801158720585286801e+02
9.811467530956557539e+02
9.818251683334054860e+02
9.829927726789521785e+02
9.842587015679141587e+02
9.848196835060891772e+02
9.853589297946178931e+02
9.866852909832525711e+02
9.872395581043555239e+02
9.878706430737995561e+02
9.889778457363895541e+02
9.907861890088462360e+02
9.910151858912413445e+02
9.920043766836668055e+02
9.932094120988122086e+02
9.941840778823275286e+02
9.945239910079786796e+02
9.953116093674478861e+02
9.960010400389512597e+02
9.973261931512572573e+02
9.979607609847374761e+02
9.985838103021812913e+02
1.000483099137803151e+03
1.001567700598866395e+03
1.003574775639243057e+03
1.004498738381480734e+03
1.004920953240373819e+03
1.006492524438565852e+03
1.006828144957242102e+03
1.008519412627280303e+03
1.008820245605421292e+03
1.009613827732433606e+03
1.010116746232143441e+03
1.011554991090913632e+03
1.012479421603555920e+03
1.013378943861735138e+03
1.014570509388680762e+03
1.016002087465719228e+03
1.016440685290981946e+03
1.017011828034944756e+03
1.018051911668169964e+03
1.019676113239404458e+03
1.020149518378095763e+03
1.021454639488136763e+03
1.022431695540895362e+03
1.023448688557002924e+03
1.023866475303583911e+03
1.024718312704434084e+03
1.026079037220725468e+03
1.027273677020436480e+03
1.027874174921421400e+03
1.028823747923393057e+03
1.029475171086770843e+03
1.030411452754777656e+03
1.031215378399740302e+03
1.031835968789618846e+03
1.034156189754842671e+03
1.035466464006758770e+03
1.036197557272404993e+03
1.037803075031147728e+03
1.038828922591559603e+03
1.039297211799593470e+03
1.040330829718687710e+03
1.040895085632895416e+03
1.043320469319604399e+03
1.044940538872472189e+03
1.045481072078601528e+03
1.046641490682042559e+03
1.046967210995491541e+03
1.048227318878847882e+03
1.048915861950537192e+03
1.049976636077312605e+03
1.051907789527592286e+03
1.052473126234346637e+03
1.053685996982509096e+03
1.054374678042521737e+03
1.055341351620212436e+03
1.055920736611647044e+03
1.058261582038916913e+03
1.059102729234612752e+03
1.059864752451305549e+03
1.061053200773861818e+03
1.061264773922588574e+03
1.061623881412928995e+03
1.062765588865600193e+03
1.063729392832384292e+03
1.065387627711514142e+03
1.065792223353021654e+03
1.067242180367861465e+03
1.068283780324919007e+03
1.068828065549491839e+03
1.069551248942487518e+03
1.070656457688576211e+03
1.071522062688640290e+03
1.072622978907168999e+03
1.074003695399787148e+03
1.074358785986189559e+03
1.075431592625284793e+03
1.078194168560184153e+03
1.079171015965123388e+03
1.080490723345471224e+03
1.082262895224775775e+03
1.084176852162534487e+03
1.085154248974383790e+03
1.086021450173005633e+03
1.087299594941155192e+03
1.088538589200457409e+03
1.089380264422074106e+03
1.090185057209816250e+03
1.091003008387280943e+03
1.092301813238751492e+03
1.093378058207043978e+03
1.093995573856203237e+03
1.094628281740839839e+03
1.096395597790745569e+03
1.096649966579626152e+03
1.098549900558881973e+03
1.099705466810783491e+03
1.100613802422735944e+03
1.101619904866681509e+03
1.102566608864729005e+03
1.103315957678848008e+03
1.103580272138030978e+03
1.104306137373625916e+03
1.105462643987407546e+03
1.106446965061493984e+03
1.107549365497409326e+03
1.108148642422879675e+03
1.109198588241369862e+03
1.109893656882811229e+03
1.110382777579426374e+03
1.111257444584214227e+03
1.112822009165053714e+03
1.113938292177341737e+03
1.114671373992553754e+03
1.115313262734871387e+03
1.115718058717237454e+03
1.116914356263202308e+03
1.117974740599278903e+03
1.118643738192553428e+03
1.119645880302704882e+03
1.120802016219116467e+03
1.122062116390582560e+03
1.122300317586172696e+03
1.123643660814327177e+03
1.123978068839292064e+03
1.125018826030976470e+03
1.126847352128128250e+03
1.127881918234684917e+03
1.128397721711680788e+03
1.130160373603554490e+03
1.130492593220162462e+03
1.132770602064246532e+03
1.133420009198618800e+03
1.135096717606949142e+03
1.136218552077844151e+03
1.136772151076304226e+03
1.138549619632090071e+03
1.140070968239255535e+03
1.141052816551142541e+03
1.141709047523625713e+03
1.142731951977006474e+03
1.143661100637829577e+03
1.144265419097725498e+03
1.144629142912476254e+03
1.145968998871911481e+03
1.146633331535249908e+03
1.147514131915011149e+03
1.148246799077650167e+03
1.149544487904049902e+03
1.150362048858381286e+03
1.151316117724082460e+03
1.151965382169469876e+03
1.152506376260469096e+03
1.153245534329643533e+03
1.154472130714264722e+03
1.154827241738315934e+03
1.155857068736509063e+03
1.156410586149832170e+03
1.157417371229616492e+03
1.159184298523572124e+03
1.159634954588822893e+03
1.161044623934108813e+03
1.162227952844220454e+03
1.162994141592814003e+03
1.163768902338627413e+03
1.164630514076433201e+03
1.166188112349961784e+03
1.166781973209147964e+03
1.167749977063785991e+03
1.169068546499529475e+03
1.170546489784781443e+03
1.171796166190865051e+03
1.172916457523913095e+03
1.174289812867219780e+03
1.175201586075949081e+03
1.176679053115631177e+03
1.177420697483571075e+03
1.178292128604082109e+03
1.180013185934632020e+03
1.180933657583808781e+03
1.182151882140966563e+03
1.183231778289295789e+03
1.183701385226705952e+03
1.185475583127720256e+03
1.185921938255397663e+03
1.186619336827314100e+03
1.187544374738628449e+03
1.188971056947444367e+03
1.189915882534443199e+03
1.190482059449506778e+03
1.191730962573660463e+03
1.192853221466566310e+03
1.195766487102140673e+03
1.197053891131794671e+03
1.197717180967269769e+03
1.198920308965967934e+03
1.199198295324353239e+03
1.200770699545620573e+03
1.201495376862307012e+03
1.202421300434916247e+03
1.202766756351770709e+03
1.203848600735688706e+03
1.204425277930815582e+03
1.206184183987064671e+03
1.207349347723923074e+03
1.207663331955791591e+03
1.208219572364665964e+03
1.208932652179049910e+03
1.209410348217408682e+03
1.210617447420334884e+03
1.211025273492699625e+03
1.212074342368946873e+03
1.213530087452518273e+03
1.214633744642715101e+03
1.214969956603664514e+03
1.215392801640860625e+03
1.215953516459424918e+03
1.217012332444611047e+03
1.217426179843737145e+03
1.218671329037574651e+03
1.219246022680562419e+03
1.219425718407148452e+03
1.220099617291338973e+03
1.221416242469315421e+03
1.222920893521229118e+03
1.223325112155138186e+03
1.223732156906997943e+03
1.225335088589422185e+03
1.226238851538254949e+03
1.226929904677431523e+03
1.227518710973284669e+03
1.228561350190640269e+03
1.229081034296584903e+03
1.229472742778538759e+03
1.231270800314939152e+03
1.231771318143081544e+03
1.232514786769055036e+03
1.233599998087229551e+03
1.234533615554161770e+03
1.235658731665908590e+03
1.235890860037668517e+03
1.237407485438915046e+03
1.238625083495227273e+03
1.240220168863095978e+03
1.241092118618259519e+03
1.241368050959492166e+03
1.244488636859681037e+03
1.245096737872419226e+03
1.246047114034211972e+03
1.248496074228645284e+03
1.249640723324588180e+03
1.250312631921596676e+03
1.251430446784747573e+03
1.252673580384886463e+03
1.254291515050716953e+03
1.255613890651898600e+03
1.256262072012150156e+03
1.256894179750768899e+03
1.258198096003626006e+03
1.259731568845809079e+03
1.260331590519144356e+03
1.261912181035963386e+03
1.262472630055516447e+03
1.263684109211324312e+03
1.265080283157420581e+03
1.266170718383462827e+03
1.267081297808202407e+03
1.267673891586591708e+03
1.269785800231083158e+03
1.271999600897196160e+03
1.272961647784067964e+03
1.273458329508906218e+03
1.274607273394985441e+03
1.275426109289394390e+03
1.276675772059375959e+03
1.277641692023996484e+03
1.279552201309369138e+03
1.279941037523301702e+03
1.281385273347820203e+03
1.282424100941880852e+03
1.282830038654735745e+03
1.284327063116477802e+03
1.285284577637186430e+03
1.286079434548983500e+03
1.287660898764112972e+03
1.288390787133352887e+03
1.288696389590762919e+03
1.290658781797438905e+03
1.291296086094638213e+03
1.292429907368457634e+03
1.294202076143810018e+03
1.294377106876273274e+03
1.295531165296093150e+03
1.296663800012616775e+03
1.298157607870367201e+03
1.298533273389029546e+03
1.300102363945988373e+03
1.300718327357328462e+03
1.301495778773838765e+03
1.302322222656626991e+03
1.303001341293917221e+03
1.304011293765192477e+03
1.305900176756817473e+03
1.306167720342278926e+03
1.306989601997106547e+03
1.308041294496678574e+03
1.308821300368928860e+03
1.309321012816432585e+03
1.310225227704478357e+03
1.311075470213500694e+03
1.311816778388604007e+03
1.312461421959874315e+03
1.314542200786914464e+03
1.315301239477830904e+03
1.316540526663268338e+03
1.317813966987270305e+03
1.318728111430007175e+03
1.319817196610708152e+03
1.320687494802535639e+03
1.321450898288862390e+03
1.323036296769761975e+03
1.323810755218974691e+03
1.325093808017550600e+03
1.325387482314863519e+03
1.326931341323625475e+03
1.327427121399744465e+03
1.328228105523715158e+03
1.329305441713296204e+03
1.330564610329347261e+03
1.331166573249243356e+03
1.332211872785366722e+03
1.333819327074225384e+03
1.334267817874858792e+03
1.335044965953059091e+03
1.335922341846322297e+03
1.336290192554911982e+03
1.337064968717859529e+03
1.338109466295596576e+03
1.338587258358840018e+03
1.339057816931995603e+03
1.340319256459412827e+03
1.340778127873045605e+03
1.341569758064549433e+03
1.344148125179928456e+03
1.344581209884425107e+03
1.345409917712022207e+03
1.345646215585763230e+03
1.347200678333384985e+03
1.347575467694580084e+03
1.348442718433397431e+03
1.349167762443841639e+03
1.350012892992393290e+03
1.350655550364539749e+03
1.351578143466252641e+03
1.352119906280875057e+03
1.352417932579077615e+03
1.354737539690979247e+03
1.355172256435660074e+03
1.356188877502003152e+03
1.357164938189648410e+03
1.357703617232922170e+03
1.358487870287438000e+03
1.358776779488063312e+03
1.360810340185922541e+03
1.362715492801886739e+03
1.363143379527851948e+03
1.365234902780443917e+03
1.365793443733042068e+03
1.367005750237999564e+03
1.367591801920307262e+03
1.368209564994096809e+03
1.370016752200832343e+03
1.370729437960449786e+03
1.372098452483738583e+03
1.372951572038618224e+03
1.374389526894283563e+03
1.375627680749611500e+03
1.376174408836523526e+03
1.377667449100600152e+03
1.380544567404452664e+03
1.380802086699352003e+03
1.381586122265789299e+03
1.383268334674113703e+03
1.384437651434449663e+03
1.385131112892947385e+03
1.385819614380726080e+03
1.386284944802246628e+03
1.387098036609996825e+03
1.387735522461232449e+03
1.389062841077013672e+03
1.390461581640015538e+03
1.392247335084102588e+03
1.393064506933125813e+03
1.394313662121324796e+03
1.395379885124781595e+03
1.396628992290409087e+03
1.397808847996426266e+03
1.398870440082900132e+03
1.399818191021377061e+03
1.400233237837265506e+03
1.401096993395486152e+03
1.402029458202221122e+03
1.403167782760104046e+03
1.403843590692957378e+03
1.404625494660089998e+03
1.405409615541682115e+03
1.406437500029607918e+03
1.407447469027567649e+03
1.408467178447569268e+03
1.409144078876081039e+03
1.410088213857053915e+03
1.410794849833888293e+03
1.411837094583085445e+03
1.412424930700904952e+03
1.413533954127214656e+03
1.415662231720656791e+03
1.416124270062797450e+03
1.416787513902356750e+03
1.417381198737534078e+03
1.418748686704507236e+03
1.419794874857485411e+03
1.421003040305645300e+03
1.422109475240102711e+03
1.423240360872882775e+03
1.423977594555290125e+03
1.424709092781512709e+03
1.426102636390326097e+03
1.427424251176275675e+03
1.428327672103620444e+03
1.429453572272090696e+03
1.429992327855279882e+03
1.432100268005695398e+03
1.433134914413610204e+03
1.434008785127503415e+03
1.435057260828052222e+03
1.436119697588843565e+03
1.437683809446843497e+03
1.438279798125833850e+03
1.439661131191008508e+03
1.441106472136776574e+03
1.442094745439982489e+03
1.443265633125712611e+03
1.444668317913992951e+03
1.446099593725513387e+03
1.446687311394294284e+03
1.448411238510612293e+03
1.449578854168882117e+03
1.450570127209421344e+03
1.451020922717213352e+03
1.451802357439250954e+03
1.452806362367712154e+03
1.453586970865037529e+03
1.455269054163981764e+03
1.456092271151607974e+03
1.457057085291659178e+03
1.457606672362467634e+03
1.459219831891034573e+03
1.459908006291133916e+03
1.460611933017096362e+03
1.462235168919908801e+03
1.463933924831506374e+03
1.465006695658606759e+03
1.465247427180900104e+03
1.466427680986620999e+03
1.467590522327431472e+03
1.468391602962384241e+03
1.469280277232570825e+03
1.470422375440403357e+03
1.471296358029456314e+03
1.472267905149882381e+03
1.473220303872452860e+03
1.473852355747793354e+03
1.474387768709087140e+03
1.475634889998041672e+03
1.476710248425305508e+03
1.478030474145970857e+03
1.479147975782657568e+03
1.479902949715173690e+03
1.481082426754530843e+03
1.482090151102147956e+03
1.483300985329207151e+03
1.483900584113684317e+03
1.484572133381272806e+03
1.485487379663261436e+03
1.486807441139274943e+03
1.487207990236023988e+03
1.488027739726741174e+03
1.488964154052332105e+03
1.490313555079148500e+03
1.490523989949158704e+03
1.491759908455599998e+03
1.492015141380564728e+03
1.493057035375953092e+03
1.494174966422226589e+03
1.495090742676305126e+03
1.496458076735395935e+03
1.497184115011079030e+03
1.498166459319761088e+03
1.499220119071484305e+03
1.499972136691154446e+03
1.501366590204088425e+03
1.502193985607206059e+03
1.502798612390561402e+03
1.503865203709559864e+03
1.505314878923048127e+03
1.506219763827696852e+03
1.506583893684996838e+03
1.507725670166136752e+03
1.508717725565750015e+03
1.509430142590995274e+03
1.509728947137874457e+03
1.510069884013521005e+03
1.511649237548261908e+03
1.512177511272919674e+03
1.512614788464608637e+03
1.514714731122979629e+03
1.514880763665647692e+03
1.515642701634256355e+03
1.517088670293952418e+03
1.517822031785295849e+03
1.518841436141424765e+03
1.519861235138193706e+03
1.521393690896303042e+03
1.522304266652785827e+03
1.522614433573038468e+03
1.523640498677873666e+03
1.524828137774463812e+03
1.525384554613841829e+03
1.527233672031478818e+03
1.527681959530084896e+03
1.528057594219206521e+03
1.529291925765062388e+03
1.529726061422691600e+03
1.531430631007737929e+03
1.532367400545296732e+03
1.533192244574338929e+03
1.533830590530676318e+03
1.535188469408666379e+03
1.537129569724405656e+03
1.537981762804314712e+03
1.539046474582307837e+03
1.539974794447424756e+03
1.541175475089780093e+03
1.541483029943690781e+03
1.541808879909608777e+03
1.542951130218958269e+03
1.544640817474848063e+03
1.545669746708674211e+03
1.546601629511741066e+03
1.547434318411212644e+03
1.548995709596312508e+03
1.550575826714962432e+03
1.551016166176722436e+03
1.552187744110972289e+03
1.553476198164766402e+03
1.554974905144628337e+03
1.556251102881238921e+03
1.557543889997623182e+03
1.558253466457985951e+03
1.559150607013294803e+03
1.560404899315740977e+03
1.561476967063029861e+03
1.562395338954631370e+03
1.562729215843880866e+03
1.563693575262434479e+03
1.565127583324046100e+03
1.565822711963019174e+03
1.566540199950913347e+03
1.568206530592114177e+03
1.569625097259836821e+03
1.569949752237971097e+03
1.571819603327233835e+03
1.572638524601216204e+03
1.573783068104060931e+03
1.574967904758284021e+03
1.575653504183636187e+03
1.577063430153842091e+03
1.578204878809468028e+03
1.578846267347232924e+03
1.580182646946819204e+03
1.582345300238167511e+03
1.584312202421638176e+03
1.585695000903334176e+03
1.586207447558829699e+03
1.586892790130511003e+03
1.587858290360970841e+03
1.589233036982607018e+03
1.590704367669606881e+03
1.591231583649715503e+03
1.592433969595447707e+03
1.593293216626180538e+03
1.594359990742584159e+03
1.595135891890987750e+03
1.595683138424023809e+03
1.597174046414048235e+03
1.597828330307108899e+03
1.598883170618126769e+03
1.600458879634843470e+03
1.601147828566693761e+03
1.602250865567717938e+03
1.603478570319521168e+03
1.603981297122357546e+03
1.604520627640524708e+03
1.605297807299610895e+03
1.606158590405285622e+03
1.606765556237337250e+03
1.608030778324033236e+03
1.609326314999977512e+03
1.610217233890753960e+03
1.611495049902034452e+03
1.612555768630145849e+03
1.613105879719514178e+03
1.614687383535715071e+03
1.615460867571619929e+03
1.616419981713847392e+03
1.617375229768233567e+03
1.618254124894330062e+03
1.619368868451513208e+03
1.620218553478486911e+03
1.620719519425924773e+03
1.621373377604756342e+03
1.622251220630950229e+03
1.623361755544017797e+03
1.624101403260451661e+03
1.625693625132730176e+03
1.627711379492161313e+03
1.628675246521979034e+03
1.629132097794118636e+03
1.630298118306357310e+03
1.630797789125524105e+03
1.631643100544193885e+03
1.632585572500290255e+03
1.633595282949448801e+03
1.634135976336704289e+03
1.635739753729718359e+03
1.636411037691797446e+03
1.638005751485738074e+03
1.638444348661736512e+03
1.639683157114321602e+03
1.640722769139531692e+03
1.641365456822454234e+03
1.642695557522693889e+03
1.644086636622121659e+03
1.644789688467953965e+03
1.645877104380814671e+03
1.647253598664927722e+03
1.648231827389746059e+03
1.649713159805457963e+03
1.650421050466957240e+03
1.651724027224715655e+03
1.652723352561012234e+03
1.653386128841367963e+03
1.654771628874630551e+03
1.655657093141430778e+03
1.656446954826729325e+03
1.657591375047445126e+03
1.658153669390412460e+03
1.658634593867210697e+03
1.658991128849335837e+03
1.660134220663281212e+03
1.661098039982061209e+03
1.662731209351793950e+03
1.663393796469256813e+03
1.663842966955247448e+03
1.665056582656951605e+03
1.665630896109328887e+03
1.666173561638288675e+03
1.667370890302974431e+03
1.667925252907158665e+03
1.668582484920022807e+03
1.669422438513215639e+03
1.669793201690826209e+03
1.670438737983389274e+03
1.672110635479072016e+03
1.672777834053298648e+03
1.674175239013927012e+03
1.675052700128107972e+03
1.675761311118742469e+03
1.676531550596756915e+03
1.677375232256347772e+03
1.678575566603150719e+03
1.679339818972264766e+03
1.681066610962330515e+03
1.681939269542875991e+03
1.682842998526402198e+03
1.683615817639318038e+03
1.684614039949057315e+03
1.685104482622055002e+03
1.686713850102377137e+03
1.687850504555464340e+03
1.689328621539553069e+03
1.689819065927894371e+03
1.691270724058063706e+03
1.692304896044807492e+03
1.692879757661103213e+03
1.694058444613508527e+03
1.695141887392668878e+03
1.695811121699938212e+03
1.696678795801099568e+03
1.698913700012611116e+03
1.700350338824747269e+03
1.701505661652919116e+03
1.701840680426409563e+03
1.702375808890091776e+03
1.703722617170613148e+03
1.704832729474208008e+03
1.705752116745206422e+03
1.707648173166912784e+03
1.708111558182740282e+03
1.708814341460933520e+03
1.709722475254885467e+03
1.710394264975995384e+03
1.712375318972046898e+03
1.713450102344638935e+03
1.713999073588171086e+03
1.714725958460092670e+03
1.715726798580399191e+03
1.716411265067263685e+03
1.718948089735417398e+03
1.719431380090717539e+03
1.720946625653765750e+03
1.721569108377986367e+03
1.722980981004313435e+03
1.723618346409117748e+03
1.725407413841184280e+03
1.725897112316758921e+03
1.727003187223810528e+03
1.728527124390169320e+03
1.729383646256801967e+03
1.729760335363016111e+03
1.730738518188580201e+03
1.732183674667919604e+03
1.733137854580160138e+03
1.734215375937792032e+03
1.734995962102452268e+03
1.736094397765578378e+03
1.737057989040086795e+03
1.738319734478520331e+03
1.738891236618001358e+03
1.739293443664356801e+03
1.741185076769507759e+03
1.743081731008398492e+03
1.744642122798499031e+03
1.745987144227565295e+03
1.747101043365159967e+03
1.747707235932856065e+03
1.748800859082426996e+03
1.749451477807707761e+03
1.749921128248004607e+03
1.751207464335617715e+03
1.752225270744048430e+03
1.753649434199703592e+03
1.754635122927584462e+03
1.755421172280662631e+03
1.756177729406196249e+03
1.757535622343373007e+03
1.758869303192583175e+03
1.759656036052254422e+03
1.760452148484852387e+03
1.761588548869689475e+03
1.762945144930422430e+03
1.764122814025133039e+03
1.765103707299484995e+03
1.765285954684409717e+03
1.766028836773729154e+03
1.767367441388090811e+03
1.767838073164363095e+03
1.769371833765770134e+03
1.770133947426107625e+03
1.770519489338010771e+03
1.771461882323623286e+03
1.772557211041419578e+03
1.774129154939632372e+03
1.774976879541657127e+03
1.775981462004970126e+03
1.776806732583025678e+03
1.778159475376200135e+03
1.779156852970579166e+03
1.780536632125259757e+03
1.780865779651440334e+03
1.782438323593962650e+03
1.783158326594724713e+03
1.783961965114378017e+03
1.784636625652204657e+03
1.785931732599533916e+03
1.786961206097795866e+03
1.788002525875946503e+03
1.789206126571873938e+03
1.789603083302742789e+03
1.790088705302289554e+03
1.791632815918477718e+03
1.792649936156060448e+03
1.793118279186825475e+03
1.793888449447674702e+03
1.795118733641462995e+03
1.795878510935950317e+03
1.796814537486310883e+03
1.797376224734394555e+03
1.798364705042952210e+03
1.799817809562203138e+03
1.801058182665369714e+03
1.802010575934551071e+03
1.802822120553734521e+03
1.803691220062376942e+03
1.804327890499725072e+03
1.805674071168666160e+03
1.807328431192911921e+03
1.807690367616982257e+03
1.809292628630048966e+03
1.810489951005241210e+03
1.811264904162337189e+03
1.812335121465822795e+03
1.812728984284462513e+03
1.813697427888777838e+03
1.814345264926570053e+03
1.815191114460796825e+03
1.815656200797185193e+03
1.817554786005848655e+03
1.817976802178740172e+03
1.818784722216606269e+03
1.820265582389788960e+03
1.821576173510196440e+03
1.822198339238122571e+03
1.823508946493117492e+03
1.824083456391693289e+03
1.824805716043108077e+03
1.825131479515092451e+03
1.826038655051441310e+03
1.827346548662528221e+03
1.827896834056407670e+03
1.828345849984057168e+03
1.829000884876999407e+03
1.830471665358182236e+03
1.832037239063909965e+03
1.833379880972493993e+03
1.835306251762503507e+03
1.836820011652689118e+03
1.837816671506556759e+03
1.838495670914614038e+03
1.839659525259352449e+03
1.840503380233644066e+03
1.841243906502375467e+03
1.842480184723447564e+03
1.843009123032039042e+03
1.844362263328071094e+03
1.846183204779898460e+03
1.846611786862266172e+03
1.846831734888731262e+03
1.847149015573435918e+03
1.848093610613025930e+03
1.850435537674744864e+03
1.851306441521539455e+03
1.852447473584654972e+03
1.853566706479881304e+03
1.854307134696922276e+03
1.855549225137548547e+03
1.856605324690859561e+03
1.857769464769104161e+03
1.859215651952513099e+03
1.860210476273922040e+03
1.860797278087625500e+03
1.861587457862192878e+03
1.862504759415572153e+03
1.864233141101240562e+03
1.864885114962417447e+03
1.866401779826296888e+03
1.867262357703163616e+03
1.868546452103769752e+03
1.870264677899840080e+03
1.871357683176145656e+03
1.873000540797564554e+03
1.873312955893927665e+03
1.874368670544598672e+03
1.874783512231472969e+03
1.875373125104681094e+03
1.876483393583278485e+03
1.877321576579246084e+03
1.878603528910535715e+03
1.879112936056294757e+03
1.879564864697879784e+03
1.880912048294253282e+03
1.881753301236021116e+03
1.882662937245621379e+03
1.883119380535737037e+03
1.884262253501181476e+03
1.885043993709301503e+03
1.886571430788888847e+03
1.887368803954421992e+03
1.888658929372247258e+03
1.891982727380306642e+03
1.892027489021762904e+03
1.892853958481236532e+03
1.894059858916820303e+03
1.896083098157687118e+03
1.897206314614265693e+03
1.897760436554937314e+03
1.898613922442665853e+03
1.900381317752653331e+03
1.901373865292009668e+03
1.902131851189100416e+03
1.902685865367318002e+03
1.903238743176406842e+03
1.903839931362830384e+03
1.905088049551884524e+03
1.905966331320118570e+03
1.906442210335138725e+03
1.907848755627142509e+03
1.908270483832313857e+03
1.908728768074115123e+03
1.909750714768460057e+03
1.910907239288722167e+03
1.911273310198869694e+03
1.911837763686960443e+03
1.913431861482833028e+03
1.915169747639711659e+03
1.915611536019782989e+03
1.916099351482777820e+03
1.916736429151411812e+03
1.917748830741507845e+03
1.918675098631568744e+03
1.920264050414247777e+03
1.921715086561567205e+03
1.922063833093056019e+03
1.922885899238297043e+03
1.924239287772853004e+03
1.925187092990280235e+03
1.926493347925175158e+03
1.927997906927272879e+03
1.928298281123270954e+03
1.929044274058991277e+03
1.930532075568761684e+03
1.931565355374626733e+03
1.932513876610181342e+03
1.934220024711630003e+03
1.936198847104161587e+03
1.937405087472215655e+03
1.938305780574019991e+03
1.939512271212082851e+03
1.940026338353108713e+03
1.941699401302618980e+03
1.942718595293516501e+03
1.943260534195391074e+03
1.943541097920210177e+03
1.944569369581743786e+03
1.945126269807296467e+03
1.946431407256168768e+03
1.947137250942669652e+03
1.948769079470174347e+03
1.949332963804974497e+03
1.950237153695831694e+03
1.951078409816317162e+03
1.952025709673367146e+03
1.953076989550723738e+03
1.954251996921542059e+03
1.954871156706908323e+03
1.955528053176381945e+03
1.956862347499496309e+03
1.957716567075905914e+03
1.958571960615096486e+03
1.959779597136126085e+03
1.960741876415371280e+03
1.961454678270226850e+03
1.962211507848588099e+03
1.963334910524697534e+03
1.964231931547079057e+03
1.965633630087931579e+03
1.965976358061735937e+03
1.966637931905354890e+03
1.967810899740832610e+03
1.968986150599338998e+03
1.969730522129993460e+03
1.971096311449016412e+03
1.971304371990793243e+03
1.972325527744691954e+03
1.972549350842718923e+03
1.974272073280041013e+03
1.975404969867044656e+03
1.976614099670320229e+03
1.978166666641803658e+03
1.979270658603241827e+03
1.980204413489052513e+03
1.981209893430490411e+03
1.981606097823652817e+03
1.983308208666882365e+03
1.983978216608432376e+03
1.985507937894392398e+03
1.985921663526082511e+03
1.986950761498558222e+03
1.988159005485081252e+03
1.989512258478266631e+03
1.990438442740948631e+03
1.992674847584152531e+03
1.994232700020903621e+03
1.994708015525668998e+03
1.995974336070707523e+03
1.996401384634057649e+03
1.998123379731423483e+03
1.999935021431293535e+03
2.001326316829771031e+03
2.002097278308851855e+03
2.002601097846894618e+03
2.003755505735073712e+03
2.004674096836414947e+03
2.005488654049313482e+03
2.006258825663859170e+03
2.008317208618282166e+03
2.009095918649613623e+03
2.009806561126076303e+03
2.011037543834472899e+03
2.011769291064559866e+03
2.012512817608234627e+03
2.013255879430613504e+03
2.013545614981542258e+03
2.014175217752523622e+03
2.014879407338685269e+03
2.015755942177326915e+03
2.016783511766906486e+03
2.017572359865044518e+03
2.019042945189982220e+03
2.020186847116197896e+03
2.020803649781352760e+03
2.022598979964265936e+03
2.023186603908872712e+03
2.024484011296350673e+03
2.025118129850405694e+03
2.026261042323200854e+03
2.026813113264715867e+03
2.027992698533630573e+03
2.028695881901628127e+03
2.029492225654131971e+03
2.029730402647465098e+03
2.030466886058148248e+03
2.031483125210764683e+03
2.032405577472455661e+03
2.032859575680929765e+03
2.034139735632849579e+03
2.035110376903507586e+03
2.036078987995438411e+03
2.037755732446284128e+03
2.039564197500986666e+03
2.040218481243049837e+03
2.041733556871642350e+03
2.043531754715594616e+03
2.044938966563302984e+03
2.045551682163041050e+03
2.046509933432189428e+03
2.047473816631914815e+03
2.048403956613869468e+03
2.049142630760029078e+03
2.051431702695401327e+03
2.052079004559261193e+03
2.052372099115626952e+03
2.052886036704724575e+03
2.053978615441715647e+03
2.054630792257331905e+03
2.055327435987406716e+03
2.055947026590286896e+03
2.057107937279782163e+03
2.057668376202553191e+03
2.058608824780963914e+03
2.060794835356199656e+03
2.061606880379325048e+03
2.063130687120536095e+03
2.064051488554675416e+03
2.064853019451397358e+03
2.065823177577450224e+03
2.066792949734247031e+03
2.067600785190609713e+03
2.068649583382064520e+03
2.070002449237417750e+03
2.070948419520126663e+03
2.072181415336215196e+03
2.074392109094756506e+03
2.075759407471630766e+03
2.076177675159289720e+03
2.077241937420093109e+03
2.078077521465913378e+03
2.078437044004405834e+03
2.080250655952317175e+03
2.080821379824750238e+03
2.081160294910398989e+03
2.081980778567368361e+03
2.083416194415386599e+03
2.083909226789031891e+03
2.084501258263380350e+03
2.084938883615663599e+03
2.086796588133147452e+03
2.087584394555687595e+03
2.089214606623148484e+03
2.089738525996931457e+03
2.091042657915436394e+03
2.092007098906385181e+03
2.093064646598639229e+03
2.093573388444205648e+03
2.094077756722891081e+03
2.094885877558177526e+03
2.095971968560028927e+03
2.098622117374124173e+03
2.099211544102900461e+03
2.099920211389414817e+03
2.101222272001716647e+03
2.101760968952853545e+03
2.103267080446480122e+03
2.104113909217118817e+03
2.105944703559798654e+03
2.106982419678333827e+03
2.107908323080720038e+03
2.108015828328336738e+03
2.108757085955538059e+03
2.109623422766437670e+03
2.110748745813613368e+03
2.111962735038585834e+03
2.112914093131041682e+03
2.113186619657222764e+03
2.114501936252958785e+03
2.115430922328169800e+03
2.115611158507308573e+03
2.117080714540807094e+03
2.118735113822751373e+03
2.119088183586655759e+03
2.121391048583046086e+03
2.122522404767439184e+03
2.125005344382259409e+03
2.125621780850592131e+03
2.126006748741782758e+03
2.126562028426864799e+03
2.127621878026717241e+03
2.127958664855517782e+03
2.129027668673166772e+03
2.129642073622277167e+03
2.129920408391979436e+03
2.131211295990342023e+03
2.133084521627970389e+03
2.134040984830417983e+03
2.134278580397889982e+03
2.135926002668591082e+03
2.136625191811485365e+03
2.138034679798884099e+03
2.138406389058159220e+03
2.139457568850352345e+03
2.140085843569496319e+03
2.143050364370420539e+03
2.143998298724846791e+03
2.144249221874223167e+03
2.145182629254277799e+03
2.145833002362923253e+03
2.146884495283353317e+03
2.148034071893069722e+03
2.149458076625715876e+03
2.149669064513675494e+03
2.151071770138485590e+03
2.152069823131144858e+03
2.152467907140145599e+03
2.153825598110646752e+03
2.155316252126716790e+03
