6.633359969298226133e+00
6.633355255218930324e+00
6.566962521839059264e+00
6.566971169467478830e+00
6.577598767471499741e+00
7.595905976363155787e+00
9.206757406170709146e+00
9.206759074011188204e+00
9.211854395475256752e+00
9.211892835034404925e+00
1.034194430381671737e+01
1.034194772050773281e+01
1.167850758806616795e+01
1.167851019691465808e+01
1.239693500647058499e+01
1.265522356195265274e+01
1.292952813336069084e+01
1.292953463853496032e+01
1.389422902368187351e+01
1.758569387225543323e+01
1.758572745257538372e+01
1.831882103312727850e+01
1.982310581842853026e+01
1.982310803575160207e+01
2.526939476174334231e+01
2.594441102916516684e+01
2.797476314500363515e+01
2.797482698824046565e+01
2.837050258937392755e+01
2.837051539394155952e+01
2.906293248041470179e+01
3.014294360202211465e+01
3.014294575975054613e+01
3.092583563875723485e+01
3.190113584343157527e+01
3.374313519922588966e+01
3.374320639529241816e+01
3.448928460102524696e+01
3.655236874138222447e+01
3.795174411595053243e+01
3.795174552538878743e+01
4.485585064889755813e+01
4.485586166029042943e+01
4.656078016024434874e+01
4.659114964421564764e+01
4.659115668610161265e+01
4.693671446769462818e+01
4.831020713347766105e+01
5.247464851061045010e+01
5.247465148444507577e+01
5.249252899403313677e+01
5.249254517976692114e+01
5.411407842514336153e+01
5.411410677800290614e+01
5.440971422368670574e+01
5.585721777310004654e+01
5.729658088108567426e+01
6.483623601350041099e+01
6.518398883324857707e+01
6.533761262490543231e+01
6.533762623161214833e+01
6.694474284705825085e+01
6.694475505773334589e+01
6.728347246134853776e+01
6.728351654149400929e+01
6.737016217467612478e+01
6.753822914836473501e+01
7.020346581367698491e+01
7.056382047169859106e+01
7.072369351350812394e+01
7.250220285269324449e+01
7.594638563270245868e+01
7.594639165697412864e+01
7.773199329436579319e+01
8.061950368397538114e+01
8.061952403923396560e+01
8.106079880776610480e+01
8.610719220487908387e+01
8.610720900181854631e+01
8.665509115145414398e+01
8.665509563042451191e+01
8.697935384441575479e+01
8.716309889443527936e+01
8.716310897856237716e+01
8.988215440905310061e+01
8.988215611610939959e+01
9.010790073599628158e+01
9.145882431358813847e+01
9.145884228528097992e+01
9.302921442821480014e+01
9.302922039153213518e+01
9.613020196566844788e+01
9.622142988309838074e+01
9.622144696104601280e+01
9.728798828779349606e+01
9.728804468840007758e+01
9.786325131927901566e+01
9.807675243916196450e+01
9.807678086880673618e+01
9.908325676996287257e+01
9.975825548012767285e+01
9.975836881103850828e+01
1.027932206237333048e+02
1.027932320206978147e+02
1.031904516506001528e+02
1.040783153716106426e+02
1.041648253461221429e+02
1.055735522724244220e+02
1.055735633528963717e+02
1.082580808092991447e+02
1.082580998814878512e+02
1.086477711280736003e+02
1.100532213571593729e+02
1.105293520372381408e+02
1.127250587756955156e+02
1.154990337017720776e+02
1.154990366430997710e+02
1.164114450351862615e+02
1.165846250994868569e+02
1.169351225631376110e+02
1.169351312365827198e+02
1.187759330208311894e+02
1.187759402533051798e+02
1.203716952433189817e+02
1.203716989091537926e+02
1.226851187733200277e+02
1.226851341021213102e+02
1.270302971775438436e+02
1.270303051635628435e+02
1.292535535704648737e+02
1.302259101151580580e+02
1.302259621109221825e+02
1.316108512059349778e+02
1.316108750911541847e+02
1.319006183008109474e+02
1.337134367751027639e+02
1.344354707098250401e+02
1.359783549737892372e+02
1.359783803537291078e+02
1.367761323757806622e+02
1.367761467187324342e+02
1.371681689926724630e+02
1.372313477781922302e+02
1.372313628173103552e+02
1.376633708874940112e+02
1.376634113795068970e+02
1.378566497224671821e+02
1.378566649594331466e+02
1.413476196279457326e+02
1.456974954421261828e+02
1.456975314531632648e+02
1.458476316727083031e+02
1.498928352104901478e+02
1.499971474790502270e+02
1.522529837181591574e+02
1.528756830899985744e+02
1.541409776948853505e+02
1.541410168383163182e+02
1.595062630135830659e+02
1.595062638905321819e+02
1.618583553306052636e+02
1.629389158476419652e+02
1.630818157889129907e+02
1.630818401858912239e+02
1.639254765989840052e+02
1.649070918775314567e+02
1.649071414963264033e+02
1.660625397374253680e+02
1.693401261333183356e+02
1.693401562811923213e+02
1.720066006012316393e+02
1.730631329720611120e+02
1.730853307138754644e+02
1.730853320820076533e+02
1.740529611719555305e+02
1.740529713364467170e+02
1.780152567723841912e+02
1.780152662777391015e+02
1.786406088453479697e+02
1.786407065630751276e+02
1.798718306519488124e+02
1.798718370956855779e+02
1.847614514634660736e+02
1.847614955895453477e+02
1.860995913797592038e+02
1.863549233840826673e+02
1.882085217618382558e+02
1.882085682604727026e+02
1.912031495202304541e+02
1.912031913756582071e+02
1.926684583875944554e+02
1.927841264699927706e+02
1.927841648778664876e+02
1.929859870344218962e+02
1.957354363448409913e+02
1.968259112746591200e+02
1.968259436060541248e+02
1.977647763817049054e+02
1.977647827859746030e+02
1.978166650395742181e+02
2.068746509158636400e+02
2.082330736289452489e+02
2.082330959937373791e+02
2.085704794714933996e+02
2.085705244656949162e+02
2.099349649725845666e+02
2.099350657299789873e+02
2.126659983053723408e+02
2.130420049021140585e+02
2.130420755084783195e+02
2.154982650961110267e+02
2.182874267192619300e+02
2.185449564603093222e+02
2.187212610073934229e+02
2.196033935874852432e+02
2.196034031078586395e+02
2.200959939898134508e+02
2.200959944888033988e+02
2.232930656775033640e+02
2.232930783072542908e+02
2.248908932128701963e+02
2.273171266851418295e+02
2.273171416464617778e+02
2.301233259863433886e+02
2.301233391709447460e+02
2.303937586646097770e+02
2.303937880755404422e+02
2.314573274392691928e+02
2.314573850485448929e+02
2.321180578208463885e+02
2.328796988940691790e+02
2.334199578163695605e+02
2.337648979286216218e+02
2.337649016078664772e+02
2.360165266167771279e+02
2.377669542609799009e+02
2.379736760328316905e+02
2.379736801804190236e+02
2.404323071116168649e+02
2.404323156741538696e+02
2.441393261165567310e+02
2.441393315305988381e+02
2.443596925765195920e+02
2.455255993471441798e+02
2.463723968375968525e+02
2.466518097766229403e+02
2.475393814549411218e+02
2.481488605961612848e+02
2.481488723865377324e+02
2.502337376632453925e+02
2.502337421590593749e+02
2.504102927676747186e+02
2.504191689796939500e+02
2.533683395660643782e+02
2.533683590485982222e+02
2.541549262475389241e+02
2.541549502841514823e+02
2.561360662272054469e+02
2.562556333525212722e+02
2.562556346881087848e+02
2.585132854115233840e+02
2.610127145820933947e+02
2.628259520066774257e+02
2.628259622034634049e+02
2.660586001297313032e+02
2.660586081131950777e+02
2.710770846202069606e+02
2.710770966207455785e+02
2.718886628747779923e+02
2.718886763080236051e+02
2.732722998836916304e+02
2.742142990989495956e+02
2.742220066926010986e+02
2.742220804334726836e+02
2.761635828392472831e+02
2.808547777799794858e+02
2.808547877602159133e+02
2.818685303684474093e+02
2.818685823685239029e+02
2.826730273317950832e+02
2.826730580292718287e+02
2.828288955811516416e+02
2.832574876947730900e+02
2.843191914950921273e+02
2.843192154304799715e+02
2.892832848315013052e+02
2.892833093139490757e+02
2.919114083424532282e+02
2.929103744420173143e+02
2.929104049202928763e+02
2.930169234190509542e+02
2.930169253546695245e+02
2.931426427597551765e+02
2.935218217984293005e+02
2.935218231696943576e+02
2.965584848130287128e+02
2.965585215977414464e+02
2.985393100959613548e+02
3.000863820776637567e+02
3.021938163941688344e+02
3.064624663641590132e+02
3.064625528414595692e+02
3.079252227877243513e+02
3.098214926145491290e+02
3.101122640825758481e+02
3.101122773996596607e+02
3.101933307663719006e+02
3.101933496822365441e+02
3.121686877292755753e+02
3.129655504379231843e+02
3.131572303246961155e+02
3.159599445772412309e+02
3.159599521998209184e+02
3.168869151525491361e+02
3.169495966104303761e+02
3.175402194711284665e+02
3.175402464286482882e+02
3.209125788922287938e+02
3.209125797616538875e+02
3.221857960222399697e+02
3.237432308867605570e+02
3.237432435246704472e+02
3.238258253442021442e+02
3.264748813956031199e+02
3.271246635551240161e+02
3.271247192112539324e+02
3.284162170857141518e+02
3.294501572452030587e+02
3.294501798928417884e+02
3.312431342232489442e+02
3.320383792308069815e+02
3.330198515676378292e+02
3.330198527635740220e+02
3.341276144078591415e+02
3.344428393534240058e+02
3.344428469666178216e+02
3.353803415547923805e+02
3.353803520007107863e+02
3.355423942590385877e+02
3.359600025384770561e+02
3.359600055855379424e+02
3.377225926197003218e+02
3.377226019069718177e+02
3.405882063707900897e+02
3.418384836816572943e+02
3.418384966744230269e+02
3.440051360496765938e+02
3.440051469129732595e+02
3.445279088929170257e+02
3.467169740992278548e+02
3.491412788260561229e+02
3.504995585224796741e+02
3.510120745192382401e+02
3.527183011602704710e+02
3.527183057586780706e+02
3.535501503819441496e+02
3.535501656370643104e+02
3.543044787721568127e+02
3.543044987973817115e+02
3.545017678223692883e+02
3.545017772319151845e+02
3.552293606137725419e+02
3.556504034309099325e+02
3.580814014302584383e+02
3.625787491088383376e+02
3.632820388299564911e+02
3.636521505760963464e+02
3.636521691021080187e+02
3.655768408098489317e+02
3.665718833871964080e+02
3.680589929170415644e+02
3.680589975530647280e+02
3.683432463289486805e+02
3.683432511912553764e+02
3.683876315032254070e+02
3.712014562450648327e+02
3.716154442530615825e+02
3.716154659166593319e+02
3.719367095261675331e+02
3.731704761317605517e+02
3.731704832415116471e+02
3.742738242979366987e+02
3.742738452304394059e+02
3.766969912149754691e+02
3.766969926186191060e+02
3.783581535148455259e+02
3.783581808080899691e+02
3.790449595498261033e+02
3.809912365036938127e+02
3.809912495609742109e+02
3.812262829277572109e+02
3.834315704313285096e+02
3.844324869096891462e+02
3.845517858483937061e+02
3.845517901134204521e+02
3.917404686298930301e+02
3.917405605762480718e+02
3.951528416783260127e+02
3.955199158278777531e+02
3.957823554744929879e+02
3.970808426682639265e+02
3.970808628825765254e+02
3.972231885085242311e+02
3.972232344724010318e+02
3.978606808117469882e+02
3.978606855653938510e+02
4.007381716463496559e+02
4.016933391870231844e+02
4.016933571717198674e+02
4.042708436731190886e+02
4.042708812566007737e+02
4.075460212024913744e+02
4.084637430379127636e+02
4.104127393995237298e+02
4.108433508887196695e+02
4.108433582169116107e+02
4.132109059170375076e+02
4.132109219545498036e+02
4.142562016975492725e+02
4.160751508257728801e+02
4.171648690027076327e+02
4.171649214896555122e+02
4.201640026758874455e+02
4.201640392568559719e+02
4.204951585505533558e+02
4.225890442800250639e+02
4.226122758707962248e+02
4.226123278637300018e+02
4.331624056918307133e+02
4.331624165787462744e+02
4.335549854245714414e+02
4.336501723793135170e+02
4.336502073127533095e+02
4.337107870644814511e+02
4.337108485703799943e+02
4.351689377128933529e+02
4.351689677841451385e+02
4.383938215482719443e+02
4.383938854740259785e+02
4.426681169504745412e+02
4.426681237842057044e+02
4.444972441620593600e+02
4.447235204896498999e+02
4.480779449076287619e+02
4.509393490670015581e+02
4.518758321967129632e+02
4.518758502658741918e+02
4.520889672859303801e+02
4.536348471377377791e+02
4.539583078962957643e+02
4.553456082728977208e+02
4.591058703906072651e+02
4.591059054457989532e+02
4.598592299985518821e+02
4.598592351975061092e+02
4.599834159753196445e+02
4.604085714940201797e+02
4.664234948328503378e+02
4.664235033343273926e+02
4.681179424176309567e+02
4.681179554312171831e+02
4.690931804015575608e+02
4.727178619655744569e+02
4.727178923623145010e+02
4.754603961822381279e+02
4.773932967631319571e+02
4.773937661414970535e+02
4.773938057143431024e+02
4.779695688350466298e+02
4.821106573096886905e+02
4.821107213466194708e+02
4.840057422730097869e+02
4.899650407708514877e+02
4.899650950263592222e+02
4.903782267037543079e+02
4.916494613478466817e+02
4.922936870841036807e+02
4.922936929699353641e+02
4.936316796862556657e+02
4.936317062102526734e+02
4.936366944898046540e+02
4.936367581202331394e+02
4.961342098414561406e+02
4.963012044603261756e+02
4.963012358301137965e+02
4.964750743301706279e+02
4.964750767426993434e+02
4.970931016818757371e+02
4.973695522911906437e+02
4.973696330006272319e+02
4.988105268993839445e+02
4.988106097861571016e+02
5.046095585546537450e+02
5.046095943727250415e+02
5.046703194340457230e+02
5.062413199383829578e+02
5.065583031200771984e+02
5.065583200528147927e+02
5.083128476954466350e+02
5.088511765739809789e+02
5.102412216573437718e+02
5.102412399994517500e+02
5.105094824853384807e+02
5.105094898271403281e+02
5.105944833579200122e+02
5.108373561120578188e+02
5.108373687181095875e+02
5.125156797915936977e+02
5.129260949208324973e+02
5.129261251664122483e+02
5.134635442784841644e+02
5.153030465990958646e+02
5.153030628657662646e+02
5.163641478065658248e+02
5.166884653689763809e+02
5.166885115142930545e+02
5.181323396465404585e+02
5.181323561785552556e+02
5.190287025195798378e+02
5.190287288241270289e+02
5.203250377825041824e+02
5.211282241557871657e+02
5.211282671558581114e+02
5.218200809694059217e+02
5.222563574602294239e+02
5.222563795706967085e+02
5.235859187689031842e+02
5.238029633100484261e+02
5.266923384525121037e+02
5.266923703667208656e+02
5.287328919682393007e+02
5.296590012979042967e+02
5.296590222409894295e+02
5.298738348514198151e+02
5.303162672274819442e+02
5.319620059075207337e+02
5.319620839642055898e+02
5.320023191804527869e+02
5.325190362770101729e+02
5.325191149375289115e+02
5.347463217868569245e+02
5.390164335761672874e+02
5.390164451360575413e+02
5.403214798239743004e+02
5.432378736510365798e+02
5.432379081368648031e+02
5.435838897366517131e+02
5.438821099108239423e+02
5.438821120870377399e+02
5.439891497014241395e+02
5.473700778370044873e+02
5.473700857280083483e+02
5.507941985912899554e+02
5.507942213611825082e+02
5.513350860401208138e+02
5.534449283492889435e+02
5.534449358331256690e+02
5.575690117917010866e+02
5.575690160085875959e+02
5.594253157894095239e+02
5.594253268609650149e+02
5.604271185902432535e+02
5.605976310937040807e+02
5.618648228177820556e+02
5.623672103041701575e+02
5.640836590110026236e+02
5.640836976289111817e+02
5.656421219481568414e+02
5.656421358211410961e+02
5.714071922823073919e+02
5.714072328125566855e+02
5.740704809696078428e+02
5.742202467273900766e+02
5.742202903275641575e+02
5.763776979075563531e+02
5.763777499488701324e+02
5.791968008924520745e+02
5.807702430742659772e+02
5.818563489816858691e+02
5.827015688453470830e+02
5.827015944420874121e+02
5.829513033268970048e+02
5.829513071021019641e+02
5.849603878776995316e+02
5.867588923103061234e+02
5.869055418498651306e+02
5.869055547805845663e+02
5.869496679184877621e+02
5.886374215385990283e+02
5.886374447428236181e+02
5.902313037286943427e+02
5.902313276601397547e+02
5.916434045756910791e+02
5.924340623813519642e+02
5.953538384301853057e+02
5.963668159163302107e+02
5.968289457650801069e+02
5.968289759353289128e+02
5.971670570947123906e+02
5.971670836764617434e+02
5.975271098854481124e+02
5.975271162392267570e+02
5.977791202059356692e+02
5.985341536505426348e+02
6.013123406062267122e+02
6.026127145081009076e+02
6.032348120800547804e+02
6.048301412624180102e+02
6.048301737973079071e+02
6.066687827656969603e+02
6.066687899881583235e+02
6.095810528139139706e+02
6.095810632586925522e+02
6.122041368816182967e+02
6.127877860139362838e+02
6.141824228219635415e+02
6.153506825079263081e+02
6.153506989151396738e+02
6.165357832779113778e+02
6.203791583883521525e+02
6.203791715839370227e+02
6.207769689877599149e+02
6.207769818893626734e+02
6.228987868612225611e+02
6.228988215808802806e+02
6.233805022455645712e+02
6.233805188041853853e+02
6.242295874699192382e+02
6.286711887065628162e+02
6.302061319482796762e+02
6.302061529256702670e+02
6.313192279291608884e+02
6.320767551834348978e+02
6.320767690609125111e+02
6.320885122375609626e+02
6.320885180698405748e+02
6.326221108274909284e+02
6.358285553607828433e+02
6.358285931964818474e+02
6.362764696592507789e+02
6.414286540916478998e+02
6.420604288477715045e+02
6.420604610980807365e+02
6.438244174093990750e+02
6.454259758562501474e+02
6.454260633921840054e+02
6.464250392835147068e+02
6.464250470010572371e+02
6.483020712070851914e+02
6.483020803569600048e+02
6.485787866717579391e+02
6.488878890132602919e+02
6.490385707210609780e+02
6.500010820444709907e+02
6.500011039686994536e+02
6.502891158536533567e+02
6.505466523663521912e+02
6.554737823905912819e+02
6.554737949613438559e+02
6.557636844520244495e+02
6.569868105744907325e+02
6.581043119247916593e+02
6.585361838414597742e+02
6.585362413975825575e+02
6.586116548267018516e+02
6.586116779363904925e+02
6.612430717377108067e+02
6.619701638191912707e+02
6.619703931152688483e+02
6.632956671862740450e+02
6.632956895487455995e+02
6.644496326787268572e+02
6.644496389817966246e+02
6.667651971417424193e+02
6.687301274026128795e+02
6.702789516045917253e+02
6.712154714230756554e+02
6.717006481153059667e+02
6.717006775879223142e+02
6.719399078508312186e+02
6.719399433887358555e+02
6.734405997362463268e+02
6.755304595722616341e+02
6.755304983339310638e+02
6.756617855733479701e+02
6.782089256027605870e+02
6.800945845107916057e+02
6.800946364317958341e+02
6.819800416447607176e+02
6.819800552496775481e+02
6.856816597105589608e+02
6.866240570260143841e+02
6.906978621065197785e+02
6.906978658816241250e+02
6.923161226838008133e+02
6.923161284819461798e+02
6.925685140018556467e+02
6.938250970445086523e+02
6.955217412151433791e+02
6.958162534496894978e+02
6.958163394747551820e+02
6.977931334479194447e+02
6.977932183088079228e+02
6.983242856279414355e+02
6.985419249019713561e+02
6.995526197460850426e+02
7.010187309120818782e+02
7.023316952068903447e+02
7.026196827973215022e+02
7.026197186838521702e+02
7.029838157078764880e+02
7.051420777244250075e+02
7.051420837069794061e+02
7.052600755553464751e+02
7.052601258645178177e+02
7.090433017794155148e+02
7.090433252432532072e+02
7.162206534073554849e+02
7.167818522677548572e+02
7.167818780767630642e+02
7.231339765846696537e+02
7.231339989103062180e+02
7.271151985988295792e+02
7.273234064007601773e+02
7.273234106109514414e+02
7.300515637297429521e+02
7.316675389058576684e+02
7.322975686777645024e+02
7.327390232739334124e+02
7.327390401361421937e+02
7.382013529796616922e+02
7.382014185468869982e+02
7.407603070757268142e+02
7.417682946200718561e+02
7.417683075488912436e+02
7.419902339455082938e+02
7.445089898556824437e+02
7.455573265818320579e+02
7.455573749143696887e+02
7.511617778845113662e+02
7.511618711719991097e+02
7.519678761973309520e+02
7.519678975872684532e+02
7.553031247125467189e+02
7.553409569126848737e+02
7.559053834020432987e+02
7.562748646946154167e+02
7.562748813428551102e+02
7.565715436815445400e+02
7.583766206752727612e+02
7.583766281852589373e+02
7.601130353371711408e+02
7.601130437928392212e+02
7.620540675924219158e+02
7.620540938484979279e+02
7.626076353239625405e+02
7.635609859788534095e+02
7.646201946332690795e+02
7.648146368592315412e+02
7.648146455541599380e+02
7.659274730043783848e+02
7.663496543777114312e+02
7.672324628810018794e+02
7.672324800528360811e+02
7.681779324086727456e+02
7.681779896892622901e+02
7.728190585821383820e+02
7.729205525415104603e+02
7.729205653506458020e+02
7.736078057655415705e+02
7.736078191612190267e+02
7.796422830692329171e+02
7.796423331744815641e+02
7.808368254632307526e+02
7.837597236232668365e+02
7.840236315480779012e+02
7.857362751704501989e+02
7.857362783464518543e+02
7.871563928668734889e+02
7.871564050858747805e+02
7.894773864106499559e+02
7.894773949715146273e+02
7.904957336789512965e+02
7.919429804617712989e+02
7.920417715326660755e+02
7.922008903875896522e+02
7.922008976841567574e+02
7.939478503633403079e+02
7.939479238721924048e+02
7.948996239350085489e+02
7.948996778119371811e+02
7.957522904608117642e+02
7.957522914658698028e+02
7.959132698866120563e+02
7.960821211698970501e+02
7.960821660303835188e+02
7.990113608085011947e+02
7.990113802334437878e+02
8.054170223154799260e+02
8.056007068870745798e+02
8.056007338487656853e+02
8.085739455177981654e+02
8.085739668083790548e+02
8.104518731800310434e+02
8.104519127144169488e+02
8.105521111118978297e+02
8.106758475822311993e+02
8.106758759775618728e+02
8.136209778216423274e+02
8.137605513414550842e+02
8.138151275062402874e+02
8.140268922385503174e+02
8.140269039691792159e+02
8.148063369129944249e+02
8.148063631838077754e+02
8.157345633217980776e+02
8.167343656866898982e+02
8.177370358093726281e+02
8.177370545897997545e+02
8.185348953265643104e+02
8.185349139178028963e+02
8.190685914533837604e+02
8.190686369570016723e+02
8.214996386978009468e+02
8.246715153327785401e+02
8.248164524894671104e+02
8.248311551410902212e+02
8.257480019551949226e+02
8.257480122935994586e+02
8.262443440255715359e+02
8.262443626633171334e+02
8.267330694686143033e+02
8.267330953122183246e+02
8.272721455139273985e+02
8.272721788024065290e+02
8.296596601126968835e+02
8.311420268295892129e+02
8.317363479264815851e+02
8.317363693905631408e+02
8.327463494346915240e+02
8.388824858640195998e+02
8.422488079903139351e+02
8.429396340342548228e+02
8.429396360705466122e+02
8.435481748898033629e+02
8.435481782084928000e+02
8.441657880561213005e+02
8.456052615580370002e+02
8.456053147729830926e+02
8.456199124041744426e+02
8.456199441773389935e+02
8.486033000288737185e+02
8.486033499918953567e+02
8.503192595198115669e+02
8.503192999950601916e+02
8.533449891162740641e+02
8.533449930645134600e+02
8.535426961566747650e+02
8.609682046638638440e+02
8.609682332530001077e+02
8.612988668154193874e+02
8.612988702771560838e+02
8.615906679549225373e+02
8.615907139064649982e+02
8.635637931572889556e+02
8.639708850039868366e+02
8.648266901857541598e+02
8.648267257670443087e+02
8.662478932800590883e+02
8.688474883898038570e+02
8.688474977793973721e+02
8.692143624113709848e+02
8.724616037733092071e+02
8.724616161802675833e+02
8.762032798531562321e+02
8.762503545599690824e+02
8.762503791702217768e+02
8.773692569361378446e+02
8.784196935323332127e+02
8.799113080747276854e+02
8.799113191651033503e+02
8.806039439666567432e+02
8.811509052057817826e+02
8.811509216332622145e+02
8.862341352688233655e+02
8.862341566907541619e+02
8.877932807440042779e+02
8.917934164831942780e+02
8.921337711570633928e+02
8.928963279973506815e+02
8.928963500041941188e+02
8.940450276311975131e+02
8.971326206842192050e+02
8.971326257723862909e+02
8.985905119934386676e+02
8.993123967631343021e+02
9.002952166568942403e+02
9.002952221423139463e+02
9.031056963253721506e+02
9.034710475847227826e+02
9.047714085255249756e+02
9.057644367260536455e+02
9.057644761423147202e+02
9.061812028999663653e+02
9.070980728516062754e+02
9.070980916409968131e+02
9.074746057846587064e+02
9.074746424152262989e+02
9.085902563046903424e+02
9.100148443969342225e+02
9.100148471499608149e+02
9.130116744856428568e+02
9.146188890754500562e+02
9.146190395303128753e+02
9.156110801681186331e+02
9.156111216668341513e+02
9.177704458438747679e+02
9.177704779068828884e+02
9.180455198997708521e+02
9.192294490518067960e+02
9.192294510852935900e+02
9.194542350254749863e+02
9.232787872414847925e+02
9.232787920236528407e+02
9.265359826857177268e+02
9.265359934576910064e+02
9.293032518827762942e+02
9.301296611234895408e+02
9.321591112232079013e+02
9.324555846629941698e+02
9.324555904228697045e+02
9.327637914839099267e+02
9.355296705988521353e+02
9.356812216830668376e+02
9.360672998333974419e+02
9.360889639329475358e+02
9.360890113843740892e+02
9.362009450427838146e+02
9.362009810028484935e+02
9.387642381992716309e+02
9.403125310839457143e+02
9.403125499752657106e+02
9.414129549018524585e+02
9.414129736191025586e+02
9.434516282568981751e+02
9.478493020146120216e+02
9.478493137603511514e+02
9.491478705766005532e+02
9.491478787108405868e+02
9.511062240318166232e+02
9.528922845217075519e+02
9.531691072794651518e+02
9.544713231126795563e+02
9.544714245497195861e+02
9.553012686642882727e+02
9.553012792555155102e+02
9.553609353984592190e+02
9.553609502980058323e+02
9.560953104578100010e+02
9.560953391772262648e+02
9.572072920925409107e+02
9.587152254975243295e+02
9.587152353761512131e+02
9.606673419146007973e+02
9.621765340358844014e+02
9.633626176045594320e+02
9.633626433560219766e+02
9.641710786294750051e+02
9.646439897346715497e+02
9.680596243248645578e+02
9.680596306071777235e+02
9.719704687046628351e+02
9.719704788053307993e+02
9.733812127164318326e+02
9.740379971336803919e+02
9.740380126878405918e+02
9.750111920236975038e+02
9.765994241426592453e+02
9.780327179637087056e+02
9.780327282183084208e+02
9.784071720038083413e+02
9.784072008917696621e+02
9.785278897459937753e+02
9.791689450886915438e+02
9.812151371847853625e+02
9.812151515265412627e+02
9.840841527181295305e+02
9.840841658449137412e+02
9.864115602079427845e+02
9.864115716846440591e+02
9.884140834592066085e+02
9.884141085111766643e+02
9.920826219768150622e+02
9.920826336381843475e+02
9.955786205121607964e+02
9.980006127060539711e+02
9.981421972908854059e+02
9.981993705881029655e+02
9.981993736511919906e+02
1.000930743655889728e+03
1.001452680716388727e+03
1.003876559148543379e+03
1.003904033777308314e+03
1.004594831853346022e+03
1.004594876482727045e+03
1.005345010584108536e+03
1.005345029081570829e+03
1.006936630803490516e+03
1.006936649864183210e+03
1.007835583923949912e+03
1.008443282783419477e+03
1.014077266271862300e+03
1.014077314113159446e+03
1.016701662319132083e+03
1.017374552606124212e+03
1.017374557127183152e+03
1.018508033900290911e+03
1.018638466510223680e+03
1.018691371315137530e+03
1.018691405915279347e+03
1.018707095300251353e+03
1.018707151068397252e+03
1.022272825146128525e+03
1.022500244785327141e+03
1.024302474478258091e+03
1.024302517567414725e+03
1.028303896749613159e+03
1.029063083998383945e+03
1.029691092173591869e+03
1.029691098599535735e+03
1.033599793762389709e+03
1.033599805165920316e+03
1.034344280899241767e+03
1.034344290939678558e+03
1.035720631522979147e+03
1.036487997282394645e+03
1.036488009513955603e+03
1.037386973995821108e+03
1.037386994713341210e+03
1.038618029115277068e+03
1.042564208050692059e+03
1.043553744240442711e+03
1.046323258669268853e+03
1.046323299618666624e+03
1.046992528621331076e+03
1.046992538981208554e+03
1.049210002224078380e+03
1.049210010280374945e+03
1.050388479697135836e+03
1.050388497629853418e+03
1.050509707332229709e+03
1.051509287702517668e+03
1.051509319349097268e+03
1.054771699077199628e+03
1.054771710429690302e+03
1.056077988906391056e+03
1.056078014916541861e+03
1.056931339552877262e+03
1.057575489581778811e+03
1.057575495073247112e+03
1.057899232860507709e+03
1.057899242095690170e+03
1.060032157185346023e+03
1.063760928992412573e+03
1.063760938799487803e+03
1.064335472064985652e+03
1.064335478401109640e+03
1.065126868014849833e+03
1.065126876262263750e+03
1.068308866199502290e+03
1.068308916952619029e+03
1.071593880875081140e+03
1.071593891745166957e+03
1.073822623713251460e+03
1.073897062988269681e+03
1.073965073063473938e+03
1.073965098046008961e+03
1.076204651655789348e+03
1.076245678597919778e+03
1.076245685468051761e+03
1.076820903462746173e+03
1.076820956327260319e+03
1.077874252583690122e+03
1.079230636986457057e+03
1.080624333707880169e+03
1.080624346967424117e+03
1.082380139672271980e+03
1.082635942287460239e+03
1.083091717621396583e+03
1.087765405954517973e+03
1.087765424751588171e+03
1.092467581429586971e+03
1.092467583024323858e+03
1.092503381786321597e+03
1.092503436554924292e+03
1.093542915683070532e+03
1.093542933209388366e+03
1.094219356420911481e+03
1.100746781393259425e+03
1.100746800951723571e+03
1.104714574348854512e+03
1.105309800301673931e+03
1.108364605151673913e+03
1.108364623991618600e+03
1.113320480056822589e+03
1.113461485394839201e+03
1.114179895447957961e+03
1.114179898684566751e+03
1.115127282709448536e+03
1.115159709030056320e+03
1.115159728510227751e+03
1.115624790442184349e+03
1.115624793266679717e+03
1.118483159065899144e+03
1.118483174704466592e+03
1.119785796024609908e+03
1.120106799748720277e+03
1.120326922165544829e+03
1.120326932903768011e+03
1.125248884956752818e+03
1.125248890670741503e+03
1.125480559218787221e+03
1.126303169687254695e+03
1.126683781419989828e+03
1.126683804599458881e+03
1.127571942711177826e+03
1.128500239009496909e+03
1.129961451049957304e+03
1.129961485584348111e+03
1.131371065307971776e+03
1.132580641683715385e+03
1.134769489728753570e+03
1.135034771864754020e+03
1.136032755804397766e+03
1.136032767980151675e+03
1.138455548480302696e+03
1.138455559293506212e+03
1.138999355875625497e+03
1.139905660899329405e+03
1.142244046777840140e+03
1.144141761210250252e+03
1.144141762861542247e+03
1.144280937301700988e+03
1.144615851122751792e+03
1.144740089353728081e+03
1.144740090886922417e+03
1.146103963235487299e+03
1.150441711066197513e+03
1.150441723101422212e+03
1.153047505579545032e+03
1.154800889490190457e+03
1.155210662571356806e+03
1.155210691063115064e+03
1.157967539186077147e+03
1.158012658017666581e+03
1.158012665551269038e+03
1.158353108019598949e+03
1.158643298458042182e+03
1.158643302659486153e+03
1.158886741227873472e+03
1.160409870389634762e+03
1.161334736211812015e+03
1.161334739417340188e+03
1.163780618882962699e+03
1.165088127342891084e+03
1.165088136654922209e+03
1.165164061913304522e+03
1.165164080858038460e+03
1.165995606715000349e+03
1.165995621515236053e+03
1.168301330230084886e+03
1.171960769972322851e+03
1.173298227536156219e+03
1.173298230691955723e+03
1.173551298784055007e+03
1.173551301172655940e+03
1.178271852433339291e+03
1.183857703280445094e+03
1.183857719756439110e+03
1.186223664025741755e+03
1.186223698128116894e+03
1.186813571771413763e+03
1.186813645679901811e+03
1.187037541553368783e+03
1.187988459075110086e+03
1.187999875841283256e+03
1.187999922257629805e+03
1.189094073699017599e+03
1.191681397548703217e+03
1.191792504010991706e+03
1.193421219028201676e+03
1.193421236988648388e+03
1.194823786455068330e+03
1.194889933410439198e+03
1.195134975293093021e+03
1.195134992078877076e+03
1.195801837557127556e+03
1.196725713187733390e+03
1.197623344713731512e+03
1.197638096378901537e+03
1.197638133797038336e+03
1.200072188748436474e+03
1.200072208853730444e+03
1.203092902436653731e+03
1.203092953624474376e+03
1.203098358187253098e+03
1.204349214585793334e+03
1.204349216487424655e+03
1.206889122664089882e+03
1.207962415574445686e+03
1.209400473103249396e+03
1.209400499646323624e+03
1.209686703389720151e+03
1.210590774832025772e+03
1.210590784607498790e+03
1.211527664736906218e+03
1.211527672332625798e+03
1.215913175821445975e+03
1.216139903195751685e+03
1.217360263851523086e+03
1.217360264055219204e+03
1.217389312855134676e+03
1.218478817083724607e+03
1.220191221361090811e+03
1.220191223845862851e+03
1.223124260207304587e+03
1.223124266578930929e+03
1.224058043063341302e+03
1.224058062154336540e+03
1.226885075893497742e+03
1.226885085554556326e+03
1.229497148657493426e+03
1.229562495936521373e+03
1.229562509321682228e+03
1.231714660416278093e+03
1.237822637051704305e+03
1.237822654572321653e+03
1.238421885033313401e+03
1.241377659412970161e+03
1.241377693846098509e+03
1.242175840245039353e+03
1.244075970193806825e+03
1.244075974794459398e+03
1.245268151741532165e+03
1.245933352655302997e+03
1.249499875632099702e+03
1.249499879063182561e+03
1.250120042002816263e+03
1.250120067221737145e+03
1.252626658592265812e+03
1.252626666447540174e+03
1.253738105347136752e+03
1.256648543340661945e+03
1.256648645952830975e+03
1.259259121723914404e+03
1.259259127661132652e+03
1.259723278362988594e+03
1.261243125482458026e+03
1.263364316606943248e+03
1.264299724877947256e+03
1.264299739256862495e+03
1.264342084606635353e+03
1.264342099848895941e+03
1.266467572443592644e+03
1.267744512025997210e+03
1.267744520638627364e+03
1.269676441742418774e+03
1.270568843932300069e+03
1.270568845228755436e+03
1.275037746955869352e+03
1.275037747914222564e+03
1.275659398181853021e+03
1.277481194960409994e+03
1.277929431401041029e+03
1.279029769363930427e+03
1.279029795012934528e+03
1.279896576423977649e+03
1.279896650181358382e+03
1.281631087486215620e+03
1.281631119878256413e+03
1.282418598156508097e+03
1.282418600960013009e+03
1.283437718984821231e+03
1.283437768612490572e+03
1.283496843062275275e+03
1.286257590088155666e+03
1.286257630737052978e+03
1.286428790463931136e+03
1.287186945633821551e+03
1.290170199751704786e+03
1.290170217435022096e+03
1.290696508428598690e+03
1.292386779497138605e+03
1.292794042967295809e+03
1.292794094423507204e+03
1.293601861768240724e+03
1.293601869103340277e+03
1.293780438514297657e+03
1.297519296516053600e+03
1.300165787336130279e+03
1.302254948022895860e+03
1.302254969002589405e+03
1.302572088029872020e+03
1.302572093711523848e+03
1.302611478971450651e+03
1.303927018701182988e+03
1.306748824154377189e+03
1.306748889106981323e+03
1.308016435243524256e+03
1.308016442194352749e+03
1.308651991537343974e+03
1.311353130331387092e+03
1.311353141678988777e+03
1.312967540780033460e+03
1.315147110660205499e+03
1.315257810264952695e+03
1.315257814610586138e+03
1.316975532892610090e+03
1.316975542885481445e+03
1.320043909025726862e+03
1.320043942463996700e+03
1.320415516761524486e+03
1.321383583270309828e+03
1.321383622901635363e+03
1.322087646717341386e+03
1.323947452088669479e+03
1.323947481791737118e+03
1.324924432387571642e+03
1.324924440938505995e+03
1.325926718177765906e+03
1.325926734537201128e+03
1.327908997829106056e+03
1.329630148520769581e+03
1.330031199773982735e+03
1.330031240001450442e+03
1.331616398882400745e+03
1.332576948282777039e+03
1.332576977460463695e+03
1.333965594095288907e+03
1.334216170870661017e+03
1.336829259561152639e+03
1.338286535912001682e+03
1.340817043292636072e+03
1.340817068133395424e+03
1.342844484779814820e+03
1.343258016941467758e+03
1.345007657460720793e+03
1.347217476919011915e+03
1.347463922875914704e+03
1.350276007498457602e+03
1.350276036662153729e+03
1.351716068745505709e+03
1.351716097773180081e+03
1.352961354217993403e+03
1.352961364264559279e+03
1.354695903464361891e+03
1.354696009912077670e+03
1.358417855619944930e+03
1.358417915794690543e+03
1.358703049793248510e+03
1.358703094239180700e+03
1.358838769865788208e+03
1.363562704927418963e+03
1.365559714747852240e+03
1.365559730545497132e+03
1.371911229424849807e+03
1.372232847997500357e+03
1.372232893008398605e+03
1.374521810081419517e+03
1.374521885277973297e+03
1.375194399109441292e+03
1.378053897113228004e+03
1.378132178797907955e+03
1.378132258892263280e+03
1.378186137889466636e+03
1.378701482837544290e+03
1.378701504936353558e+03
1.379692904474381294e+03
1.380335780776305910e+03
1.380335828470713977e+03
1.381009263452266850e+03
1.381009356394772567e+03
1.381097358808522131e+03
1.383094618441341481e+03
1.384421574183904113e+03
1.385322779054302373e+03
1.385322793470188799e+03
1.389030728017786259e+03
1.389030764299160637e+03
1.392759620569215258e+03
1.392759654545880949e+03
1.394060658894973358e+03
1.394320126631976336e+03
1.394320150910165921e+03
1.396006938673758896e+03
1.396788656340001580e+03
1.397441638703605122e+03
1.398398538185994084e+03
1.398398563343891055e+03
1.400128968893827960e+03
1.400129101187346578e+03
1.401475976160672190e+03
1.401475998628430034e+03
1.403129994968873689e+03
1.404689637155066976e+03
1.405247513807037649e+03
1.406629348473977643e+03
1.406629376927914791e+03
1.410471370696475560e+03
1.410471397114935144e+03
1.410907958676539238e+03
1.410908020376413788e+03
1.412397071704593145e+03
1.412892850377062132e+03
1.412893054288274698e+03
1.413435954747343203e+03
1.413689541487476163e+03
1.415322365093891904e+03
1.419378061712900490e+03
1.423627787672257000e+03
1.423699888746146598e+03
1.423699906168016014e+03
1.427523192318829160e+03
1.429274466307393595e+03
1.429274479839966716e+03
1.430683384732219565e+03
1.430683428439206637e+03
1.432541122353480432e+03
1.432663437618656417e+03
1.433052779003407068e+03
1.433052783659339411e+03
1.433106987870921103e+03
1.436210918095536044e+03
1.436210943773005965e+03
1.438742443932295146e+03
1.438742444591844787e+03
1.439502705401198455e+03
1.440585273570012305e+03
1.440585308235607954e+03
1.440743385543430350e+03
1.440743400294668845e+03
1.442185682841596190e+03
1.444122926103449799e+03
1.444122952355569169e+03
1.444494567552783565e+03
1.444494597916186422e+03
1.447212176483167923e+03
1.447212217207511230e+03
1.448342328622507466e+03
1.449169549900432912e+03
1.449169554709413660e+03
1.452586201649768782e+03
1.452586223490525754e+03
1.455200675852567656e+03
1.456362398356036465e+03
1.456362405494542145e+03
1.457489392093139941e+03
1.458318445287973645e+03
1.459159041507488837e+03
1.459539981982456993e+03
1.460263763445257837e+03
1.461380627392843053e+03
1.461380673273014281e+03
1.464465690448753548e+03
1.465314488527605135e+03
1.465314498295311068e+03
1.468133077262147253e+03
1.468517822108219434e+03
1.468517831273990623e+03
1.469122002687139911e+03
1.469122125282059415e+03
1.471365980315558318e+03
1.472284132507465074e+03
1.475825544162178630e+03
1.475825579429955951e+03
1.475987244656357916e+03
1.476440630875708393e+03
1.480527728403580795e+03
1.480527759135518409e+03
1.480719263033483003e+03
1.480719317717007925e+03
1.484177600056635129e+03
1.484177628942077035e+03
1.485040356700252232e+03
1.486620750774151929e+03
1.486713705327184243e+03
1.486713722908967839e+03
1.489812461105145758e+03
1.490644526655445816e+03
1.490650721540981067e+03
1.491786872804583254e+03
1.491786882763487938e+03
1.493891839714614434e+03
1.495675960359331384e+03
1.495675971358577272e+03
1.499004450007122614e+03
1.499014855374119861e+03
1.499014898976809036e+03
1.499987881639958005e+03
1.499987883535710580e+03
1.500353478360289500e+03
1.500353482813171695e+03
1.506425499749464052e+03
1.508381442074242386e+03
1.508381495491458054e+03
1.509856082733217136e+03
1.509856091019345058e+03
1.510317463564028913e+03
1.510317564036106205e+03
1.511637429015351472e+03
1.511637495117152184e+03
1.513236353707939315e+03
1.513402866169585423e+03
1.513402952736348652e+03
1.516400656678267296e+03
1.518226772321178032e+03
1.518640257746984162e+03
1.518640260283960288e+03
1.519416348242339836e+03
1.519855953178219124e+03
1.519855966810055179e+03
1.520462654654783819e+03
1.521096509896402040e+03
1.521096515732176385e+03
1.521237446847894034e+03
1.521371510338597773e+03
1.522031117000931772e+03
1.523081013434839406e+03
1.525127283934356228e+03
1.525127307786676965e+03
1.526458468792150597e+03
1.526458595050762142e+03
1.527604809633036894e+03
1.527604828155216182e+03
1.530251945591891626e+03
1.531354056888352034e+03
1.531354126787697169e+03
1.533486212602224441e+03
1.533486235167233417e+03
1.537637827494250132e+03
1.537637921613827984e+03
1.538924823640734985e+03
1.541647370891910896e+03
1.542340387293597360e+03
1.544861784092186326e+03
1.544861795304469297e+03
1.545248683875908227e+03
1.546206561907618834e+03
1.546206577099847436e+03
1.547263996481155573e+03
1.548749818590849827e+03
1.551575116285350532e+03
1.551575149872001248e+03
1.553535165592212479e+03
1.553535176987983732e+03
1.556046474235152118e+03
1.556046529523338677e+03
1.557502411627749552e+03
1.558299274982109637e+03
1.560390423958590645e+03
1.560390466840320869e+03
1.560750691155994218e+03
1.562457685470175647e+03
1.562457802297982425e+03
1.568101092931217636e+03
1.568101097986326295e+03
1.568418999946853774e+03
1.568419016536744948e+03
1.568652554813420920e+03
1.568721751390705549e+03
1.572265107323142729e+03
1.572265183233816288e+03
1.572927747953985545e+03
1.572927781166227760e+03
1.574758838255425417e+03
1.575434142514906398e+03
1.576482933962619427e+03
1.576482946141468801e+03
1.577752728235891936e+03
1.579522682156502469e+03
1.579522687571803544e+03
1.580621828604608027e+03
1.580621956687453348e+03
1.582498961302787848e+03
1.583474616980554856e+03
1.586747879241437431e+03
1.586747889856553456e+03
1.587269905523323814e+03
1.588479577010242565e+03
1.588479582176673375e+03
1.589121444960745521e+03
1.592751227771933372e+03
1.592751303838116428e+03
1.593988955838570973e+03
1.596741457785561806e+03
1.596741576011069128e+03
1.600171095740281771e+03
1.600171113742539092e+03
1.604639684484281815e+03
1.604639694787054168e+03
1.605983033392600646e+03
1.605983079114386328e+03
1.606545758303282355e+03
1.609376609966864180e+03
1.609376629947633546e+03
1.609552211490355830e+03
1.609552216925344965e+03
1.609966836549127493e+03
1.609966848086866548e+03
1.610402420120667102e+03
1.610710375178430240e+03
1.614749640313870259e+03
1.618854032497875323e+03
1.618854055791135124e+03
1.618962172789537817e+03
1.619588223637254714e+03
1.619588261471191800e+03
1.620114114944818766e+03
1.620114125226785745e+03
1.620289864093975211e+03
1.620289892974657960e+03
1.621689655992810231e+03
1.621689676950259127e+03
1.622039632956004198e+03
1.623683269215117889e+03
1.623803973009529045e+03
1.623829499800938038e+03
1.623829509156978020e+03
1.630981345461480487e+03
1.630981348921237668e+03
1.633759095111865463e+03
1.633992090140439814e+03
1.634008625351458022e+03
1.636652315159136606e+03
1.639161839978876969e+03
1.639161882687200659e+03
1.639280916039757130e+03
1.639280957799868474e+03
1.641453635765572471e+03
1.642727630874544730e+03
1.642727644085627844e+03
1.643301583009335900e+03
1.644638896116040314e+03
1.644638912501241293e+03
1.644887771850912259e+03
1.644887802344826014e+03
1.645181366592194081e+03
1.645181374577462748e+03
1.647306604144546554e+03
1.647306622101174526e+03
1.647419069206608583e+03
1.650742529895518146e+03
1.650742532879707142e+03
1.654743092347969423e+03
1.656190349443395689e+03
1.657182064910059125e+03
1.658728608406850753e+03
1.659744508010931213e+03
1.659744564917002208e+03
1.660222601303309148e+03
1.661197133271379926e+03
1.661197140510048939e+03
1.663864228619075675e+03
1.663864254754642843e+03
1.664409336706111390e+03
1.664876692551310043e+03
1.666180651780971630e+03
1.666390236824738167e+03
1.671194811501271261e+03
1.671200444410564614e+03
1.671398857050494826e+03
1.672680359754608617e+03
1.674053118870206163e+03
1.674053138443194712e+03
1.675434177595341225e+03
1.675434224294905334e+03
1.678366447852551346e+03
1.678938400750492747e+03
1.678938401144474483e+03
1.679847874968904534e+03
1.680700080629485456e+03
1.680739283720518188e+03
1.682302065334914460e+03
1.682302082732932377e+03
1.682999241921511839e+03
1.682999264888357175e+03
1.683284398320744913e+03
1.683284420281434905e+03
1.685196867454201538e+03
1.686807845341690381e+03
1.687049026648040808e+03
1.687049030650124905e+03
1.688142337250422770e+03
1.688541086362671649e+03
1.688541133026831176e+03
1.689097158127147850e+03
1.689097160310538811e+03
1.689754089641538485e+03
1.691989215736879942e+03
1.691989227597281342e+03
1.700642482534979081e+03
1.700642496628828212e+03
1.704759306332783126e+03
1.707544379011108049e+03
1.707621035980210308e+03
1.707621062268560081e+03
1.707866207330233237e+03
1.707866210711960548e+03
1.708910927275383756e+03
1.709310189080013288e+03
1.709403874797366598e+03
1.710812903247344366e+03
1.712860282707812075e+03
1.712860330890926207e+03
1.715814963079883682e+03
1.715814966191046324e+03
1.716476155706295231e+03
1.719376176279961783e+03
1.721172321968452252e+03
1.721172361324091753e+03
1.721192854103755963e+03
1.721192859949635704e+03
1.721505847279326645e+03
1.721587800792860435e+03
1.724766770424951574e+03
1.727209212204943469e+03
1.727209224432094970e+03
1.729852939617470838e+03
1.729945720508051409e+03
1.729945737177177080e+03
1.733071125950710439e+03
1.733400625276878600e+03
1.733582076119085286e+03
1.733582131359302821e+03
1.736218864758498967e+03
1.736218880479834525e+03
1.736918888046268421e+03
1.738054181384331514e+03
1.738054198739932417e+03
1.739887926893677559e+03
1.739887973093696928e+03
1.740849550965458320e+03
1.740849561210667389e+03
1.748077973482470952e+03
1.748078093234695871e+03
1.750909449270641971e+03
1.750909463158370500e+03
1.751229326893035932e+03
1.752698575186813059e+03
1.752698601915581321e+03
1.753982925585706198e+03
1.754095700872598627e+03
1.754095799288695389e+03
1.754817300096285180e+03
1.757842969371567278e+03
1.759813291459799984e+03
1.759813356675526848e+03
1.760118648948710643e+03
1.760118677727965633e+03
1.760731020353799295e+03
1.761417570929701469e+03
1.762269137105188747e+03
1.763604674396627843e+03
1.765097579475572729e+03
1.765097618016454589e+03
1.765312694684290364e+03
1.765312778334239511e+03
1.766807936740858622e+03
1.771281760607232400e+03
1.771281809558500527e+03
1.773166478421510192e+03
1.773166520842552700e+03
1.774255369109589992e+03
1.774498121120101132e+03
1.774498124827938682e+03
1.775155288710544937e+03
1.777285419902975264e+03
1.779256678974368469e+03
1.779256754970126167e+03
1.779939280408787909e+03
1.780282952250224753e+03
1.780282956704776325e+03
1.780661401096200962e+03
1.780661434078349203e+03
1.782461818800450374e+03
1.786173247058254901e+03
1.786173251602997425e+03
1.787122417451003002e+03
1.787122443634797492e+03
1.787424155470458118e+03
1.790514580093696850e+03
1.790514613097887604e+03
1.792716984467879001e+03
1.794193265904959617e+03
1.794193325832229220e+03
1.799005817223116765e+03
1.799005819362359944e+03
1.799819402308592544e+03
1.799819443220535504e+03
1.801105129224307120e+03
1.801396893147664741e+03
1.801723918762736048e+03
1.803647542521896185e+03
1.803647576932017500e+03
1.807536719141662843e+03
1.807536720170935041e+03
1.808353929588905203e+03
1.809323573390789306e+03
1.809323594669906015e+03
1.812913707138537802e+03
1.812913750931087179e+03
1.813246253978357117e+03
1.814107548823839807e+03
1.814117488321281826e+03
1.815896396159134838e+03
1.815896402998975645e+03
1.817800562839337545e+03
1.817800602552507144e+03
1.819012838488391480e+03
1.823677484704292283e+03
1.824378744271678897e+03
1.824839165995642816e+03
1.825277849604870198e+03
1.825732879199824310e+03
1.825732881626322978e+03
1.825887698738090876e+03
1.829504203063432442e+03
1.829504219603134288e+03
1.831605494184259442e+03
1.833941062030899957e+03
1.834141275656967082e+03
1.834141276700886010e+03
1.835494308485654301e+03
1.835494331199880435e+03
1.836373217383376868e+03
1.838583473573121637e+03
1.838931644788715857e+03
1.840016118504852329e+03
1.840049484846231735e+03
1.840049493116676331e+03
1.840454395863999252e+03
1.843107175692844521e+03
1.843107194535134568e+03
1.846118987879685392e+03
1.846119017464540320e+03
1.846705576677058161e+03
1.846705581583667481e+03
1.847814908857379123e+03
1.852143128572718524e+03
1.852795375339388102e+03
1.852795386738434217e+03
1.853455346374740202e+03
1.855957955100951040e+03
1.855958066698140101e+03
1.858836356321746280e+03
1.858947164488894032e+03
1.859554864172377165e+03
1.859750871136916885e+03
1.860361114070627536e+03
1.860361196874198868e+03
1.861474364408905103e+03
1.862104458265866469e+03
1.862104482783439380e+03
1.862175280831249438e+03
1.862175295293804311e+03
1.863450583120441024e+03
1.863450642881753538e+03
1.864164871827118532e+03
1.864164882846139790e+03
1.866429418875311967e+03
1.866429441577091893e+03
1.866993996939278986e+03
1.868032197592115608e+03
1.868032247083243419e+03
1.869334672627827331e+03
1.869334691995395588e+03
1.869562975351064324e+03
1.871666866521372413e+03
1.872743911500055219e+03
1.872743921405649871e+03
1.873735751081855142e+03
1.873735775560319098e+03
1.875427601694772420e+03
1.881492305058045531e+03
1.883894382196485594e+03
1.883894427101086421e+03
1.884668359592291381e+03
1.884668393722155315e+03
1.885732108845347739e+03
1.885732119950325796e+03
1.888378043433594485e+03
1.888537039294204760e+03
1.888537056174200643e+03
1.896833290798837425e+03
1.896833307455846807e+03
1.896976533448373630e+03
1.897518501571133584e+03
1.897518554137261617e+03
1.900042805364164451e+03
1.900165546492185285e+03
1.900165599324900541e+03
1.900196833620562757e+03
1.900196835066447420e+03
1.901379720576592717e+03
1.901379754997108648e+03
1.902248717989371016e+03
1.904268215822042748e+03
1.905978438401894209e+03
1.905978443712461740e+03
1.907910222658320890e+03
1.914689156580817325e+03
1.914689188916090643e+03
1.915235418419847974e+03
1.915235464960581339e+03
1.915354485459460875e+03
1.918572405319129757e+03
1.918572427177056397e+03
1.919141693324633707e+03
1.920502551470765411e+03
1.920502563170978192e+03
1.921415858484416276e+03
1.921913217887688916e+03
1.922269592967307290e+03
1.922269642496364440e+03
1.923633766149468329e+03
1.923633813712448045e+03
1.929520647137473134e+03
1.929520650266943449e+03
1.930219670190143461e+03
1.931668285347774599e+03
1.931668320388542497e+03
1.931783131532702555e+03
1.933994770770393188e+03
1.937647946906110292e+03
1.937647962697632920e+03
1.937849413500634228e+03
1.937849422768914792e+03
1.939211153659198317e+03
1.941004129172315288e+03
1.943451543450714325e+03
1.944932738051612887e+03
1.944932749500059344e+03
1.948150775170427096e+03
1.948888819299174429e+03
1.948888828683403972e+03
1.949932121467294337e+03
1.949932128948657009e+03
1.952157470750110861e+03
1.952157491894625082e+03
1.952562473109794382e+03
1.953630673094539816e+03
1.955163721694377500e+03
1.955163733990945275e+03
1.957197457452067056e+03
1.957730510635402425e+03
1.957730511761551497e+03
1.958695999257536414e+03
1.958696024097864893e+03
1.961460193243344520e+03
1.961460197430450762e+03
1.964683965591398646e+03
1.964683987347236780e+03
1.964816490497571522e+03
1.964816500107117008e+03
1.964930819288370913e+03
1.964930839302144705e+03
1.969620056288644719e+03
1.970689830219943360e+03
1.971461071562998313e+03
1.973258374077375265e+03
1.973628491024288905e+03
1.973630626365595162e+03
1.973630639993411478e+03
1.973758604195204043e+03
1.973758624633381942e+03
1.974798810718463983e+03
1.974798833638727501e+03
1.975032720372197673e+03
1.975032722108756843e+03
1.975040564558392362e+03
1.975212605276652994e+03
1.975212619139303342e+03
1.978062466677125713e+03
1.978062475646450366e+03
1.980643688733113322e+03
1.982431323433227135e+03
1.984823098964048313e+03
1.985178927478029436e+03
1.985178928494654429e+03
1.985687312379482137e+03
1.986111603219644621e+03
1.987125608098320754e+03
1.989197036120846406e+03
1.989929750627336261e+03
1.995755832271102008e+03
1.995755903539138217e+03
1.996242893651146005e+03
1.996242904006687240e+03
1.999906127298761930e+03
1.999906147247425451e+03
2.003610647388592042e+03
2.003610670300399534e+03
2.003853403775400693e+03
2.003912521224275224e+03
2.005397136367459325e+03
2.005397168608187030e+03
2.006771316109938880e+03
2.010142549464544118e+03
2.011539661582042299e+03
2.011539677108967680e+03
2.011598683547412520e+03
2.011598694781585891e+03
2.014066163921823318e+03
2.014066168164531064e+03
2.018129771534674319e+03
2.018129792785823156e+03
2.021057196279172786e+03
2.021057212822869587e+03
2.021655539651983872e+03
2.023269491143139021e+03
2.023269516163125445e+03
2.024760457144004704e+03
2.024760485260885162e+03
2.025754552812308020e+03
2.025754563461048747e+03
2.026442820356789980e+03
2.028453526592954404e+03
2.031107028988677030e+03
2.034464186544966651e+03
2.034478991875303336e+03
2.034479035400662951e+03
2.034733226759512490e+03
2.035373990651705071e+03
2.035373995358539105e+03
2.035509417077604212e+03
2.035509433947428988e+03
2.036129239309816285e+03
2.036602991143789495e+03
2.036603011788945878e+03
2.038407662533525354e+03
2.040143164326993201e+03
2.040143193397192817e+03
2.042668859104832791e+03
2.042741263990215657e+03
2.042785482667545239e+03
2.043509285478207858e+03
2.045609312186987154e+03
2.045609323482540276e+03
2.047291366513540652e+03
2.049339920095910202e+03
2.050201134936477956e+03
2.051901273672084244e+03
2.053113756867802294e+03
2.054075916011346635e+03
2.054075940911203361e+03
2.054214868497856060e+03
2.054214874584956760e+03
2.054413365992779291e+03
2.054628252056836118e+03
2.056078994564145432e+03
2.056079034156491616e+03
2.059554065325120519e+03
2.059554083349144548e+03
2.064770112502511438e+03
2.064770115697412166e+03
2.066199762355671282e+03
2.067145281312616589e+03
2.067145294025721341e+03
2.069007830389220999e+03
2.070379724618212094e+03
2.070379731108414944e+03
2.071642264387771320e+03
2.071642265107823732e+03
2.072252955291638500e+03
2.072252959997117159e+03
2.073208270710641500e+03
2.073208307020217489e+03
2.078808629327430936e+03
2.080560536035058703e+03
2.081182673805936247e+03
2.082220078756992734e+03
2.083323793672346710e+03
2.083323815617665787e+03
2.084881388385007540e+03
2.087053287122717393e+03
2.087053315423844651e+03
2.088191163250787213e+03
2.090743223373963701e+03
2.091127456076723320e+03
2.091242711877572219e+03
2.091242715711480741e+03
2.093578758368417766e+03
2.094616676335084776e+03
2.094616734311729033e+03
2.095785390160152929e+03
2.100325888711062362e+03
2.100907199764536017e+03
2.100916165505869685e+03
2.100916170865920776e+03
2.102789445584266105e+03
2.102789462085730065e+03
2.103103467826510496e+03
2.103103487550679347e+03
2.103504088883710210e+03
2.104033164356899306e+03
2.104162899416586697e+03
2.104162903580956936e+03
2.107333111684985397e+03
2.107333154749821006e+03
2.108541634717355919e+03
2.108541661924113669e+03
2.110242283257686722e+03
2.110242299492512757e+03
2.112186566136355395e+03
2.112717476129370425e+03
2.112717524922974007e+03
2.114913559396220080e+03
2.116673559845416548e+03
2.116673572829808109e+03
2.118066575023146470e+03
2.120191233619013019e+03
2.121182166628732375e+03
2.121182186312888462e+03
2.121473925827777293e+03
2.123589741590715676e+03
2.123589758285830612e+03
2.126593419405775421e+03
2.126593452408042594e+03
2.127845324349373186e+03
2.133184658257710453e+03
2.133184670578285932e+03
2.134896036995609848e+03
2.135308260694893761e+03
2.135351041657354017e+03
2.135351103544151556e+03
2.135896113650063853e+03
2.137088029006553825e+03
2.139458397202951346e+03
2.141218806676707118e+03
2.141218835359913101e+03
2.142728579013983563e+03
2.142728580604591571e+03
2.143400200899265201e+03
2.146659515502771683e+03
2.146659521291608598e+03
2.146872819049277496e+03
2.148404315556875190e+03
2.149616206199083535e+03
2.149616242117025649e+03
2.150584027465027248e+03
2.150584061931406268e+03
2.152596505681537565e+03
2.152907896525153774e+03
2.154011205922593035e+03
2.157871331223595462e+03
2.157871352518144704e+03
2.158206137381540429e+03
2.158206146049692506e+03
2.160600248104243292e+03
2.160600256729220291e+03
2.163696066846822760e+03
2.163696073485530178e+03
2.163931520596814153e+03
2.163931538131455000e+03
2.164505772877892014e+03
2.164505777528752333e+03
2.166263940409632141e+03
2.168939734512840460e+03
2.170757087456672707e+03
2.172707014452931617e+03
2.172932654395754525e+03
2.172932665027211442e+03
2.175424144745016747e+03
2.175424150195330185e+03
2.175656726459565562e+03
2.177910044278238274e+03
2.177910062055500021e+03
2.178049646581644538e+03
2.178049690485798692e+03
2.178737923851189862e+03
2.179171156544719906e+03
2.179171167616162620e+03
2.180804506648229108e+03
2.180804527575031443e+03
2.182245374420755070e+03
2.182586362579645538e+03
2.182758213520897243e+03
2.184124854967141800e+03
2.185952467327236263e+03
2.185952492040221841e+03
2.189596040599060416e+03
2.189596048304581473e+03
2.189978162481698291e+03
2.189978175639518668e+03
2.192037203545882221e+03
2.193430774560612917e+03
2.195724790896239483e+03
2.195724818663716633e+03
2.198459020547451019e+03
2.200971847121475548e+03
2.200971856306455265e+03
2.203405010374226549e+03
2.206479223693284439e+03
2.207271008682596857e+03
2.207271019026248268e+03
2.210194799343453269e+03
2.212164205975225286e+03
2.212164216992575803e+03
2.212779574466013855e+03
2.212779585477540422e+03
2.213207739497711373e+03
2.214785716699133445e+03
2.214785755941059051e+03
2.215155740915060505e+03
2.215627038727156105e+03
2.215627055013066638e+03
2.216626733602486638e+03
2.218369551883232816e+03
2.219622567816898027e+03
2.219622588163249929e+03
2.220679262846888378e+03
2.220679264118627088e+03
2.221267606412272926e+03
2.221267614402722302e+03
2.222587259532557255e+03
2.223936642756808851e+03
2.223936647755836930e+03
2.224416074208462760e+03
2.224416120009413589e+03
2.225613611906460392e+03
2.229646198059093877e+03
2.231954033506208816e+03
2.231954043590343190e+03
2.233175396876088598e+03
2.233175423974501882e+03
2.236005870474439234e+03
2.239461993046855241e+03
2.239462010908338925e+03
2.241186536562325273e+03
2.241186544456506908e+03
2.242070859024745459e+03
2.246827569561726705e+03
2.246827577495314472e+03
2.247206504842864433e+03
2.247206514347778466e+03
2.248229797640131437e+03
2.248602860714297094e+03
2.249531745417506045e+03
2.249531755727192376e+03
2.250091160798856436e+03
2.250642733068474627e+03
2.251989940196815496e+03
2.251989940828870203e+03
2.252316165701441605e+03
2.252316210645852152e+03
2.254067493507350264e+03
2.257226703514223573e+03
2.258987310932698165e+03
2.258987316737770470e+03
2.260075541958266058e+03
2.260828829155316271e+03
2.260828846994048035e+03
2.263202526949768981e+03
2.263885387282948159e+03
2.263885392796451015e+03
2.265454768322176278e+03
2.265619168075782909e+03
2.266932711718872724e+03
2.266932746558346935e+03
2.267339728713112891e+03
2.267815736727947296e+03
2.272887697145295988e+03
2.272887706250741758e+03
2.275754546925380964e+03
2.275754559081257867e+03
2.276480984932121828e+03
2.276480987121644375e+03
2.277780726414618584e+03
2.278765155143655647e+03
2.278765188832598142e+03
2.282015016681844827e+03
2.282971693607580164e+03
2.282971696531619727e+03
2.284059902852029609e+03
2.284286816968175117e+03
2.284984789167812778e+03
2.284984790964235799e+03
2.289712360294552127e+03
2.289712361042343218e+03
2.290236123913664414e+03
2.291856192842157270e+03
2.291856210757687222e+03
2.292025086901192935e+03
2.294104527578474062e+03
2.296204356444107361e+03
2.297619256020717785e+03
2.297619256927479910e+03
2.299619153610069588e+03
2.299619158050975784e+03
2.299779744461922292e+03
2.299779745389949312e+03
2.302785832481455600e+03
2.302960708711256302e+03
2.302960719367707497e+03
2.306654545021090598e+03
2.307758240842960731e+03
2.307758257553275143e+03
2.308080397786574395e+03
2.310182119981618598e+03
2.310182127666941142e+03
2.310314572424530979e+03
2.310462069598799189e+03
2.310462068818933403e+03
2.310563649183880898e+03
2.313026635201895715e+03
2.316262610481260708e+03
2.316262618494504750e+03
2.317267380549043537e+03
2.321094483994491839e+03
2.321827863112637715e+03
2.321827882751787001e+03
2.323845940874612097e+03
2.324078659425929800e+03
2.324078672150091734e+03
2.325536305540663761e+03
2.325536316035223990e+03
2.326902552239238048e+03
2.327878611092628034e+03
2.328916842070811072e+03
2.329214254225340937e+03
2.329214266540314838e+03
2.330165609384133859e+03
2.333546566200953748e+03
2.334623398912477569e+03
2.334623379093999574e+03
