2.021551987449015542e+00
3.407209851199127115e+00
3.639753523627064169e+00
4.361104909234086335e+00
5.361842444993499157e+00
5.520565896213724955e+00
7.117886881215554240e+00
7.299091979065792657e+00
7.751557122232156871e+00
9.156855581992772386e+00
1.014101157216157389e+01
1.090340888153957621e+01
1.166556101858964212e+01
1.343504786782705196e+01
1.403713194719227886e+01
1.521692940924492632e+01
1.727563682909737963e+01
1.751148005713446310e+01
1.971443990233831300e+01
2.007096615207751711e+01
2.184920929258078104e+01
2.278411325416811906e+01
2.406667990585413008e+01
2.470717878048685634e+01
2.512402871448887254e+01
2.563322305145777591e+01
2.706989385021279304e+01
2.800976605603000280e+01
2.892813896441975885e+01
2.994726062977474612e+01
3.046480143555982067e+01
3.320982593641804215e+01
3.377238940542429191e+01
3.459218241527719329e+01
3.502779512060271827e+01
3.696286657658777131e+01
3.813800910797169763e+01
3.880511667288237732e+01
3.953128333940810535e+01
4.030493042489968047e+01
4.084550991751518723e+01
4.136849870834578269e+01
4.294759738283460138e+01
4.423195340071458759e+01
4.512777019201610074e+01
4.600453152505690468e+01
4.715983213539050212e+01
4.798387042106060107e+01
4.905238117413102827e+01
4.999561523493650839e+01
5.014029426000786316e+01
5.242281512217857653e+01
5.348355865002042719e+01
5.524025342239178826e+01
5.669789570436819304e+01
5.721392940060854926e+01
5.805697000869486146e+01
5.857476835056252185e+01
5.897511122522166715e+01
5.955891399579979861e+01
6.082552862281295347e+01
6.146544349848102229e+01
6.229328353134326335e+01
6.346349093449612155e+01
6.479027359613792214e+01
6.502174045322828988e+01
6.504443442921819951e+01
6.607116709228671425e+01
6.806939245488956658e+01
6.864625025125451430e+01
6.932283240226183807e+01
7.041599442551239463e+01
7.137493393739396197e+01
7.216745195558712567e+01
7.347281536060063445e+01
7.385861547571062147e+01
7.492730928519313238e+01
7.735648335619237059e+01
7.851676018558225678e+01
7.997082915479666099e+01
8.079051754108240857e+01
8.185516916497260809e+01
8.344602712055518623e+01
8.544003315998349990e+01
8.715147233903417145e+01
8.735465388222644378e+01
8.831295898475184458e+01
8.839523740474976421e+01
8.975661686355726943e+01
9.182015959807142735e+01
9.221133565748129968e+01
9.290690516758627382e+01
9.367537513732827392e+01
9.490842285910616738e+01
9.540104874365408705e+01
9.611421131962254094e+01
9.744923161329393224e+01
9.788223120486293283e+01
9.941727965725465310e+01
1.002647601034191212e+02
1.008130811978667225e+02
1.022292624766347444e+02
1.043847773278706654e+02
1.052149295409649312e+02
1.057108357990401828e+02
1.066882944870160372e+02
1.082191907147201846e+02
1.088553603396862854e+02
1.100872841319310282e+02
1.106759188472882443e+02
1.115441948759602155e+02
1.122286665376642532e+02
1.126925875322857564e+02
1.137804012092298080e+02
1.146921894482628659e+02
1.152936551639072604e+02
1.162470084468998266e+02
1.178475782889461243e+02
1.189823953337488547e+02
1.199855242619759110e+02
1.210018977854373361e+02
1.217660838312143596e+02
1.237513208147191790e+02
1.243963837046618437e+02
1.250879550252710715e+02
1.253431732022654614e+02
1.264545535134009242e+02
1.273306863449613502e+02
1.282045980279043533e+02
1.287773379069034263e+02
1.296336525992250017e+02
1.307442942683151159e+02
1.320296402964409026e+02
1.329647995624806072e+02
1.342841130701260681e+02
1.350007024167668988e+02
1.356740096234321982e+02
1.370501849603307392e+02
1.382080053202695353e+02
1.390860588530922541e+02
1.409742255411734959e+02
1.416531989783737799e+02
1.440758752366683666e+02
1.442011778281034822e+02
1.463668867411981864e+02
1.469764764288755714e+02
1.482586886583163732e+02
1.486726683596648400e+02
1.489306976069397024e+02
1.500070011072209581e+02
1.510845446397470369e+02
1.511977818908574136e+02
1.531414381624396128e+02
1.536089404821636890e+02
1.550418651062789195e+02
1.559048041673707985e+02
1.568770149687542244e+02
1.578883806967503460e+02
1.592532943110593351e+02
1.597033191794705544e+02
1.612109079718635485e+02
1.619986463365796681e+02
1.623889449535090534e+02
1.638688134780766177e+02
1.653499613350179516e+02
1.654970839399433089e+02
1.658816174273683828e+02
1.682360867771832318e+02
1.700023631065192831e+02
1.706577032323826870e+02
1.719743158376267047e+02
1.729992752957218727e+02
1.734092364954329923e+02
1.741117667975180439e+02
1.753134189587509582e+02
1.755348554417956848e+02
1.760315266279799289e+02
1.771193442076729525e+02
1.785348116933098481e+02
1.802611193763202664e+02
1.814990113779550711e+02
1.818237360623784298e+02
1.836040743733495901e+02
1.843892336000628802e+02
1.849658704284792066e+02
1.860620146131456067e+02
1.870184727284134851e+02
1.877440476998838221e+02
1.882766277562207051e+02
1.887677133064524924e+02
1.901283753250339714e+02
1.913387781127401013e+02
1.917219500441524360e+02
1.923036362144368923e+02
1.943251467331862159e+02
1.954190838444425253e+02
1.969034002945936663e+02
1.984706815993843065e+02
1.993371224067535650e+02
2.017809538962516172e+02
2.023916405189406760e+02
2.032837004366477913e+02
2.045122236848944794e+02
2.049676374358247131e+02
2.065212486360924231e+02
2.072330976683085737e+02
2.079203537272735502e+02
2.084982016638481355e+02
2.094623000761811227e+02
2.110886881675311315e+02
2.113150435700453045e+02
2.118224723117224357e+02
2.127484481421765850e+02
2.138662444124037165e+02
2.142008081690757990e+02
2.169271343029223544e+02
2.176261253565330662e+02
2.188469433002767346e+02
2.192799116393224494e+02
2.197897519870261931e+02
2.213960464945619151e+02
2.227847544715958747e+02
2.230269088610535846e+02
2.237490910304271665e+02
2.246873694943869850e+02
2.259272824343745469e+02
2.261215592979463054e+02
2.268347126164362635e+02
2.274211118304522188e+02
2.284970603918194456e+02
2.305406471440163614e+02
2.308393169728044541e+02
2.323606158555356842e+02
2.335942326518928667e+02
2.351565066075169170e+02
2.363501828171738453e+02
2.365990637422805776e+02
2.379708084612891525e+02
2.395183081140617105e+02
2.406266606929384579e+02
2.409695529150202447e+02
2.422201295421160694e+02
2.430109604059058483e+02
2.442374376667154365e+02
2.453233401315524134e+02
2.458424588917334859e+02
2.465083072091885015e+02
2.482726197436730899e+02
2.492444841529980977e+02
2.511405538973461944e+02
2.518754518446934298e+02
2.525358377899502784e+02
2.532823541169877899e+02
2.539402427111381257e+02
2.546488681216922032e+02
2.559289111475609388e+02
2.575327462550302471e+02
2.577979826513612807e+02
2.596427979722160444e+02
2.606620474358808224e+02
2.617727959992540718e+02
2.634970034275163471e+02
2.639162091126554515e+02
2.650441791722806784e+02
2.659291879373224674e+02
2.664268249253890417e+02
2.678607846878472856e+02
2.690289216343592216e+02
2.693520370845562866e+02
2.704870820084023535e+02
2.713217087078596705e+02
2.719692700565848895e+02
2.729996413215368420e+02
2.742402565077183567e+02
2.747775001430222801e+02
2.762571473353526699e+02
2.766895677080542555e+02
2.770736270891829349e+02
2.777786995689893956e+02
2.788416763399499132e+02
2.794233392312048636e+02
2.806617846699558640e+02
2.816371912215178099e+02
2.826968581695809917e+02
2.835548719426525395e+02
2.844420622980940152e+02
2.851511222977659941e+02
2.863990419263191143e+02
2.880161065566772436e+02
2.892632813086304964e+02
2.901576125422192263e+02
2.917373883285117131e+02
2.931262978678860804e+02
2.942471285050473284e+02
2.951602771279328863e+02
2.962961423893195274e+02
2.965546552875756561e+02
2.985729646195293299e+02
2.989772034089324961e+02
2.995657962649684691e+02
3.006896951356522436e+02
3.018095604105262737e+02
3.031583194136092629e+02
3.047931700375232822e+02
3.057123858137542811e+02
3.058978054582562436e+02
3.079744347203059647e+02
3.090121294767607196e+02
3.095513784652816867e+02
3.102312524063481760e+02
3.107034427323732757e+02
3.119937733519226413e+02
3.128516334626721118e+02
3.132358707804215783e+02
3.139369456135145811e+02
3.155673705829074152e+02
3.163508680709357463e+02
3.171838227638477861e+02
3.177311605561608872e+02
3.196982647500710755e+02
3.212310243269852776e+02
3.217848684148029292e+02
3.230938995258871955e+02
3.241706180314109247e+02
3.250688997573277561e+02
3.256183374346379651e+02
3.262805335471048807e+02
3.280610789652428139e+02
3.292525067963466086e+02
3.297716639475808051e+02
3.302922035101803999e+02
3.320258646950296679e+02
3.331053981387970566e+02
3.336781556924738652e+02
3.347539633735655116e+02
3.360928208353039395e+02
3.366914594338009010e+02
3.371798564983658935e+02
3.384564372214544505e+02
3.396715790533557993e+02
3.404350256070106298e+02
3.416304761232916576e+02
3.430083568691103437e+02
3.440906363177231242e+02
3.445254235771645881e+02
3.457973013815818604e+02
3.468854477783270909e+02
3.479974882399395710e+02
3.494982621988260689e+02
3.500351374349691014e+02
3.517328008348629282e+02
3.520509004244417497e+02
3.530551145195418599e+02
3.538297891634400685e+02
3.542026172545777740e+02
3.549407673341368650e+02
3.576120160670845962e+02
3.587169271353054114e+02
3.597769662771011099e+02
3.603539271427836184e+02
3.613021287443465326e+02
3.626933688712998105e+02
3.632538644759659405e+02
3.655742848679236658e+02
3.664136320970928864e+02
3.670279625709444531e+02
3.677660624159881877e+02
3.690476232289225891e+02
3.694918009745637733e+02
3.697537607054352975e+02
3.710877670027284694e+02
3.719639745823346857e+02
3.726721599223936892e+02
3.736779420382298440e+02
3.741005066465589834e+02
3.758704320922868760e+02
3.769618076062220098e+02
3.776841778529494604e+02
3.785167804602845081e+02
3.796954939960860429e+02
3.816925461864400404e+02
3.830823370249386812e+02
3.837981368951733430e+02
3.844806510546133040e+02
3.861185142954195726e+02
3.863174635785598525e+02
3.879721744867840698e+02
3.883892704588104152e+02
3.891697434037334915e+02
3.902200811907409275e+02
3.905681701441477571e+02
3.916792088794571214e+02
3.918403891256257907e+02
3.940425360385935392e+02
3.949664468200788860e+02
3.961247240498109932e+02
3.970714334207505658e+02
3.975037015634160298e+02
3.985491662998661582e+02
4.005203410617087343e+02
4.022760110847727901e+02
4.025081578028735976e+02
4.040447067862172048e+02
4.050798244363718368e+02
4.054356087605881385e+02
4.065852524653723776e+02
4.070680723360576394e+02
4.079217012325168525e+02
4.084780089360596662e+02
4.105559492859731563e+02
4.115842361631222843e+02
4.121658612053862498e+02
4.132160165172103916e+02
4.139439924631506074e+02
4.143095772622711479e+02
4.147902100778773615e+02
4.166684119638072161e+02
4.177819235865153473e+02
4.191756545152426270e+02
4.194467032455073081e+02
4.204618855676338853e+02
4.219861739034099628e+02
4.232821625483133516e+02
4.238137734949522724e+02
4.253799723058844506e+02
4.258315809003133268e+02
4.275855754081785562e+02
4.282871307251391499e+02
4.292705762444173274e+02
4.293246345299899076e+02
4.319856173880659753e+02
4.323561900368381998e+02
4.333930579010349220e+02
4.342598926397212722e+02
4.348119228160022089e+02
4.363370388167654710e+02
4.374359524245430180e+02
4.382944507941930965e+02
4.394316454477034881e+02
4.407933697529433630e+02
4.412625050868103926e+02
4.425788892558917951e+02
4.445061150802558814e+02
4.452193416083844681e+02
4.464530269839691528e+02
4.469794193507056548e+02
4.479375971453170564e+02
4.489733412997485971e+02
4.494519201147024319e+02
4.508727185273064606e+02
4.516841708708536771e+02
4.525594355828344533e+02
4.533446809654521985e+02
4.540279351657017628e+02
4.548554180905945827e+02
4.557794735605630763e+02
4.569116224775380033e+02
4.576113749208280979e+02
4.582995073879798724e+02
4.593348275254039663e+02
4.601835687919461293e+02
4.620551815973299767e+02
4.631225757978423871e+02
4.648817786119936386e+02
4.654506493387937667e+02
4.657783263451335642e+02
4.663519765485353332e+02
4.673800185031344085e+02
4.687757515466634004e+02
4.697158101944951909e+02
4.702710439664539308e+02
4.719538441025223960e+02
4.732096432809800604e+02
4.734481081384130334e+02
4.740653173917997947e+02
4.754480932524094783e+02
4.766152219511103567e+02
4.772286115706252758e+02
4.785162729021839709e+02
4.795049848331499902e+02
4.802741785396063960e+02
4.811255767700260435e+02
4.820417715364869764e+02
4.827920946325169211e+02
4.841589746712953115e+02
4.873114809328631054e+02
4.875076538142688491e+02
4.879824618151702111e+02
4.889315260117685966e+02
4.900560401847659477e+02
4.906019459423541775e+02
4.923727876888142987e+02
4.930276248319510728e+02
4.939961398180807350e+02
4.943675385225139394e+02
4.949094041409263696e+02
4.962286328119958512e+02
4.975948439513899757e+02
4.983542580350474509e+02
4.992305224257636951e+02
5.010807048304022260e+02
5.022289863985315037e+02
5.029061841821284133e+02
5.038422222673143551e+02
5.050907950271299001e+02
5.061507646918336718e+02
5.063804749052196144e+02
5.068565634601477541e+02
5.069462160534754958e+02
5.086263284651718664e+02
5.087866328556909821e+02
5.099507596077551739e+02
5.112498149424977214e+02
5.124649800845154459e+02
5.126151299531820769e+02
5.135216079098256614e+02
5.149456467970946960e+02
5.160878995161840521e+02
5.164888318353765726e+02
5.175859845013833365e+02
5.197940904292215691e+02
5.202698379444545935e+02
5.220355965223059229e+02
5.230658435104805903e+02
5.241043539597501422e+02
5.254073418054429112e+02
5.263247733233790768e+02
5.269513252385255555e+02
5.272572348795682728e+02
5.294431489462152740e+02
5.308670451234588654e+02
5.318274162895214658e+02
5.326097622951377843e+02
5.335727917789547519e+02
5.349317302472251185e+02
5.358119944785253210e+02
5.370597024157659689e+02
5.382566161126610496e+02
5.394952769846654519e+02
5.415665060881785848e+02
5.423402598747300090e+02
5.436139274210203212e+02
5.450322717192103710e+02
5.455698943228676399e+02
5.469374667334651576e+02
5.476621461347526747e+02
5.486090026428612418e+02
5.492338597880067255e+02
5.500561241956709182e+02
5.511621606023966251e+02
5.520314629730831939e+02
5.529663393777649389e+02
5.539752678926789713e+02
5.562456448313375859e+02
5.578873808221153467e+02
5.579998350956337845e+02
5.585797435483954132e+02
5.596281693847738552e+02
5.607347069939577295e+02
5.613852049577092203e+02
5.624427307142186692e+02
5.628703681791054123e+02
5.651296141165242943e+02
5.670170638805479939e+02
5.679316806686686050e+02
5.690817918029040356e+02
5.698819197057882775e+02
5.712769701716582631e+02
5.716402174808745258e+02
5.727420089510770822e+02
5.731219107553720278e+02
5.737425511008028707e+02
5.747436162633130152e+02
5.750555102242935845e+02
5.761358194994929818e+02
5.774758459301694984e+02
5.779443078388663935e+02
5.786550693280885298e+02
5.791366698843326049e+02
5.802447370223788994e+02
5.804477173919292454e+02
5.820264057340519912e+02
5.828161551523630806e+02
5.840499855687608033e+02
5.858138981447311835e+02
5.861831461181727718e+02
5.874048429113779548e+02
5.879524311964805747e+02
5.886535987634379126e+02
5.897638592039284049e+02
5.907118452874838113e+02
5.908668543767246319e+02
5.924080789398072966e+02
5.934869447775498656e+02
5.943016585001270187e+02
5.946872659326934354e+02
5.959542356671620382e+02
5.964447304340096707e+02
5.973375414958812826e+02
5.978579399996257280e+02
5.994108608941662624e+02
6.001121221628150124e+02
6.020797056724226195e+02
6.036325294380477544e+02
6.039587395937448946e+02
6.047822813648722331e+02
6.060908592519297144e+02
6.065291916692438008e+02
6.070590244590732709e+02
6.087301422827322313e+02
6.101534064773816226e+02
6.109994982216196604e+02
6.116955541541229877e+02
6.138633497726333417e+02
6.142996321828273949e+02
6.149240851769811798e+02
6.159627701391649452e+02
6.175837058373394939e+02
6.182187286235686088e+02
6.186384016470675533e+02
6.201811891239497072e+02
6.215237084916107051e+02
6.218810171326425689e+02
6.239254912927293617e+02
6.248417345400364411e+02
6.254969392294667614e+02
6.269213227239813477e+02
6.284545834698691351e+02
6.289275384480786215e+02
6.297947563630999639e+02
6.306496175714709125e+02
6.323276733499126294e+02
6.334822812571492250e+02
6.336362725160757918e+02
6.345087913015522645e+02
6.362061488516842473e+02
6.377757900465835519e+02
6.383826290121509146e+02
6.394291952376752306e+02
6.406254283895062827e+02
6.417855815141474523e+02
6.428141826993401082e+02
6.442203879313337893e+02
6.447737966707788928e+02
6.456752120966723396e+02
6.465897773814089078e+02
6.467843256370930476e+02
6.473579183865449522e+02
6.486442434011900104e+02
6.499721348445709737e+02
6.503789624929274851e+02
6.510334490011823618e+02
6.514880258559621780e+02
6.523212973808268771e+02
6.533800648127228214e+02
6.541143400559767542e+02
6.551090076099487760e+02
6.553019675569163383e+02
6.571140924938765693e+02
6.579749639244549826e+02
6.591744530568113305e+02
6.613982211680097407e+02
6.633397894300960616e+02
6.636255225209868058e+02
6.643694679311137179e+02
6.651394593838452920e+02
6.655679826219337656e+02
6.671360816524834263e+02
6.680134695914879330e+02
6.692003949295423126e+02
6.714651721916201268e+02
6.719789039361809273e+02
6.735803021059787170e+02
6.751644231813207853e+02
6.757123573509879861e+02
6.762006133564834727e+02
6.776339322257394997e+02
6.783450766340251903e+02
6.790402699814893595e+02
6.806207811179243663e+02
6.818521376492980153e+02
6.826629903643228090e+02
6.835247777243655491e+02
6.852867202492077467e+02
6.864395947530946387e+02
6.868608360245422091e+02
6.875922405597945044e+02
6.885178657388037209e+02
6.889831187537100732e+02
6.898879056608195697e+02
6.920977518130955559e+02
6.927948002520784030e+02
6.939476723585421496e+02
6.947354050105866463e+02
6.959913220846025297e+02
6.966167666551356206e+02
6.980998587408279263e+02
6.985029655621667644e+02
6.992732866973744876e+02
6.998965646562809297e+02
7.014859659517020418e+02
7.026333482205784549e+02
7.037685461648815135e+02
7.044876020035078454e+02
7.048936863707939438e+02
7.066663957143164225e+02
7.072234951577391939e+02
7.089147800938735600e+02
7.090263205233594590e+02
7.102270603357170558e+02
7.107609313180400932e+02
7.118529945876452985e+02
7.130878570313426508e+02
7.139015840059945504e+02
7.143160911540387588e+02
7.157661359864611086e+02
7.170129152518295541e+02
7.188275325264687581e+02
7.199921409218947019e+02
7.204768944958576640e+02
7.209473068431360616e+02
7.224173552476835312e+02
7.231159745909666299e+02
7.242085139975564516e+02
7.242507910471216519e+02
7.262316143525451935e+02
7.272749629367510806e+02
7.276592500274534814e+02
7.283583293264063059e+02
7.296616998313292015e+02
7.311721806898127625e+02
7.322715625040557370e+02
7.329257504932089660e+02
7.330775874083566350e+02
7.350871123452418487e+02
7.359325553203584604e+02
7.367564854421730161e+02
7.382960283279356872e+02
7.394583890156092139e+02
7.405092548039402800e+02
7.407670471395667846e+02
7.414565550826118852e+02
7.429522226561076650e+02
7.435246586412760053e+02
7.441175750504046391e+02
7.454716984058317166e+02
7.459409246609860702e+02
7.474619708160136042e+02
7.486161379305757464e+02
7.493382699836930669e+02
7.514614924509011189e+02
7.525562646813968968e+02
7.534223875815948759e+02
7.547957519781605242e+02
7.553388411791944463e+02
7.568530967760198109e+02
7.576715557137355290e+02
7.585873174246728468e+02
7.592685165263592353e+02
7.607935108481603947e+02
7.616463569994419913e+02
7.619654534725951862e+02
7.636945451166089924e+02
7.641020638554555262e+02
7.653414483810546471e+02
7.659049359889575044e+02
7.668145174307715024e+02
7.672352335951190980e+02
7.683792928560174005e+02
7.690792593679507263e+02
7.693642006468892305e+02
7.707435472998101886e+02
7.728040769005962147e+02
7.744247867620775878e+02
7.761809862365439585e+02
7.767306394053304075e+02
7.776333043573611121e+02
7.781120141588985462e+02
7.792426828839572863e+02
7.800201820382529831e+02
7.809034661985674575e+02
7.816474567737200232e+02
7.830479089557770749e+02
7.832632256207828050e+02
7.842044558590536099e+02
7.861702866471824791e+02
7.872108358729892643e+02
7.887804853117967241e+02
7.904937755172736615e+02
7.914576277965770714e+02
7.925774149515508498e+02
7.928971943530032149e+02
7.937408411249782603e+02
7.944826870284773577e+02
7.954259329688289881e+02
7.971579548043246177e+02
7.975435644687217973e+02
7.979831043864122648e+02
7.994156165583956408e+02
7.999019098387520899e+02
8.006505110350504992e+02
8.024422419885263480e+02
8.031478500319356044e+02
8.044488891151368080e+02
8.050082582591369373e+02
8.055867725280104423e+02
8.071032346168429967e+02
8.077640017559845091e+02
8.081963379158969474e+02
8.096991545192432795e+02
8.106514704399703533e+02
8.113371349784055155e+02
8.121250396186273974e+02
8.130882020283058864e+02
8.140196663376727884e+02
8.141250153332193804e+02
8.166602497037705461e+02
8.170021446454560419e+02
8.175383742731927441e+02
8.185786518413556223e+02
8.195547288969106603e+02
8.204218440553584060e+02
8.215119356174710674e+02
8.224166696035975974e+02
8.235780749786969182e+02
8.251084897889055583e+02
8.272438924423723847e+02
8.280289738105070683e+02
8.286729187923292557e+02
8.292483199911953307e+02
8.303826809609194015e+02
8.314081341503365365e+02
8.331872971579314253e+02
8.334056731487449952e+02
8.342889711534473918e+02
8.350433525571615974e+02
8.370697194540616692e+02
8.381053652865247159e+02
8.388421667486094293e+02
8.400149043301759093e+02
8.410438343911449692e+02
8.414044114907244420e+02
8.434556539214779605e+02
8.439754104102241854e+02
8.442625779876981369e+02
8.447673674157520054e+02
8.468014045729682948e+02
8.473416347188460804e+02
8.486741467671927239e+02
8.497776415572513997e+02
8.506646010428599993e+02
8.519717736996396980e+02
8.529975330347938325e+02
8.549818958887374265e+02
8.557202699208733065e+02
8.560136578063689967e+02
8.569658762799920169e+02
8.576081627904944753e+02
8.580364914841860582e+02
8.603261989373532970e+02
8.613051648199477768e+02
8.621613395145400318e+02
8.624864667324945913e+02
8.649711098756450838e+02
8.656884976638485796e+02
8.661313992882727462e+02
8.678574573307068931e+02
8.699205568623998488e+02
8.708106095936252586e+02
8.727658780242915100e+02
8.730629497399851289e+02
8.731323907314574626e+02
8.745966350925798451e+02
8.764126639761524302e+02
8.775159005697864814e+02
8.778782946507252518e+02
8.782328828244878878e+02
8.802426676854313428e+02
8.806163065302515633e+02
8.812874883163807453e+02
8.820934634124284912e+02
8.831354205073379262e+02
8.835133108893633107e+02
8.849629642449572202e+02
8.852637991296393238e+02
8.865009196263346212e+02
8.873524709645076882e+02
8.891430095587948017e+02
8.895788887633974582e+02
8.907100925388979249e+02
8.917726866283544496e+02
8.920829042984527177e+02
8.934402328788175964e+02
8.938333446433298377e+02
8.940154838510932223e+02
8.949561707729445743e+02
8.971381737163005710e+02
8.977139305748414699e+02
8.982339200584232231e+02
8.990910038464953686e+02
9.005128870966851764e+02
9.018024104487542445e+02
9.023676442861045643e+02
9.032349586374190267e+02
9.033496816110525742e+02
9.051813968223498250e+02
9.062562539555730154e+02
9.066316329439591755e+02
9.082342281011611931e+02
9.091562218542389928e+02
9.094260800364122588e+02
9.106446577471886030e+02
9.115612470841226695e+02
9.123772155387720204e+02
9.128029852738497993e+02
9.145646953837535875e+02
9.156305645208772148e+02
9.170724046005204855e+02
9.181231574325702240e+02
9.191874102423605564e+02
9.203175913205589040e+02
9.208175173467834611e+02
9.221699895922807855e+02
9.231527949174217156e+02
9.240335071737387125e+02
9.248201144092025743e+02
9.268253228044799243e+02
9.276486237218754241e+02
9.286482240786519924e+02
9.293492300106179300e+02
9.307989656878695541e+02
9.320896961788751014e+02
9.335174653127517104e+02
9.344416185822067291e+02
9.364866712543920357e+02
9.370982259425775283e+02
9.380489656500095634e+02
9.386613910395565199e+02
9.406138221002418049e+02
9.413629492000011396e+02
9.426983745277971138e+02
9.431468671368877494e+02
9.434006647263672676e+02
9.443501776715654614e+02
9.451322826369424774e+02
9.462470888410374528e+02
9.471977958404746687e+02
9.479700596656188054e+02
9.501193923146831821e+02
9.503425594065836322e+02
9.516628634402281932e+02
9.526367174658003023e+02
9.537330365688917482e+02
9.547005124624563450e+02
9.562908416256559576e+02
9.569122293680987923e+02
9.573978382026516556e+02
9.587468797724762908e+02
9.593744717846930143e+02
9.601946123249597349e+02
9.613806890120181379e+02
9.621861379057160093e+02
9.635182607176385545e+02
9.644261211880323117e+02
9.651548426508823013e+02
9.658360380810321431e+02
9.666026475497013735e+02
9.685684164842739392e+02
9.685942286918250375e+02
9.688549036094416351e+02
9.696717439611263671e+02
9.697692943096485578e+02
9.719180061168821112e+02
9.735892373936551394e+02
9.744666151439995474e+02
9.762862639916020271e+02
9.783361709979465104e+02
9.792500463860931177e+02
9.803583585306075747e+02
9.811580115971803480e+02
9.817514611207151347e+02
9.834493278298808718e+02
9.840231232270143664e+02
9.844521554662837843e+02
9.854433972394890588e+02
9.867195850673265340e+02
9.876455620437980087e+02
9.884200021945559911e+02
9.891432656220847548e+02
9.898008571084926643e+02
9.906541611457811314e+02
9.915845104996705004e+02
9.928476773516731555e+02
9.940273523169531700e+02
9.947522727035261596e+02
9.953735759175760904e+02
9.958076453173184746e+02
9.962785568986055296e+02
9.975023925393198851e+02
9.978437390709452757e+02
9.990613857805128646e+02
9.999863779163653135e+02
1.000773305257025072e+03
1.003242545210674166e+03
1.003787402556465850e+03
1.004194845526008180e+03
1.004971802209990756e+03
1.006197134324889475e+03
1.007495255120236493e+03
1.008418397175131872e+03
1.008891310775963802e+03
1.009591445070350005e+03
1.011899178931070537e+03
1.014518860169904883e+03
1.014845609815816943e+03
1.015338166667866290e+03
1.015468346761873136e+03
1.016614887199473401e+03
1.018022494219196460e+03
1.018941386880781010e+03
1.021754762860418850e+03
1.022039597838339319e+03
1.022684535570636513e+03
1.023079887272110227e+03
1.024231720339380217e+03
1.025629913908222989e+03
1.027977865033748230e+03
1.028963527169517874e+03
1.029679568140646097e+03
1.031241248506876445e+03
1.032679997814972012e+03
1.032871939188758461e+03
1.033726033881125431e+03
1.035361948263871909e+03
1.036172863606567944e+03
1.036636039519963560e+03
1.037508600337885809e+03
1.038670666407285580e+03
1.039760626416365540e+03
1.041082616621596571e+03
1.041288846477811376e+03
1.043146795961716862e+03
1.043952150815259984e+03
1.045321079189511465e+03
1.045894040432077873e+03
1.046684643579983003e+03
1.049756099147025907e+03
1.050043569065848487e+03
1.050379429137070019e+03
1.051856633059157502e+03
1.052753429729489881e+03
1.052975756216525724e+03
1.054570954150804255e+03
1.056458018447610584e+03
1.056549968236904760e+03
1.058117657137269362e+03
1.058766608963858516e+03
1.060413391505795744e+03
1.061502105380457806e+03
1.061875774152801569e+03
1.063020744180752899e+03
1.063840080115374349e+03
1.064079138245046124e+03
1.065290164926777607e+03
1.065411406667190022e+03
1.065985194218304287e+03
1.067426277962209042e+03
1.068082471277858986e+03
1.069236533261575460e+03
1.069837685118783156e+03
1.070503491930886184e+03
1.071509003723696424e+03
1.071859227080817163e+03
1.073357022997438435e+03
1.073898434768627340e+03
1.074277312766197838e+03
1.075737532803724662e+03
1.076452852917006112e+03
1.076888003937506937e+03
1.077430298530365235e+03
1.077976729295990935e+03
1.080017023364561055e+03
1.081606410592228258e+03
1.082319359182932658e+03
1.084269467577941214e+03
1.085954521466008146e+03
1.086373937262220579e+03
1.087578446352085393e+03
1.088078912474400113e+03
1.089790888870543085e+03
1.091496829110962381e+03
1.092107384766286941e+03
1.092891304627601585e+03
1.093718198606604346e+03
1.094567594149468050e+03
1.095528271578368276e+03
1.095687248277809204e+03
1.096280410106930958e+03
1.097710053532775873e+03
1.100171968288504559e+03
1.101689958404825575e+03
1.102126385233190831e+03
1.102250760094465022e+03
1.103038855936165419e+03
1.104749726360818158e+03
1.105485382661012636e+03
1.106883441574161452e+03
1.107321249246296020e+03
1.108239283551302151e+03
1.109060223318351063e+03
1.109952990575058720e+03
1.112162415261308297e+03
1.113055241042697389e+03
1.113538848582704759e+03
1.114586057800363733e+03
1.115495254400564590e+03
1.116108098029028952e+03
1.117767352217254711e+03
1.119839997471891820e+03
1.119966474273537415e+03
1.120225068435001958e+03
1.121387520975151347e+03
1.122817614267037015e+03
1.123494478474643756e+03
1.124653234103903287e+03
1.125528506270748039e+03
1.126956236205121513e+03
1.127926441746702949e+03
1.128775477481231519e+03
1.129877730000836436e+03
1.130143749416703031e+03
1.130767243597426159e+03
1.133753174424968392e+03
1.134201644726064160e+03
1.135055441653930984e+03
1.137248192169562572e+03
1.138242156107775827e+03
1.139348117205442122e+03
1.139978005646924430e+03
1.141023295650362797e+03
1.142190276936467399e+03
1.142266949435003426e+03
1.143695568786393324e+03
1.144771934406305945e+03
1.146368739102266318e+03
1.146498802204349886e+03
1.147586437983895848e+03
1.148629629270864598e+03
1.149702880635460133e+03
1.149867915493070086e+03
1.151693885643447857e+03
1.152335906698945337e+03
1.152751215058015532e+03
1.153610919855795601e+03
1.154290687489803531e+03
1.154608165352658943e+03
1.155624185387865509e+03
1.156906464309954117e+03
1.158787939978612940e+03
1.160360824077680718e+03
1.161259574187551834e+03
1.162511397305317587e+03
1.163560790697139510e+03
1.164515107157185412e+03
1.165522256129368770e+03
1.166545699766677444e+03
1.166813955047572108e+03
1.167636881674260167e+03
1.168669026749021896e+03
1.170378454957706253e+03
1.171269776571228704e+03
1.171924360558454282e+03
1.172251339188085694e+03
1.173302670383276336e+03
1.174274267996479466e+03
1.175077332886385193e+03
1.177794435411481800e+03
1.178002087204672307e+03
1.178672906777290336e+03
1.179121637766320646e+03
1.180619576005984754e+03
1.182711105950455249e+03
1.183596800925149637e+03
1.184663844013312200e+03
1.186273685486301474e+03
1.186620312454799205e+03
1.187517312407166628e+03
1.189563055152736524e+03
1.189837322005509122e+03
1.191335517447528673e+03
1.191758554379410270e+03
1.192754617239947947e+03
1.193511452195299171e+03
1.194707439479766890e+03
1.195092142643078660e+03
1.196629199256106176e+03
1.197480876847474065e+03
1.198476415634041814e+03
1.199535911601390808e+03
1.200453542896286081e+03
1.201894169471760733e+03
1.202558587335957782e+03
1.203161896776447975e+03
1.204099983359646330e+03
1.204701957709108228e+03
1.205734356430365551e+03
1.207086401419960794e+03
1.207273139205625057e+03
1.209522151256594952e+03
1.210616553806280081e+03
1.212023222568502206e+03
1.213081611091917921e+03
1.213185617961405796e+03
1.214562599655483382e+03
1.214703590471043299e+03
1.215905374505015743e+03
1.216587856908392268e+03
1.217794322343006343e+03
1.218691849932088644e+03
1.219505805392720049e+03
1.220414701041498802e+03
1.221818417570603287e+03
1.222374701223959164e+03
1.222475237004352493e+03
1.223175164666104138e+03
1.224396303418955540e+03
1.225152753101243889e+03
1.225470467953797879e+03
1.227025805542920580e+03
1.228135897693264951e+03
1.229020245408205710e+03
1.230651453003496954e+03
1.230884518238170813e+03
1.232102516630030323e+03
1.232919179994883052e+03
1.234839508391985873e+03
1.236167977551592230e+03
1.237378818146710728e+03
1.238652106883139822e+03
1.239206863347086482e+03
1.241184097668023924e+03
1.242480396268489358e+03
1.243712330024134189e+03
1.243949647996674457e+03
1.244999987753128607e+03
1.246010805942431716e+03
1.246208025578466504e+03
1.247774232264801412e+03
1.248661625216024731e+03
1.252162695799839867e+03
1.253564475150497628e+03
1.254027743585586677e+03
1.255695081762698010e+03
1.256444706380331809e+03
1.256688860279816254e+03
1.257665660555131126e+03
1.258895275759412925e+03
1.260383335917872273e+03
1.260874568751526112e+03
1.261413425714866207e+03
1.263137592005015449e+03
1.263352760556057319e+03
1.264290812322389911e+03
1.264928784001136137e+03
1.265559150824938570e+03
1.265897681442307658e+03
1.266374045678563562e+03
1.267084210436337344e+03
1.267589381202426466e+03
1.268444301602787846e+03
1.269997445350538555e+03
1.270893740838684835e+03
1.272233305224382548e+03
1.272381917211109794e+03
1.275139267647339466e+03
1.275438717672011990e+03
1.276980688493420757e+03
1.278152663712621461e+03
1.278672176732844491e+03
1.279684354362255363e+03
1.279841954580324909e+03
1.280174773657115338e+03
1.283361582874400483e+03
1.284404331033267681e+03
1.285589596033104954e+03
1.286726985404154448e+03
1.286947753633719003e+03
1.287736728296276397e+03
1.288913397760340786e+03
1.290421650450736024e+03
1.290554355854096912e+03
1.291348644532560002e+03
1.292474474072037083e+03
1.293541855154243194e+03
1.293717056417225876e+03
1.295378688731221700e+03
1.297134433113663363e+03
1.297522299103658042e+03
1.298759562806326358e+03
1.300390862012259504e+03
1.301634078048771471e+03
1.302778830650802320e+03
1.303969234240769310e+03
1.304433196795801905e+03
1.305028095363122702e+03
1.307116151216804610e+03
1.307899694917299485e+03
1.308413285428210656e+03
1.308919444747329862e+03
1.310215870667088893e+03
1.310760960682106088e+03
1.312294003187188991e+03
1.312407386577739999e+03
1.313298520337556511e+03
1.314103368485065403e+03
1.315939859571950365e+03
1.316390871658743436e+03
1.317148089474104836e+03
1.317794296047951548e+03
1.319786312081248298e+03
1.320678474518747180e+03
1.321008435998347750e+03
1.321278987794602244e+03
1.322034479956251289e+03
1.323711072100873480e+03
1.324350538792505631e+03
1.328121101510439985e+03
1.329560505990388492e+03
1.331293456426847115e+03
1.332023353166352535e+03
1.332695588694336038e+03
1.333389154458285702e+03
1.333875865312661062e+03
1.334281973238033061e+03
1.335704799459027981e+03
1.337381171774921313e+03
1.338413689928828262e+03
1.339857820727735998e+03
1.340420812362041943e+03
1.340986226975749560e+03
1.341326620332665243e+03
1.341508222536086123e+03
1.341809850490853933e+03
1.342622890788328732e+03
1.342766005637859962e+03
1.344745151558257476e+03
1.345119301332608302e+03
1.348025065905858810e+03
1.348441233352051540e+03
1.348972095824473399e+03
1.349383365228055027e+03
1.350120901513010722e+03
1.351722173545822443e+03
1.354214287422915731e+03
1.355690742366636186e+03
1.357214151306602616e+03
1.358990375188056305e+03
1.359157026164137278e+03
1.361048987349532581e+03
1.361542352214801213e+03
1.361964512411325359e+03
1.362297631551070936e+03
1.362751807461434737e+03
1.363441237118148820e+03
1.364515722939440820e+03
1.364746272342501470e+03
1.364996149968568943e+03
1.366659576918592393e+03
1.369182469660609058e+03
1.370000641095781020e+03
1.370186333222122812e+03
1.372055940436714081e+03
1.373350908150134728e+03
1.374183865604357379e+03
1.375419860747031180e+03
1.377052059180473861e+03
1.377225394548640452e+03
1.377900615778510883e+03
1.378566481645083059e+03
1.379412474799868960e+03
1.380583544480393812e+03
1.381672330433728803e+03
1.383352879591158398e+03
1.384565469646932343e+03
1.384761725577821380e+03
1.386004909367538858e+03
1.386703776578448469e+03
1.388068305446277009e+03
1.389530343071226980e+03
1.389959872353348146e+03
1.391034872946858741e+03
1.391843770098962977e+03
1.392596619126009045e+03
1.394204632933410267e+03
