1.137124954922342113e+00
1.831530806172963821e+00
2.555681111053559107e+00
4.021276736803201857e+00
5.187237871056481708e+00
6.525388859636677807e+00
7.328202449672858165e+00
7.916909747905151562e+00
8.679117270972596998e+00
9.831020961352010090e+00
1.080822359398382559e+01
1.189930360543428378e+01
1.296903039017206538e+01
1.478099932274119510e+01
1.513010968504693210e+01
1.576709100193966151e+01
1.745115690014506526e+01
1.803204117881114144e+01
1.923937753895359037e+01
1.985232963182477306e+01
2.070258928458088121e+01
2.177300710990868993e+01
2.383369757113075593e+01
2.439862317592690033e+01
2.502458311562941162e+01
2.559174325735909861e+01
2.714581599961115899e+01
2.756632880925508289e+01
2.936281210470212955e+01
2.948581771944691354e+01
3.144699122551537585e+01
3.175938848955127014e+01
3.268613047416693007e+01
3.398575600341439440e+01
3.418715097484800935e+01
3.606832716852534304e+01
3.624340968482397329e+01
3.682360547459438749e+01
3.838698733300486765e+01
3.940025473843650161e+01
4.027747751470781168e+01
4.109728728175321066e+01
4.294815524872944934e+01
4.358327318248484517e+01
4.473983435226728034e+01
4.686039914952652907e+01
4.700052945580807773e+01
4.914661983031976433e+01
4.951991287561929767e+01
5.127211186390002240e+01
5.216773756852478527e+01
5.341788227967811054e+01
5.402373805117701977e+01
5.441498969787278384e+01
5.490924150666410242e+01
5.628067406990726340e+01
5.719862880842913455e+01
5.805126713387448945e+01
5.903659793399208411e+01
5.951621719155536994e+01
6.214638826109876391e+01
6.271952993229513140e+01
6.345194575684399751e+01
6.388714735573057624e+01
6.579523897049477910e+01
6.697023516046351688e+01
6.759618450952029889e+01
6.830359036359493530e+01
6.904469276804627498e+01
6.957509337117676296e+01
7.010767043509804353e+01
7.161739766962080012e+01
7.292350805642172418e+01
7.383759683112702987e+01
7.467548068390442495e+01
7.586625010193631624e+01
7.665033250665464948e+01
7.772197199602612727e+01
7.868839905720403749e+01
7.879632802607397934e+01
8.109913539250305803e+01
8.211045642365593267e+01
8.393577767790827693e+01
8.548778287496622852e+01
8.588163083527786057e+01
8.673928122543998143e+01
8.732240429689181838e+01
8.773910518623074495e+01
8.836801522468692838e+01
8.959170048731141378e+01
9.024713964226600638e+01
9.109735523752704012e+01
9.230861661342407842e+01
9.365343527278901092e+01
9.388681287461349712e+01
9.393757216810638511e+01
9.495781784527423497e+01
9.704149417687153800e+01
9.761648291197934668e+01
9.828777498719182404e+01
9.939008449196410311e+01
1.003266340331385891e+02
1.011996288941494413e+02
1.025042101315506216e+02
1.028995430361189847e+02
1.040302766021160323e+02
1.064897892176943515e+02
1.077016108079916421e+02
1.091682744321608425e+02
1.099346377129796792e+02
1.109692962826393341e+02
1.126684298891575509e+02
1.146105467135078015e+02
1.163645532926622082e+02
1.166334693188823621e+02
1.175980683884594100e+02
1.176293891563168472e+02
1.190297289517502577e+02
1.211248099181481166e+02
1.214068171452104252e+02
1.221516098875699754e+02
1.229705435564380878e+02
1.242290344105027771e+02
1.247413392968346670e+02
1.253981039280762388e+02
1.266941330442127764e+02
1.271828785025478510e+02
1.287181973857256025e+02
1.295515906903286805e+02
1.301231631724897397e+02
1.314892449849235163e+02
1.336905025580920210e+02
1.344414249254579090e+02
1.349517740443436651e+02
1.359607831594169056e+02
1.374256136725987290e+02
1.381124022684055035e+02
1.392797330730214753e+02
1.399220624978391925e+02
1.407760717028419322e+02
1.414287342000243370e+02
1.418185526827733156e+02
1.429955787565892251e+02
1.438959951405350921e+02
1.444412947508568550e+02
1.454197473033746064e+02
1.469906619215273622e+02
1.481499587165602634e+02
1.491402918241798261e+02
1.501183946433887968e+02
1.508914467016476237e+02
1.528332010379872372e+02
1.534764520897293778e+02
1.541863860593133495e+02
1.543741697540623363e+02
1.554885713272565226e+02
1.563593944278920844e+02
1.572278462475125025e+02
1.577809694036401424e+02
1.586675001333950377e+02
1.596932042816490593e+02
1.609960465011160977e+02
1.619303084203791059e+02
1.632081132269690897e+02
1.639398168821392119e+02
1.645600907225076526e+02
1.659607359544825158e+02
1.671142444631834678e+02
1.679558664399664849e+02
1.698494973244238508e+02
1.705447588793547311e+02
1.729208644375842141e+02
1.730315521600422244e+02
1.751793564104780216e+02
1.757665977676451803e+02
1.770823358959333973e+02
1.774788085853247139e+02
1.777754277050732981e+02
1.788108110056480200e+02
1.798249690169316182e+02
1.799688303792660236e+02
1.819754779862311125e+02
1.824082888767611621e+02
1.837811294740524772e+02
1.846511923009693419e+02
1.855765553024458541e+02
1.866264444484557998e+02
1.879270697113113329e+02
1.884485979404159934e+02
1.899187647470536149e+02
1.906806566290541696e+02
1.911321700493210756e+02
1.925563556731784729e+02
1.940576158794043522e+02
1.942668465786190382e+02
1.946044035742750111e+02
1.969233056717749832e+02
1.987352293623554260e+02
1.993893275396603713e+02
2.007139112781542281e+02
2.017099589019826453e+02
2.021321811679051734e+02
2.028663982298736528e+02
2.040886983577727278e+02
2.042861388261615048e+02
2.048094997095649887e+02
2.058563889529250446e+02
2.072820876599681696e+02
2.090585250387804308e+02
2.102718817751399456e+02
2.106046031625639898e+02
2.124327588821501536e+02
2.131768315813543495e+02
2.137215315311344170e+02
2.148466239397455411e+02
2.157923617156335467e+02
2.165464836689778281e+02
2.171043684898590982e+02
2.175986165332767541e+02
2.189981396736357055e+02
2.202010956991305193e+02
2.205375373873899889e+02
2.211103099117526654e+02
2.231980020019123572e+02
2.242735120052663547e+02
2.257854426731379931e+02
2.273717686544256367e+02
2.282490716543078406e+02
2.307204942265378236e+02
2.313598243867879773e+02
2.322119032617184757e+02
2.335415031404612023e+02
2.339623908819805251e+02
2.355824828540122553e+02
2.362707391864397550e+02
2.369673754165800119e+02
2.375414678401440369e+02
2.384667674083000293e+02
2.401741608082602966e+02
2.403545473657186449e+02
2.408763190610836773e+02
2.418217283998404241e+02
2.429069557175681666e+02
2.432678266844361019e+02
2.460231151082986116e+02
2.467543268482426129e+02
2.479536042508186142e+02
2.483863764246374899e+02
2.489188235860316354e+02
2.504987050591996649e+02
2.519045889585280520e+02
2.521277640923373724e+02
2.529336072058753189e+02
2.538170727002047897e+02
2.550711214355883385e+02
2.552927833642997371e+02
2.560107035217000657e+02
2.566099897794878757e+02
2.576788853348500083e+02
2.597677658844076518e+02
2.600587538029053007e+02
2.616599921532355211e+02
2.628869137649523395e+02
2.643592127116650090e+02
2.655619002923028233e+02
2.657624287376913230e+02
2.672010889723628111e+02
2.687891510925414877e+02
2.699401577304610100e+02
2.702326121119117488e+02
2.714772354368235483e+02
2.722779312077144596e+02
2.734887986204598747e+02
2.745627262314254153e+02
2.750452389996143552e+02
2.757439446974551061e+02
2.775423039944017773e+02
2.784932445218244084e+02
2.804849008716303160e+02
2.810314198939338439e+02
2.817805431886170595e+02
2.824908709562456579e+02
2.831891287948125182e+02
2.839180207530553162e+02
2.851766323735596416e+02
2.867346807584366957e+02
2.870938226497675601e+02
2.888878904832095600e+02
2.898976444497229750e+02
2.910591413900467614e+02
2.927610175045627443e+02
2.931764770016040416e+02
2.942467646036272981e+02
2.951625348019214243e+02
2.956305041663987936e+02
2.970605797930850258e+02
2.983334131850886024e+02
2.985254265406553600e+02
2.996961457619187854e+02
3.005351174388630966e+02
3.011164505310931645e+02
3.022240675812267341e+02
3.033901752213705549e+02
3.039761176685511828e+02
3.054300522427900546e+02
3.058478518020488650e+02
3.062293251674586827e+02
3.068991515859125911e+02
3.079905743799615720e+02
3.085673194299887427e+02
3.098054199637305715e+02
3.107801000524224264e+02
3.118400931483744785e+02
3.127222210213972176e+02
3.136473167935964170e+02
3.143093300498997564e+02
3.155159063593772544e+02
3.171505644130992323e+02
3.183508644270000332e+02
3.192533706252041839e+02
3.208086596652088929e+02
3.221491310360065086e+02
3.233633043106548826e+02
3.242386010683189284e+02
3.254253748139965978e+02
3.255883417692264175e+02
3.275485642020574346e+02
3.280714626801780582e+02
3.286249109828800101e+02
3.296808076769791569e+02
3.308143078339458043e+02
3.321674447583287133e+02
3.337952133207143675e+02
3.347096377395694162e+02
3.349441544356328677e+02
3.369400186962243424e+02
3.379588078461644045e+02
3.385439365830570182e+02
3.391637776135956983e+02
3.396268429065827945e+02
3.409303505936548504e+02
3.418337721784502605e+02
3.421290700981532495e+02
3.428419889581250004e+02
3.444828261982511890e+02
3.453393104752910858e+02
3.460679708155752792e+02
3.466536645066653932e+02
3.486154059328868016e+02
3.501150589973586875e+02
3.506201916897805404e+02
3.519665320093002947e+02
3.530209249169204782e+02
3.539412037626711367e+02
3.544444895516560337e+02
3.551248185133814559e+02
3.569194835404792912e+02
3.580415003535164260e+02
3.586152609237215074e+02
3.591878361757237599e+02
3.608503767649885958e+02
3.618731673820764740e+02
3.625093084951161586e+02
3.635537971552770955e+02
3.649054319353307960e+02
3.654714172049427248e+02
3.660043799003170761e+02
3.672302463009490339e+02
3.685123338113720592e+02
3.692032956127543457e+02
3.704540409463181163e+02
3.718017933996013653e+02
3.728136256323221005e+02
3.732929901621063777e+02
3.745374353311008804e+02
3.756930459706258603e+02
3.767557243448213740e+02
3.783039361945153587e+02
3.787945669351029210e+02
3.804823413039874822e+02
3.808156590534150610e+02
3.818325301611402551e+02
3.825938782119472990e+02
3.829489199489401017e+02
3.837668673756241446e+02
3.863747078528638781e+02
3.874741692290210722e+02
3.885481745069749309e+02
3.891047763903308123e+02
3.900416172524826379e+02
3.914471604031198808e+02
3.920098181790057765e+02
3.943678598916070541e+02
3.951638950605387777e+02
3.958325463085453180e+02
3.964850491149763343e+02
3.977578022264099218e+02
3.982481440526402139e+02
3.985223495009405497e+02
3.998136114629501208e+02
4.007326827031088214e+02
4.014362719519225493e+02
4.024416589050255766e+02
4.028553700096591115e+02
4.046314539025070189e+02
4.057511308917665929e+02
4.065280024113305899e+02
4.072826522722904770e+02
4.084898676994567381e+02
4.105310990187716129e+02
4.119072016405285126e+02
4.126998536306867322e+02
4.132684638444602570e+02
4.149753047918660513e+02
4.151216469987163009e+02
4.168236515831978295e+02
4.172346005427434648e+02
4.179929512583460109e+02
4.190246351683626358e+02
4.194217348810411750e+02
4.205355626540426783e+02
4.207057515207325196e+02
4.228949892998113000e+02
4.238055076440604694e+02
4.250441885225851593e+02
4.259167708427106049e+02
4.263985955576061997e+02
4.274728028366860713e+02
4.294197965236974142e+02
4.311305743270449398e+02
4.314157863680034666e+02
4.329475967991819516e+02
4.340451723445975745e+02
4.343788782213359809e+02
4.354442359713247015e+02
4.359838092659143740e+02
4.368765339141241952e+02
4.373718138858225757e+02
4.395584197390961663e+02
4.405649883378785034e+02
4.411252509143847078e+02
4.421708443241134887e+02
4.429532222934877268e+02
4.433411685887903673e+02
4.437879454518235889e+02
4.457069580113155780e+02
4.468666907998488114e+02
4.481927296071347087e+02
4.485699556277132274e+02
4.495491720639587356e+02
4.510580118433750272e+02
4.523332811152993145e+02
4.529044300662322371e+02
4.545018512548197691e+02
4.549489610092081762e+02
4.567125430750634223e+02
4.573762504245963783e+02
4.584262429147858029e+02
4.584361130474815127e+02
4.611309287264260206e+02
4.614691473675385396e+02
4.625951454536546521e+02
4.634150237962550705e+02
4.640141333216373027e+02
4.654941161068595648e+02
4.666065197232781543e+02
4.674816993896204735e+02
4.685993006676427513e+02
4.699984305126193931e+02
4.703775205872556171e+02
4.718533332873792006e+02
4.737420433435548830e+02
4.744818008822891215e+02
4.757093592411056306e+02
4.762162990618661524e+02
4.771467471545817034e+02
4.782131821407168673e+02
4.786851612769425515e+02
4.801596721508936412e+02
4.808850066935258383e+02
4.818171199732685182e+02
4.826171904287738244e+02
4.832793029157195406e+02
4.841006540332971326e+02
4.850955347484041909e+02
4.861838685784167069e+02
4.869244216403171777e+02
4.876063209748715508e+02
4.886368835039962732e+02
4.894504712740890682e+02
4.913457093251320202e+02
4.923785732558084192e+02
4.941267299746747312e+02
4.947048083143691883e+02
4.950368554896855358e+02
4.956603120653862788e+02
4.966245274933568794e+02
4.980522878015597144e+02
4.989768928518973894e+02
4.995225795028069342e+02
5.012461027939403948e+02
5.024251005868609923e+02
5.026207185062380631e+02
5.032985845231397661e+02
5.047037838105445076e+02
5.059041956874222592e+02
5.064702238838501671e+02
5.078030219707690094e+02
5.087632109946594596e+02
5.095527194605498380e+02
5.104227965571676577e+02
5.113026510025708831e+02
5.120417309657782425e+02
5.134256925079362190e+02
5.164964160797184149e+02
5.166942132528112097e+02
5.171680123675755567e+02
5.181258484309266805e+02
5.192460643551755766e+02
5.197796189357115964e+02
5.215186976985216916e+02
5.221941672715611276e+02
5.231147182679924299e+02
5.235127437486756889e+02
5.240448000096278065e+02
5.253385817942786389e+02
5.267428586220827356e+02
5.274569301070264373e+02
5.282688441815561191e+02
5.301601777231662709e+02
5.312936541439656821e+02
5.319627716518202760e+02
5.328451162556657437e+02
5.340983241616926307e+02
5.351920101354517101e+02
5.354186622967577023e+02
5.359002550058345378e+02
5.359776605444506004e+02
5.375718306483336164e+02
5.378005544558939164e+02
5.389082081640682418e+02
5.402174749324644836e+02
5.414013214123049238e+02
5.415567839411703517e+02
5.424831112138454046e+02
5.438664103414341753e+02
5.449857609435416634e+02
5.454084632985448025e+02
5.464686098486879473e+02
5.486654871975001697e+02
5.491617253764846964e+02
5.508603468978184310e+02
5.519271417531595034e+02
5.529611371829660129e+02
5.541979790129703360e+02
5.551266403665081270e+02
5.558223456236552238e+02
5.560566638826444432e+02
5.582756327665712206e+02
5.597144408706607237e+02
5.605835754454765265e+02
5.613977639470954273e+02
5.623476416065590229e+02
5.637386446446553236e+02
5.645713674285684647e+02
5.657695325051846567e+02
5.669457283861211181e+02
5.682079680683377774e+02
5.703512033208634193e+02
5.710815150948756127e+02
5.723369545883658702e+02
5.737105336539104883e+02
5.743215175997179358e+02
5.756772481811331090e+02
5.763908174998358618e+02
5.773650203951763160e+02
5.779675063346523984e+02
5.787360205684383345e+02
5.798724835013475740e+02
5.807293157026415429e+02
5.816294701852364142e+02
5.826506893910022882e+02
5.849407652544080065e+02
5.865457930135512470e+02
5.867576613904477654e+02
5.872649880209073672e+02
5.883367151632404557e+02
5.894452169844175842e+02
5.900769588601776832e+02
5.912487370864321292e+02
5.917193490934132569e+02
5.939235299584870518e+02
5.957741314861677893e+02
5.966336229909919666e+02
5.978355014202826396e+02
5.986252517740681469e+02
6.000732492278000336e+02
6.005748713000068619e+02
6.014935101247768898e+02
6.019705007572304112e+02
6.026029477002961130e+02
6.035542762403899815e+02
6.038126960010957873e+02
6.048690358098128854e+02
6.062703981083570852e+02
6.066906236399175896e+02
6.075221695835207356e+02
6.079573191675564203e+02
6.091002618456857363e+02
6.093521485891286602e+02
6.108522098018555653e+02
6.116164775027179985e+02
6.129300749516718270e+02
6.146290338469294738e+02
6.150302531769682446e+02
6.162978907243925732e+02
6.168676694802883276e+02
6.174770979088718832e+02
6.186643734356548521e+02
6.195904884311657952e+02
6.197314419863355397e+02
6.212473351045049412e+02
6.224058433701416106e+02
6.231823092227015195e+02
6.236127312769942819e+02
6.249109328476596374e+02
6.253803104235828414e+02
6.264301283726671272e+02
6.267822459623539544e+02
6.285365995782133268e+02
6.292927503715228568e+02
6.310551915571114705e+02
6.327607130663805037e+02
6.329041614557224875e+02
6.337560280235530854e+02
6.350644110648415790e+02
6.355024184145208892e+02
6.360139502269977356e+02
6.377491943688116862e+02
6.392075200309415095e+02
6.400560993244459951e+02
6.407435685726436532e+02
6.431156765550688306e+02
6.433855235956359593e+02
6.442222658489399691e+02
6.450699573607300863e+02
6.466566169900593195e+02
6.473170442770713180e+02
6.477532933614875219e+02
6.493202915572727534e+02
6.508605365024079674e+02
6.510485848689854720e+02
6.530809412795591697e+02
6.540771788679969632e+02
6.547435760951660768e+02
6.560987993104757834e+02
6.576388154506284991e+02
6.580868828740639174e+02
6.590079291381094890e+02
6.600139853599526987e+02
6.615582207840219553e+02
6.628180531061490228e+02
6.629998070460560484e+02
6.638460640013860257e+02
6.654889818715995489e+02
6.670053959530565635e+02
6.675779451367653792e+02
6.686161212165791312e+02
6.698433535300002859e+02
6.710438274756005512e+02
6.720370688164344983e+02
6.735291471781264363e+02
6.741499892931783506e+02
6.748944150178563177e+02
6.759064244684282130e+02
6.760447455216252592e+02
6.765565962037547934e+02
6.778643475271481975e+02
6.793033938358398700e+02
6.797045793971296916e+02
6.803082804991370267e+02
6.808638081196648955e+02
6.814560341769933984e+02
6.826002456707137753e+02
6.832736024124344567e+02
6.842765146140889101e+02
6.846187664784556546e+02
6.863581592952232313e+02
6.871292836580412313e+02
6.884002618876751285e+02
6.905319137177168614e+02
6.924749533996848641e+02
6.928605714422295705e+02
6.936583515870192969e+02
6.942807807505438404e+02
6.947886780367957726e+02
6.964648890690385770e+02
6.971739426709951886e+02
6.983310538742491644e+02
7.005796211224534318e+02
7.010532757484742206e+02
7.028375788581980714e+02
7.042689357255223968e+02
7.047634714798302866e+02
7.053974942526217546e+02
7.067052454948100149e+02
7.075360600543548344e+02
7.082002497455191588e+02
7.096782251094678031e+02
7.109089754004853603e+02
7.118676014289948171e+02
7.125535529637229502e+02
7.142967988310239207e+02
7.154488553562614470e+02
7.161061412504759573e+02
7.165599326430583460e+02
7.175546749729069234e+02
7.179610416013998702e+02
7.189711596895207322e+02
7.210590082814603647e+02
7.217335207138277156e+02
7.228864938821188844e+02
7.236692512389585090e+02
7.249695435976717590e+02
7.255450829584408439e+02
7.270903668750024735e+02
7.273952190641306288e+02
7.281424526830362538e+02
7.288104654545043104e+02
7.303380404130222132e+02
7.315327057410218003e+02
7.326200571305644189e+02
7.333240597700047374e+02
7.337138542223560762e+02
7.354766139165919867e+02
7.360103861710334741e+02
7.377248932146516154e+02
7.378027904969753763e+02
7.389777938380997284e+02
7.397121340732483077e+02
7.406956644101994698e+02
7.418516234188102771e+02
7.427167218095254384e+02
7.431022555573611044e+02
7.445189019261391650e+02
7.457754709932269179e+02
7.475986681543088253e+02
7.487384957101199916e+02
7.493275061456000685e+02
7.497137076368570661e+02
7.512842224252998449e+02
7.519202834863908720e+02
7.529299166331410333e+02
7.530652039575589924e+02
7.548881694694943008e+02
7.559775629664936787e+02
7.564344133629788303e+02
7.571442150973464322e+02
7.585707024829907823e+02
7.599049117620384095e+02
7.611276091241887798e+02
7.616919979891622461e+02
7.618383673255954136e+02
7.639793944737073161e+02
7.646558854657687334e+02
7.655694393297200122e+02
7.671060571236776013e+02
7.681841449735219385e+02
7.692594224601214137e+02
7.695266568173833548e+02
7.701732386299788686e+02
7.717907224670034338e+02
7.723269342219545024e+02
7.728009394974631050e+02
7.743331019491038205e+02
7.747754727238241230e+02
7.762405223218503352e+02
7.774524081187091724e+02
7.781786971552199930e+02
7.804488454298352735e+02
7.814038529079529098e+02
7.822635477330809408e+02
7.837798579989838572e+02
7.842198295388553788e+02
7.857140247687455030e+02
7.865039546559870587e+02
7.874587295832352538e+02
7.880680843382638159e+02
7.896953504152271535e+02
7.907203791766213499e+02
7.908804225413553013e+02
7.926357352900870410e+02
7.930731510114045477e+02
7.943092708497083549e+02
7.948294524025939154e+02
7.958531435904172895e+02
7.963546415453139389e+02
7.973719798455708769e+02
7.979874609053306358e+02
7.983951996577868613e+02
7.996783557184187430e+02
8.017969894533845263e+02
8.034245851673761081e+02
8.053953601735607890e+02
8.057528206075352273e+02
8.066334848594376581e+02
8.071754162050390278e+02
8.083215888116654924e+02
8.091085849304993189e+02
8.100697190220480479e+02
8.107770808748983882e+02
8.122164760825708072e+02
8.123376125964371113e+02
8.133291855956236986e+02
8.152775292179012467e+02
8.163305710996935431e+02
8.179091559080768548e+02
8.196358797866763553e+02
8.205529862301174262e+02
8.217352165678653364e+02
8.221561356209956557e+02
8.228302405107799586e+02
8.237350803437432205e+02
8.245553035835396258e+02
8.262567599846250914e+02
8.266398004829691217e+02
8.271637113336778384e+02
8.286704241761188996e+02
8.291110357979123364e+02
8.297949277715775906e+02
8.316643140587343623e+02
8.322991714010222495e+02
8.336422006029338263e+02
8.341685442624866482e+02
8.347608460987569288e+02
8.362369955767748024e+02
8.369054050603467658e+02
8.373275185584011524e+02
8.388351406801723442e+02
8.399107398474797037e+02
8.405363250346983932e+02
8.413028674618529976e+02
8.423081334924455632e+02
8.431710099069762236e+02
8.433016788246093256e+02
8.457965439315223648e+02
8.462003188211880342e+02
8.467283982419951371e+02
8.477497827707701390e+02
8.487124037081558754e+02
8.496036404023570867e+02
8.507856218711399379e+02
8.516046944240899848e+02
8.527726600995210902e+02
8.542460728808285921e+02
8.563232654054170325e+02
8.571416637449913196e+02
8.577323688591573045e+02
8.582887568324633776e+02
8.594399357213172834e+02
8.604852826042069864e+02
8.623994933993800487e+02
8.625194368078230127e+02
8.633765712864653779e+02
8.642139034132762845e+02
8.661124764640583180e+02
8.671820947080071846e+02
8.678824286808746820e+02
8.690379028797585761e+02
8.700417086774534710e+02
8.704593209379412428e+02
8.726335366975931720e+02
8.729567103822017771e+02
8.732944528105542759e+02
8.737323833487869251e+02
8.759675507947054030e+02
8.763397680883215344e+02
8.776664226898459447e+02
8.787801216442489931e+02
8.797162010447941611e+02
8.809065082744430129e+02
8.820346517808146700e+02
8.839351654852052889e+02
8.846902102244744128e+02
8.851484526412266405e+02
8.860443264234471599e+02
8.865837483831631971e+02
8.870078335295288525e+02
8.892722119575266788e+02
8.902733597323929189e+02
8.912794814370065524e+02
8.914487998351055467e+02
8.939252429841035337e+02
8.946288230289387684e+02
8.951024758109501818e+02
8.967514952527886862e+02
8.989208939823317905e+02
8.997599967407392114e+02
9.016720492074226740e+02
9.019761677709794867e+02
9.021133991224404554e+02
9.034766851462215982e+02
9.053084290505204308e+02
9.064414086584696406e+02
9.067705211210578682e+02
9.071212223855862931e+02
9.091164439642134312e+02
9.094813429897882315e+02
9.101727827622175937e+02
9.109919223059022215e+02
9.119949684707171400e+02
9.123768015212430100e+02
9.138543024801914498e+02
9.141198425062950719e+02
9.153222333538647035e+02
9.161998435575626445e+02
9.179802339527861932e+02
9.184519299838975712e+02
9.195443931435461309e+02
9.205566508290598904e+02
9.209016418233494505e+02
9.222301690946263761e+02
9.226892394649265725e+02
9.228365722692960844e+02
9.238901117872610484e+02
9.260085473485788725e+02
9.265236189619756715e+02
9.270275942211719666e+02
9.279048416393172829e+02
9.293434161391508042e+02
9.306687221842444160e+02
9.311774673824756974e+02
9.320770093422999025e+02
9.321823940070504477e+02
9.339264604707052513e+02
9.350559880460212980e+02
9.354402371800574656e+02
9.370971133096006724e+02
9.379504365962678776e+02
9.382487286509640398e+02
9.394191857639564205e+02
9.403556593391597289e+02
9.412136083295295066e+02
9.416644091531798040e+02
9.434268514643038088e+02
9.444695188625714763e+02
9.459304151122685198e+02
9.470441527047175896e+02
9.479239915047007798e+02
9.491466260181655343e+02
9.496543070129780517e+02
9.510377756183474958e+02
9.519827561622969370e+02
9.528602226651059937e+02
9.536050445442243699e+02
9.556911341084531841e+02
9.565332965340510327e+02
9.574683720081314959e+02
9.581683521723556396e+02
9.596649699852570166e+02
9.609571834199252862e+02
9.623810289460507192e+02
9.633019379968889098e+02
9.654452830468233060e+02
9.659803182683286877e+02
9.668789584374342212e+02
9.675965792820916249e+02
9.695325083692987391e+02
9.702973479388589340e+02
9.715977798193241597e+02
9.721480510458009121e+02
9.723127801480798098e+02
9.732764455072262990e+02
9.741800208082972858e+02
9.752951311063579851e+02
9.762534999843855985e+02
9.770280067975249949e+02
9.791901481583938676e+02
9.794628585980751723e+02
9.807040440367247811e+02
9.817492707375583905e+02
9.828425774067629845e+02
9.838101841809873349e+02
9.854420248989542870e+02
9.860685049741156263e+02
9.865426394529406480e+02
9.879063829407467665e+02
9.885240708573987831e+02
9.893917839480343446e+02
9.905803259305160964e+02
9.913562062950304608e+02
9.928093970351055759e+02
9.936785070399284905e+02
9.944405518379371642e+02
9.950268953539473387e+02
9.958409986325693808e+02
9.978739222736619467e+02
9.979327612033489459e+02
9.981686308054422625e+02
9.989149521425622424e+02
9.991088764887208526e+02
1.001306235125209469e+03
1.002821718094224252e+03
1.003771026625005561e+03
1.005607713960975161e+03
1.007595527095697662e+03
1.008472309158131566e+03
1.009667087450414328e+03
1.010546752785923672e+03
1.011136362075561919e+03
1.012797534068644723e+03
1.013409641936032131e+03
1.013792782769327459e+03
1.014832405135283580e+03
1.016084364456466915e+03
1.017014387081222253e+03
1.017727981559316731e+03
1.018447957671246968e+03
1.019123366755810935e+03
1.019920073476047833e+03
1.020978594667751850e+03
1.022189824363129105e+03
1.023332342386342589e+03
1.024031963412614914e+03
1.024692403012363457e+03
1.025124421377182898e+03
1.025611850902782862e+03
1.026765093236908342e+03
1.027116535469908285e+03
1.028303674068589999e+03
1.029202034394917519e+03
1.030001534736991061e+03
1.032471034963837383e+03
1.032968471479811569e+03
1.033311255811646788e+03
1.034130135546876318e+03
1.035330716498740003e+03
1.036622367894260378e+03
1.037551010602908264e+03
1.038043923018299665e+03
1.038679217407909164e+03
1.040964919146204466e+03
1.043554764273654428e+03
1.043953508659501722e+03
1.044383066555993992e+03
1.044516369386512679e+03
1.045657935654072844e+03
1.046908213464781738e+03
1.047910715802849609e+03
1.050644425621298979e+03
1.050867174482597875e+03
1.051545231192037818e+03
1.051905882595646972e+03
1.053011198742504803e+03
1.054403168679871442e+03
1.056705387537186198e+03
1.057577853120919372e+03
1.058433300006826357e+03
1.059851680161969398e+03
1.061284054778150676e+03
1.061476638850525660e+03
1.062329227686310333e+03
1.063934940662752524e+03
1.064716118078725231e+03
1.065170245664750837e+03
1.065937942391423576e+03
1.067198098378864415e+03
1.068194247625356411e+03
1.069557579540781717e+03
1.069799091704665216e+03
1.071575657007876998e+03
1.072404129454452686e+03
1.073794876718681280e+03
1.074362158449411709e+03
1.075141785202789151e+03
1.078249556960538939e+03
1.078570442583200020e+03
1.078841808454613783e+03
1.080278610920303436e+03
1.081187661831125297e+03
1.081503359210401868e+03
1.083062945317768026e+03
1.084983465257507078e+03
1.085071801592990596e+03
1.086685955016389698e+03
1.087269838028503273e+03
1.088970841074317832e+03
1.090113112114946944e+03
1.090508181434240669e+03
1.091645209052266182e+03
1.092489909966680898e+03
1.092724745364678483e+03
1.093936491892892718e+03
1.094060758312261669e+03
1.094649812752025355e+03
1.096139853710025591e+03
1.096828178294112604e+03
1.097926964427700796e+03
1.098602236199619711e+03
1.099233056999554719e+03
1.100252095637741604e+03
1.100609008071069184e+03
1.102200346278457801e+03
1.102745030218172815e+03
1.103128464355857204e+03
1.104703596974134598e+03
1.105450973850250648e+03
1.105851574751393400e+03
1.106423952900439190e+03
1.107019610729395936e+03
1.109075836521091787e+03
1.110729866652877263e+03
1.111479056613589137e+03
1.113475865158093484e+03
1.115155086619919985e+03
1.115639736835265467e+03
1.116918348654827241e+03
1.117388454604433718e+03
1.119135670196962110e+03
1.120891095312006655e+03
1.121471315684208093e+03
1.122343026049230957e+03
1.123193775354879108e+03
1.124036609495500215e+03
1.125035698403912875e+03
1.125188123944104063e+03
1.125782373689329006e+03
1.127228455393603781e+03
1.129781281698618159e+03
1.131337254248240697e+03
1.131753044532210424e+03
1.131956915040870626e+03
1.132648007642538687e+03
1.134388352056476378e+03
1.135071447909964718e+03
1.136488827029260392e+03
1.136990111482370367e+03
1.137824638078153839e+03
1.138703644397692869e+03
1.139523837974044454e+03
1.141637753029461464e+03
1.142633888222441101e+03
1.143143626144544669e+03
1.144191403786040155e+03
1.145089116905429819e+03
1.145622962792780527e+03
1.147270804486710858e+03
1.149271868607127089e+03
1.149410395900110871e+03
1.149602283717309547e+03
1.150806504913473191e+03
1.152198389723716446e+03
1.152825744894873878e+03
1.153932171485153731e+03
1.154790102134422114e+03
1.156191838097305663e+03
1.157120223527461803e+03
1.157932928103603444e+03
1.158960898723168384e+03
1.159232758132922299e+03
1.159887584890555445e+03
1.162711259524751085e+03
1.163204106361489039e+03
1.164023426866819591e+03
1.166106663125319756e+03
1.167121310270582853e+03
1.168082237647815418e+03
1.168817201640619032e+03
1.169728253726618505e+03
1.170905904493730304e+03
1.170972774103628808e+03
1.172389333813163375e+03
1.173446962098262475e+03
1.175030509080579350e+03
1.175104683936628362e+03
1.176215219885491933e+03
1.177282137003423713e+03
1.178360431026746710e+03
1.178478318993330276e+03
1.180225137910363628e+03
1.180980050715639891e+03
1.181351692888245680e+03
1.182226915997939159e+03
1.182942257151416470e+03
1.183235291796983120e+03
1.184232619246060040e+03
1.185519208267573504e+03
1.187455147439941584e+03
1.189026509827481732e+03
1.189998143744821846e+03
1.191293633203152922e+03
1.192423926144884263e+03
1.193340067549009291e+03
1.194316285383501508e+03
1.195397126401765718e+03
1.195691318441540261e+03
1.196472537640202972e+03
1.197552548851012716e+03
1.199308023535283382e+03
1.200217991501651795e+03
1.200826483201853534e+03
1.201171185486064587e+03
1.202307309642157634e+03
1.203231869037243996e+03
1.204196031653603995e+03
1.206809483834803814e+03
1.206952236757635546e+03
1.207734560771089946e+03
1.208136684863143273e+03
1.209664656484071202e+03
1.211628054964774037e+03
1.212521804302376495e+03
1.213646251918930375e+03
1.215172115212521703e+03
1.215592552250427389e+03
1.216411231895402807e+03
1.218356224792014245e+03
1.218583875112819669e+03
1.220078489515243064e+03
1.220428688427447696e+03
1.221383129280180583e+03
1.222076720215167825e+03
1.223245694071592652e+03
1.223710850185810614e+03
1.225110091026787131e+03
1.225860840627861762e+03
1.226858870979208405e+03
1.227858917565614092e+03
1.228762455428176509e+03
1.230151353812275829e+03
1.230814088730146750e+03
1.231418956763212464e+03
1.232288950937771233e+03
1.232983060098689293e+03
1.234036241816705115e+03
1.235441008899423650e+03
1.235524153328702596e+03
1.237919663827982504e+03
1.239162924733588625e+03
1.240618993075531762e+03
1.241845605116419620e+03
1.242003994974424359e+03
1.243552054796773064e+03
1.243682999370057587e+03
1.245090146902165543e+03
1.245818411369633623e+03
1.247279037452634839e+03
1.248193414545507949e+03
1.249236925371365260e+03
1.250293390204030402e+03
1.251917730902481708e+03
1.252539263408601300e+03
1.252722796541210528e+03
1.253539358856858598e+03
1.254991355155891597e+03
1.255770581231967299e+03
1.256106317514601642e+03
1.257859304482835114e+03
1.259063924877385489e+03
1.259976342100702141e+03
1.261534693234414362e+03
1.261819552782966184e+03
1.262873400234807832e+03
1.263733838449651103e+03
1.265354238876932868e+03
1.266295991795991085e+03
1.267200701433253016e+03
1.268044837076027306e+03
1.268527852253414721e+03
1.269911868443900403e+03
1.270994055028815637e+03
1.272300137653936645e+03
1.272555457351181076e+03
1.273845155523184076e+03
1.275310367921765192e+03
