4.755448262409117888e+00
4.933320543349964282e+00
5.321372898556774089e+00
5.736328057957280180e+00
6.147117614432318078e+00
6.782547773447276995e+00
7.451884490820020801e+00
7.667024883088060960e+00
8.422955043590945934e+00
9.139348540546279764e+00
9.781334560636878450e+00
1.082677595649010982e+01
1.206234279873342530e+01
1.291130390926286964e+01
1.328962766434096920e+01
1.420679251911974461e+01
1.447819141348804806e+01
1.485593216693018803e+01
1.725656165509235507e+01
1.830201819440526378e+01
1.919875693842095643e+01
1.929204395748956813e+01
2.149161093244038057e+01
2.201969040058929750e+01
2.361246030491588499e+01
2.480600526193097721e+01
2.651336681067300560e+01
2.776421829935429741e+01
2.940777714252590158e+01
3.069522890941721016e+01
3.149667719229842078e+01
3.221681102844831912e+01
3.314430172649736051e+01
3.351048564988309408e+01
3.413238386427769910e+01
3.702120442102909692e+01
3.707659256575129803e+01
3.793780981318536760e+01
3.864438488412042716e+01
4.015297884812434859e+01
4.269919500426271952e+01
4.346003825808770671e+01
4.512684258512717861e+01
4.537046627420295408e+01
4.647468365098870891e+01
4.694116109651668012e+01
4.753052877977438584e+01
4.889862439839362196e+01
4.967691455013959967e+01
5.068227563704203931e+01
5.081738453072330230e+01
5.236643322717236515e+01
5.251223567887495847e+01
5.405957120566540652e+01
5.641484227658202144e+01
5.671547061231058251e+01
5.823921599104505731e+01
5.856459110458899886e+01
5.998075598655009344e+01
6.150138027051798417e+01
6.219815119242775836e+01
6.288625572884257053e+01
6.441512012675184451e+01
6.516941549031662362e+01
6.644194686458308752e+01
6.811969830822613403e+01
6.840373892899151542e+01
6.933993889113776277e+01
7.076205830173194045e+01
7.153396857784150598e+01
7.245973248780160247e+01
7.318518671432502742e+01
7.368660520895059562e+01
7.490590292227557256e+01
7.561740117096701397e+01
7.585085481383521255e+01
7.697021928417643721e+01
7.785776039387837955e+01
7.880275099332516220e+01
8.011522117552658528e+01
8.087466369935168586e+01
8.141460338795536700e+01
8.281534103581793715e+01
8.289216490648095714e+01
8.477128749105281713e+01
8.619064092687062839e+01
8.699381498640013888e+01
8.711779250533550112e+01
8.903912274779804648e+01
8.964801420503090412e+01
9.038294778829822462e+01
9.120042733909008348e+01
9.179963337021808911e+01
9.389597275752066707e+01
9.445728742529263400e+01
9.495913653901106954e+01
9.661583498345225962e+01
9.755942278932661793e+01
9.907513816301093357e+01
9.939468774873580514e+01
1.005233755055010079e+02
1.013793113360839016e+02
1.020901153715542478e+02
1.029777486975965530e+02
1.038537540551783422e+02
1.043797294665123445e+02
1.062847651943907294e+02
1.084717639564014462e+02
1.087631363659852468e+02
1.098167282955562314e+02
1.107455969149780231e+02
1.120386274190166205e+02
1.131429766950654994e+02
1.142563094711479152e+02
1.146139424602897634e+02
1.158026113946491478e+02
1.161406722538511076e+02
1.172074362396369906e+02
1.181753854227240481e+02
1.192094794174702201e+02
1.206022831156924440e+02
1.211633914976291635e+02
1.217568572073150790e+02
1.233877945082742826e+02
1.242788883482753590e+02
1.249737958452910789e+02
1.266556977186671702e+02
1.280263062473268292e+02
1.288513538389322548e+02
1.294630164671323200e+02
1.311041317973008518e+02
1.320134356008177292e+02
1.323991313591136532e+02
1.330611477822510551e+02
1.337563730847471106e+02
1.340913864767303494e+02
1.351851529861178278e+02
1.373891964595845820e+02
1.384043195600677336e+02
1.398314126220407161e+02
1.412401101552377440e+02
1.420181433359027778e+02
1.428341979252588771e+02
1.436279135279178263e+02
1.440707090877688188e+02
1.442720615362013632e+02
1.457763652769208420e+02
1.468328747048515197e+02
1.472562035491205279e+02
1.484650855752072403e+02
1.490131100046153279e+02
1.504606094567222954e+02
1.522525006924079207e+02
1.530367436418057423e+02
1.535166704433811447e+02
1.545195703154795410e+02
1.561324537803943713e+02
1.573639844324166006e+02
1.575457783453064167e+02
1.600389941333505703e+02
1.610071127939436337e+02
1.626886727081891877e+02
1.633343108791095801e+02
1.644938082023197694e+02
1.653110810709745238e+02
1.658940919244600991e+02
1.664527309265802160e+02
1.675559138966593764e+02
1.691448816573883960e+02
1.701728160558557192e+02
1.716579579505553284e+02
1.725872130378306792e+02
1.734040035337643531e+02
1.740670734090367660e+02
1.759522804730538610e+02
1.763613839219387955e+02
1.774552438876114593e+02
1.787165524648228256e+02
1.798098727809519914e+02
1.809401186480552042e+02
1.815314854332484629e+02
1.819743379783797081e+02
1.830443054444576774e+02
1.845746894622757281e+02
1.864004631629488813e+02
1.866846491188034634e+02
1.878326112828340229e+02
1.893926100458004385e+02
1.898800300186787808e+02
1.899819496237348631e+02
1.913893772200065087e+02
1.928057091319908523e+02
1.934657024704622472e+02
1.944529427348400077e+02
1.955808208099508647e+02
1.962607729083035792e+02
1.969049239120181483e+02
1.987206575987240740e+02
1.991685236253501898e+02
2.007920756310072647e+02
2.013606084200484929e+02
2.027859184438136708e+02
2.044149883767929623e+02
2.051041281970665295e+02
2.066621253975215495e+02
2.075522523927411385e+02
2.084722176255859267e+02
2.091409417951037994e+02
2.105723055283103804e+02
2.116289582778442764e+02
2.132672418561251106e+02
2.140244966387840577e+02
2.151628819943516646e+02
2.160679295857021316e+02
2.169916132351179385e+02
2.185702846848498666e+02
2.198861136880836966e+02
2.200568674159342208e+02
2.210251379880292006e+02
2.214933541632910874e+02
2.230153237478878054e+02
2.235442699958873618e+02
2.246779692841839733e+02
2.253607760030124609e+02
2.264155955401333813e+02
2.277053896374011401e+02
2.279497186265200526e+02
2.286479069208940018e+02
2.302551284457165366e+02
2.305394832610968479e+02
2.318152529565786608e+02
2.319816256603128295e+02
2.339534484730129407e+02
2.353241451789247094e+02
2.354581187214596412e+02
2.356446386382835954e+02
2.376122801648311906e+02
2.387323400992072493e+02
2.400048694568827159e+02
2.414133544953590444e+02
2.419853762725517754e+02
2.426066781351398731e+02
2.435875742643213471e+02
2.454480270577687406e+02
2.464165457873016294e+02
2.471358585511104593e+02
2.475347197336586760e+02
2.490006441300831739e+02
2.493822483811497932e+02
2.495752345668838643e+02
2.507962470725644835e+02
2.532373836706085513e+02
2.538467740992659856e+02
2.544303795319804067e+02
2.559610710495080639e+02
2.568049627537714059e+02
2.572002224243333330e+02
2.576661678143373138e+02
2.599546473129619244e+02
2.612346192808186061e+02
2.616194501546349329e+02
2.626065500269928634e+02
2.629962914889056265e+02
2.642248759620556484e+02
2.646854576150858520e+02
2.651921344636516551e+02
2.663875426097974923e+02
2.673151990679521077e+02
2.685192200899659838e+02
2.692968231312793250e+02
2.698862599318274533e+02
2.706734390984825041e+02
2.720525008366635120e+02
2.731848979184287600e+02
2.736006527755932893e+02
2.748290364611193581e+02
2.753411965949269415e+02
2.763490981938546156e+02
2.772279039050758911e+02
2.784558356926961551e+02
2.788873436448936900e+02
2.802066260053659335e+02
2.810916120250462882e+02
2.832375583179393743e+02
2.841082477746581390e+02
2.848489654190282181e+02
2.852909965216535966e+02
2.854992676765775741e+02
2.868721721121205519e+02
2.873417977536651051e+02
2.874383451287574189e+02
2.888942418096864913e+02
2.900705985056599729e+02
2.914400919030254045e+02
2.920219852755994907e+02
2.928774818840843182e+02
2.938293956828740647e+02
2.958087397150825382e+02
2.976034451356856607e+02
2.978971300007967784e+02
2.989129256149444700e+02
2.995485673732598570e+02
3.004540579940264706e+02
3.019673462549333181e+02
3.025017510511959244e+02
3.047216723096453279e+02
3.049580561616382965e+02
3.054403424092859041e+02
3.070692337943748953e+02
3.082216357162210443e+02
3.086671836466025525e+02
3.097783957972887947e+02
3.105013695194290904e+02
3.118756063391901989e+02
3.122615103980981530e+02
3.137774666697775956e+02
3.142867564023106297e+02
3.161237676199316411e+02
3.163809888677476465e+02
3.190986872118605788e+02
3.193034402431069338e+02
3.204965562142729141e+02
3.222217748403454607e+02
3.231472189289190737e+02
3.253657923106623002e+02
3.257969499186190205e+02
3.267623669333227099e+02
3.271604022061790147e+02
3.284662614060741817e+02
3.296034270063012173e+02
3.316754978373614904e+02
3.325567757408264242e+02
3.337507357413924183e+02
3.348979193364129969e+02
3.351014179712567511e+02
3.360077138273545643e+02
3.379163688688067850e+02
3.385074059128116915e+02
3.392294232437452592e+02
3.406009111466335071e+02
3.413296469330684886e+02
3.426128380522545740e+02
3.434600846737296251e+02
3.446276245846254369e+02
3.454320808687566569e+02
3.457294024527650436e+02
3.474076117924216760e+02
3.483155104699483218e+02
3.497461500238180179e+02
3.506251524813940250e+02
3.513566107990814089e+02
3.522714880186763367e+02
3.532405894226019427e+02
3.551420744170595754e+02
3.553708117268663500e+02
3.566027330421316037e+02
3.577495856212976832e+02
3.589127564374628037e+02
3.593037570846406652e+02
3.613109203426322438e+02
3.626315851819579166e+02
3.636738661119838980e+02
3.647624465069238795e+02
3.657002880039740376e+02
3.672998189509405620e+02
3.678406841355374581e+02
3.686359647442354799e+02
3.692696930126171537e+02
3.706616600577287954e+02
3.713900338299247323e+02
3.722296446788968751e+02
3.735133120193806917e+02
3.744925510133625721e+02
3.756610858172241478e+02
3.761246420381251028e+02
3.773083683664733599e+02
3.777677277648540439e+02
3.783328260915025112e+02
3.799938162277896936e+02
3.805284871186388500e+02
3.825762224375566802e+02
3.833782480580728134e+02
3.842872214643284678e+02
3.852239849568284171e+02
3.859937358915585719e+02
3.870608828283807270e+02
3.877808954808538147e+02
3.887324901898355165e+02
3.890329366209771251e+02
3.903523867471958511e+02
3.923982643443669076e+02
3.927581945092879323e+02
3.935969407052741644e+02
3.944002024595447438e+02
3.960619731262033838e+02
3.961994097070339649e+02
3.967979067728142581e+02
3.983513893736885620e+02
3.990088863545900040e+02
4.000952938208065461e+02
4.014775970618445626e+02
4.021796948236769822e+02
4.032311374723733479e+02
4.036096124501686973e+02
4.050092734054785524e+02
4.060357651064380207e+02
4.062656063047631960e+02
4.080346659499152793e+02
4.106981251766085279e+02
4.110277164036970134e+02
4.117671736391914692e+02
4.127760480859110430e+02
4.133325367555326011e+02
4.153692796535433445e+02
4.161087859265346651e+02
4.168800752898471274e+02
4.173698567311112129e+02
4.183050341612649845e+02
4.198192401300354959e+02
4.201706978738541238e+02
4.206845337407855823e+02
4.217665806748539126e+02
4.238563017477365520e+02
4.246344180936964676e+02
4.258061936435517509e+02
4.265939953332365349e+02
4.270463216754872064e+02
4.282835677533771559e+02
4.295530967985880579e+02
4.307703154165649266e+02
4.312252287034029905e+02
4.332672863048051113e+02
4.339667781208634096e+02
4.345069529799279735e+02
4.348717780411166132e+02
4.359421688516574704e+02
4.364845829935122765e+02
4.386092678007553332e+02
4.400537424624806135e+02
4.408957698001215704e+02
4.415125606680605870e+02
4.421171907627619930e+02
4.430191615540290968e+02
4.442287050432466913e+02
4.444367677612531224e+02
4.453944213492452491e+02
4.464766871911999715e+02
4.471950114261844647e+02
4.489628848815693800e+02
4.511224900277179586e+02
4.518193254141974649e+02
4.525767737227740781e+02
4.530891759321350492e+02
4.542056496799104934e+02
4.555628761704560930e+02
4.562845479231602894e+02
4.575308150761470642e+02
4.577888513929226519e+02
4.589643070422232540e+02
4.592993447991309495e+02
4.602160977094083592e+02
4.614041309069998533e+02
4.617601826290674580e+02
4.637092201089735681e+02
4.645632972068328854e+02
4.647905400483848553e+02
4.653084938720705850e+02
4.671092565835203914e+02
4.678197430157954386e+02
4.690797984203904889e+02
4.694058490119618909e+02
4.708079843036446164e+02
4.726119956869990801e+02
4.735679513175675766e+02
4.742828420651781016e+02
4.757334650200557462e+02
4.762015988108760212e+02
4.778172663881036897e+02
4.784642308649411007e+02
4.791439054310994834e+02
4.810431456511387296e+02
4.818124720510018051e+02
4.828077600644141967e+02
4.834143569783905150e+02
4.845926836796813859e+02
4.864496688092181103e+02
4.871050574114697156e+02
4.881285545662501590e+02
4.889367784642104198e+02
4.903756749296762791e+02
4.906355109931323568e+02
4.921563285242107213e+02
4.944676175039110149e+02
4.958419050489526398e+02
4.968414514455287190e+02
4.978641414082940173e+02
4.986641503544904026e+02
4.994481768191883475e+02
5.006647825344539342e+02
5.014873193542546232e+02
5.016864388409294406e+02
5.021306774443180529e+02
5.036313445722387314e+02
5.048373644845075887e+02
5.054061300740986553e+02
5.068966986120490219e+02
5.081799264335904809e+02
5.092815474397061735e+02
5.100950444295963280e+02
5.105327515415747257e+02
5.118930181723399073e+02
5.127779322128017157e+02
5.136418056152595000e+02
5.144724536086939679e+02
5.154521523706641801e+02
5.163111165164896192e+02
5.170820716330931646e+02
5.176361244128813723e+02
5.187191241428954527e+02
5.208926251753998713e+02
5.215577883940381980e+02
5.226239282894334792e+02
5.229699444287077768e+02
5.238937535223224131e+02
5.252774036947728291e+02
5.260679969659183826e+02
5.267711977516084971e+02
5.270906251778735623e+02
5.282220195384493309e+02
5.295233093638489663e+02
5.306918093966132801e+02
5.320821493324076528e+02
5.326314339223429215e+02
5.328730513603181862e+02
5.342123803343108648e+02
5.350094887927382388e+02
5.357846689068635442e+02
5.367551303266925515e+02
5.373319229519067903e+02
5.382545014446839104e+02
5.401350013553835652e+02
5.407700007578177974e+02
5.412418320463807504e+02
5.429176814995564655e+02
5.432766742166577387e+02
5.445311189116173409e+02
5.455419263565336223e+02
5.468009700521799914e+02
5.475082260010233313e+02
5.483106997570503154e+02
5.502272991870447640e+02
5.512673853277906346e+02
5.518874993340591573e+02
5.537698041639564508e+02
5.549662553728880994e+02
5.566111084871713501e+02
5.569196781982288940e+02
5.586636846548849462e+02
5.593944408131449109e+02
5.612629868374640409e+02
5.616997574813547089e+02
5.622723968303994297e+02
5.641519114938805615e+02
5.643578376936923178e+02
5.653190646028695028e+02
5.665179861121566773e+02
5.670240160203504729e+02
5.687123571635947883e+02
5.692034071302007305e+02
5.705398722919767351e+02
5.714552224501644559e+02
5.721894458821423086e+02
5.729223523118680532e+02
5.735622662847438278e+02
5.747907810650658575e+02
5.770122241591393504e+02
5.784406982949030862e+02
5.787885999051068211e+02
5.795899913351574924e+02
5.813021545764720486e+02
5.817047666447813299e+02
5.830525909515363310e+02
5.838986095944251247e+02
5.846261116246976144e+02
5.857258086072324659e+02
5.862411665413562787e+02
5.869988876659431298e+02
5.871926443250076773e+02
5.880656092174874630e+02
5.900117943844672936e+02
5.910472395849380973e+02
5.914606322980134792e+02
5.916442607593617140e+02
5.945971440723810701e+02
5.954048488199043732e+02
5.956406286086803448e+02
5.957894494158549605e+02
5.976082403689727016e+02
5.985863902221265107e+02
6.004739905470803478e+02
6.006871754740013785e+02
6.011886250541276695e+02
6.021875126947977606e+02
6.029682424578581958e+02
6.034542445353188214e+02
6.044288705997548732e+02
6.060785378427503929e+02
6.083113585296287056e+02
6.084791404149257232e+02
6.096326727305113309e+02
6.104562219122763054e+02
6.115575768164483179e+02
6.125080272752791188e+02
6.129212186864363048e+02
6.137692869945404937e+02
6.143215969303931843e+02
6.151994755385670715e+02
6.157797783609025828e+02
6.175279816248439602e+02
6.182899096788805764e+02
6.198142842759364157e+02
6.202822021221143132e+02
6.209911173042573864e+02
6.224659425490251579e+02
6.227753498310464693e+02
6.247867359084776808e+02
6.256095920289366177e+02
6.283777253947928330e+02
6.287693201692612774e+02
6.297865721544376356e+02
6.307583635963786719e+02
6.317102169466784289e+02
6.319802777931616902e+02
6.334986099351749544e+02
6.338616937212369749e+02
6.342549481702857292e+02
6.360060690669388350e+02
6.363730340287961553e+02
6.375824503885419290e+02
6.395441688884021687e+02
6.404524847163994536e+02
6.412488539412304362e+02
6.422791304381523787e+02
6.441262627559837028e+02
6.448325924550445052e+02
6.462072654385747228e+02
6.472506875679275709e+02
6.485662447195220466e+02
6.499443130448181591e+02
6.501541876594866380e+02
6.513557750380419975e+02
6.520466423737652804e+02
6.525882592825113306e+02
6.531309311862916047e+02
6.537632951022660563e+02
6.541368219672094710e+02
6.555431500297653429e+02
6.561727928622694890e+02
6.586496228005363491e+02
6.587217027287099427e+02
6.590440271295838102e+02
6.600079763706839913e+02
6.621954951991160669e+02
6.625946492635482628e+02
6.632013961787113203e+02
6.639502779695230856e+02
6.663108152512866127e+02
6.668860005747844752e+02
6.673328279040214284e+02
6.684752471196571832e+02
6.706287841068811986e+02
6.715960880652015703e+02
6.719504706735031050e+02
6.725568446790989583e+02
6.738925387125826774e+02
6.750186350418507573e+02
6.758446463809987108e+02
6.768187692068105434e+02
6.784055732814471185e+02
6.789333163026572038e+02
6.796768478878425412e+02
6.800568529186433580e+02
6.820143412790101820e+02
6.838443772235330016e+02
6.841504777570413580e+02
6.847144051746399782e+02
6.868425563676935326e+02
6.885835080253028764e+02
6.889729854032293588e+02
6.904271327773172970e+02
6.913101191660771292e+02
6.938493011641738804e+02
6.942190406787561869e+02
6.949734107211065748e+02
6.959234054255316551e+02
6.967551690229778387e+02
6.976522016111399580e+02
6.982345675537351326e+02
6.993700861985495294e+02
7.002217341378078572e+02
7.005909358764506578e+02
7.025931322739787674e+02
7.035105660984717133e+02
7.039767640969263311e+02
7.049244288072602558e+02
7.057409613428808370e+02
7.070417012626668338e+02
7.075380724029437260e+02
7.090392735802976176e+02
7.107832181161958260e+02
7.111879779289309909e+02
7.118774209385843506e+02
7.135497256950864085e+02
7.138804043564086896e+02
7.155168236039286285e+02
7.168284377657711275e+02
7.173767398316905428e+02
7.186089669818123866e+02
7.189507526979685963e+02
7.205368213577171446e+02
7.214523782994322119e+02
7.221024699109327685e+02
7.241902628541020022e+02
7.247980687579533878e+02
7.255179564718654319e+02
7.267357626940156479e+02
7.281238196948933137e+02
7.287762851013378622e+02
7.298548577023638018e+02
7.303392743570307175e+02
7.310272338133869425e+02
7.326289259019472411e+02
7.337998787348249152e+02
7.345888108691069647e+02
7.365587725893893776e+02
7.373344285627306363e+02
7.382349685035327411e+02
7.389329662404513783e+02
7.395262319624091560e+02
7.411932975976544640e+02
7.424043821183278169e+02
7.438091877007561834e+02
7.442008533260807326e+02
7.452223317505929572e+02
7.456385381002577333e+02
7.465279850914238295e+02
7.474607773195413074e+02
7.491090189702345015e+02
7.499012246199328047e+02
7.509087817277267050e+02
7.521928039142896978e+02
7.533048008555532533e+02
7.534236762864325101e+02
7.549597776078678635e+02
7.562127657609559037e+02
7.571088185100084047e+02
7.576113502672747018e+02
7.596469090866770557e+02
7.603321678079404364e+02
7.615120200455318127e+02
7.633515834949312193e+02
7.637453883092695150e+02
7.640903225405870671e+02
7.646224492223300331e+02
7.675111613854508050e+02
7.679872422457037828e+02
7.687619657528590551e+02
7.711265937994990054e+02
7.723539982027724591e+02
7.729022445886635069e+02
7.731061554136013001e+02
7.751358440805679493e+02
7.751985496264808262e+02
7.761309164060641024e+02
7.766199183847512586e+02
7.785624572810567088e+02
7.806169683156765586e+02
7.808097058520844485e+02
7.813381551594803796e+02
7.817903436452513688e+02
7.832760733296847775e+02
7.835011937873720171e+02
7.851722334983109022e+02
7.862340113405838338e+02
7.873866912163823599e+02
7.875508469402452647e+02
7.891301870753562753e+02
7.897054807394367799e+02
7.904150479887558731e+02
7.916411110458309395e+02
7.937868501638819225e+02
7.939276699968734192e+02
7.949184311964247627e+02
7.961952452214263758e+02
7.968670053714081405e+02
7.974973753232916351e+02
7.983657005525752766e+02
7.996137401194008589e+02
8.024713032654599374e+02
8.028605839388973209e+02
8.035686406116163880e+02
8.043149885874843221e+02
8.045651624610777617e+02
8.056543833708382181e+02
8.062193269166987193e+02
8.078760058756789704e+02
8.085867136905350208e+02
8.092763350574012975e+02
8.099005755244120337e+02
8.109597857420138780e+02
8.121413569724970785e+02
8.130071809856337950e+02
8.137195072673838467e+02
8.145402851043501187e+02
8.154816454949502713e+02
8.169700739080179801e+02
8.181890174415534602e+02
8.188388257379571087e+02
8.199818590616124538e+02
8.212837428879047366e+02
8.229481089874504960e+02
8.231831269480920810e+02
8.240298068582249016e+02
8.246852603708736069e+02
8.249728941468367793e+02
8.261464560475843655e+02
8.270308696021112382e+02
8.276275504721076004e+02
8.291161685782063842e+02
8.308321875000540331e+02
8.318399715180054272e+02
8.328135248704269316e+02
8.340086057247234521e+02
8.349184669629105429e+02
8.360785936668066824e+02
8.366208872416215172e+02
8.379004129784084398e+02
8.388270287489410748e+02
8.395412010718083593e+02
8.416200719349509427e+02
8.418500138646948017e+02
8.423044879568790293e+02
8.431304992035144323e+02
8.438333242672240431e+02
8.448387957765348801e+02
8.460034256564947555e+02
8.463948676427173723e+02
8.471077261076593459e+02
8.490548057802284347e+02
8.497024931663988809e+02
8.504854305310799418e+02
8.506449051249927606e+02
8.519677265746688590e+02
8.529493550371025776e+02
8.539422546754088899e+02
8.547641637698466184e+02
8.554889640804652799e+02
8.566858630807939790e+02
8.575065219502990885e+02
8.582906728594526840e+02
8.592399187457587004e+02
8.600527001139776075e+02
8.614594099020159774e+02
8.621093454648932948e+02
8.631817786274901891e+02
8.638692651104356628e+02
8.646415158817410429e+02
8.669778713337160525e+02
8.675601422887140188e+02
8.681229003038730525e+02
8.690583567025987577e+02
8.703417356372102631e+02
8.711546489048986359e+02
8.722471016690577699e+02
8.740360649665042274e+02
8.747411319665998235e+02
8.754912186204229556e+02
8.758414940462298546e+02
8.775500121732142134e+02
8.781351436777007393e+02
8.796985923457758645e+02
8.810357548668898744e+02
8.818869366448345772e+02
8.828588389543684798e+02
8.843104697755691177e+02
8.844147971468047444e+02
8.847571967916040876e+02
8.857085234487527714e+02
8.870536118955027405e+02
8.881545865713077319e+02
8.897388111248392306e+02
8.898613961418800500e+02
8.916898872127067079e+02
8.921156784599991170e+02
8.924784344643145459e+02
8.926056414661881035e+02
8.936852241210083321e+02
8.950733898813856513e+02
8.961344489250794823e+02
8.974047980478043200e+02
8.980332840228536497e+02
8.992339804946674349e+02
8.993351442658074575e+02
9.014132598968643606e+02
9.028518429586395087e+02
9.041312652069804017e+02
9.046398253057751617e+02
9.062204811088108727e+02
9.066026840685980233e+02
9.070962546700961866e+02
9.086022184013236256e+02
9.088593839951057589e+02
9.115870254342578392e+02
9.119810026386263644e+02
9.130309259298061306e+02
9.137615518664080128e+02
9.141031924481465012e+02
9.155476114715564790e+02
9.158393784496980743e+02
9.174816325288875305e+02
9.180392582721179906e+02
9.193982440030852104e+02
9.202395265950838166e+02
9.219306494958938174e+02
9.230165573351401918e+02
9.238817571813538052e+02
9.257495495282557840e+02
9.260671308240106328e+02
9.270191422842759721e+02
9.288738567587039370e+02
9.293265756689493173e+02
9.306485036767535348e+02
9.317244410514424544e+02
9.321450328565625796e+02
9.339252985651935433e+02
9.345006538810567918e+02
9.351808604923760413e+02
9.363660452587374721e+02
9.369063281042670042e+02
9.380419483335083441e+02
9.387261887102324636e+02
9.403454196642825309e+02
9.416927445382593760e+02
9.426660042737871663e+02
9.446921457162926572e+02
9.449540131722255865e+02
9.457253152632089268e+02
9.462544611975960152e+02
9.483627496525608649e+02
9.489494315497911430e+02
9.509413871399920026e+02
9.517234069963720913e+02
9.532687576038468933e+02
9.543808039604696205e+02
9.547730287061401668e+02
9.550183157383181651e+02
9.554419945073153713e+02
9.564902571095183248e+02
9.578761532262628862e+02
9.599849853014046630e+02
9.609599185115226874e+02
9.619105636179131125e+02
9.631179639400880887e+02
9.637600991574128102e+02
9.644369643688434053e+02
9.658045370805772336e+02
9.660220758171021771e+02
9.670882349737807999e+02
9.686762939391621785e+02
9.701118693482827666e+02
9.718476183294526436e+02
9.728512527469899851e+02
9.731639120216032097e+02
9.747225232076878001e+02
9.747690789292255431e+02
9.766506266554710010e+02
9.779738914906340597e+02
9.785011493681513457e+02
9.800028878947739486e+02
9.803914122127607698e+02
9.808607542864590414e+02
9.824887689099208501e+02
9.837782587951838877e+02
9.841963302553086805e+02
9.854731492108478506e+02
9.867267494451494940e+02
9.871963858429559195e+02
9.879856327685830593e+02
9.894598298816705437e+02
9.900633308094531913e+02
9.911558095643763409e+02
9.921903038856680723e+02
9.931267135303248779e+02
9.941036704165459241e+02
9.952030351959389236e+02
9.962173633751783655e+02
9.976874356463068807e+02
9.982741470347179984e+02
9.996506992559170612e+02
1.000043093157681142e+03
1.001022415803193326e+03
1.002550194380113680e+03
1.003163613751776666e+03
1.003913281490532427e+03
1.006303232146853929e+03
1.006538954468707857e+03
1.006949046305110869e+03
1.009107750296256881e+03
1.009677310564139589e+03
1.010846790855754193e+03
1.011388956522599415e+03
1.012186139902631453e+03
1.013343438928065211e+03
1.013665350893092750e+03
1.015313131465355013e+03
1.017019132833275080e+03
1.017052295161950155e+03
1.017853551778843780e+03
1.018623174873055405e+03
1.019718963035287288e+03
1.020481668094016072e+03
1.022251058007286701e+03
1.022932134193353590e+03
1.024250104595213088e+03
1.025062255119300289e+03
1.026496760764195642e+03
1.026978680251840160e+03
1.027419046213702586e+03
1.028767536036068577e+03
1.029134246390680119e+03
1.030162676850394519e+03
1.031601616350129461e+03
1.033776113982809420e+03
1.034433073191774383e+03
1.035311812708190018e+03
1.036521605219300227e+03
1.037471781464050764e+03
1.039071223169332370e+03
1.040153348698046102e+03
1.040485137982610013e+03
1.041425056883398156e+03
1.043041212366278614e+03
1.043516051346334280e+03
1.044144302387391235e+03
1.044418694517281892e+03
1.045200865023993629e+03
1.046018561475166280e+03
1.048034224535901558e+03
1.048658853954119195e+03
1.050566173610264286e+03
1.051261704210382959e+03
1.051766866278794168e+03
1.052528152301073078e+03
1.053584544076318252e+03
1.056314486153027019e+03
1.057655150962949392e+03
1.058245304383647863e+03
1.060016194731163068e+03
1.061069182790436571e+03
1.062690692387174295e+03
1.063336907107428942e+03
1.064383871577207628e+03
1.065770328652215085e+03
1.065910225354131853e+03
1.066192696008776466e+03
1.067930019726193223e+03
1.068443147989486761e+03
1.069073321173390468e+03
1.069695488782911980e+03
1.071227744567622267e+03
1.072648490075276868e+03
1.073834627993800041e+03
1.075098006089324144e+03
1.075432190013685158e+03
1.075917361559201709e+03
1.076954305632083333e+03
1.078410187105787827e+03
1.079834914627666194e+03
1.080900654032300736e+03
1.082077457731478717e+03
1.082510594290126846e+03
1.085141182663824111e+03
1.085919690995121982e+03
1.086318767872872286e+03
1.087336748156865724e+03
1.087827431400509568e+03
1.088589470377854241e+03
1.090137896464468213e+03
1.091311691162151419e+03
1.091609414203738879e+03
1.092504730396312880e+03
1.093103864712110408e+03
1.094824192549279360e+03
1.096290445604799061e+03
1.097231870231122230e+03
1.098196524336440916e+03
1.098861276626533936e+03
1.098943455857021945e+03
1.100377655370010416e+03
1.101282356331370920e+03
1.102203371451698558e+03
1.102700107905043751e+03
1.104220056629089413e+03
1.106811567626236865e+03
1.107242925866345558e+03
1.107504182658716900e+03
1.108946194280685631e+03
1.110330312218979770e+03
1.111088496438953371e+03
1.111938825061024090e+03
1.114141599793909791e+03
1.114953980370847603e+03
1.115647025540133882e+03
1.116011392403639547e+03
1.116484909782273007e+03
1.118185763624898300e+03
1.118592617837397029e+03
1.118894674533786656e+03
1.119917806451338947e+03
1.120783777360599743e+03
1.121416914233087937e+03
1.123684668726084510e+03
1.124270947667484052e+03
1.125484757120352242e+03
1.125994410749364079e+03
1.127129833845582425e+03
1.128400236648170221e+03
1.128459142000273232e+03
1.128937213254001790e+03
1.131262857421784702e+03
1.131778164438724616e+03
1.132441645712778154e+03
1.133043718594034999e+03
1.134459281491981983e+03
1.135847422106355907e+03
1.136209648790916845e+03
1.136549053971053581e+03
1.139348582244360841e+03
1.140573741435066495e+03
1.140954618761996471e+03
1.142209679873606319e+03
1.143131452096755766e+03
1.143189306869326401e+03
1.144530407574513220e+03
1.145649190498621010e+03
1.146692277613264878e+03
1.147258166632881967e+03
1.148391763531785955e+03
1.148782904985425830e+03
1.150176241810306919e+03
1.150763518490676006e+03
1.151535511379956461e+03
1.153166912771625448e+03
1.153949829970577184e+03
1.154889079114757351e+03
1.156075840017592554e+03
1.157461593205899817e+03
1.158324812351155970e+03
1.159206725810360695e+03
1.159991758928569652e+03
1.160618047159701746e+03
1.162160066928407332e+03
1.162684765347148641e+03
1.164154815431196766e+03
1.165347193894976272e+03
1.165593517649003843e+03
1.167230839685875026e+03
1.168777853910729846e+03
1.169781273855839572e+03
1.171496293770062493e+03
1.172651590147014076e+03
1.173365596072433391e+03
1.173668731863153198e+03
1.175148562238236764e+03
1.175488122506967557e+03
1.177016287861805722e+03
1.177382144101783979e+03
1.178207866908223423e+03
1.179461843874681335e+03
1.180166956479571127e+03
1.180422878973399747e+03
1.182529396817416682e+03
1.183582341840812660e+03
1.183921004809127680e+03
1.184657538221939376e+03
1.185717322622059783e+03
1.187446860838506382e+03
1.187852109160372947e+03
1.188734703782436327e+03
1.190655142509285724e+03
1.191156996605404856e+03
1.192107859836170974e+03
1.193329694092355567e+03
1.194597374135006703e+03
1.195812036726054430e+03
1.197816965282871479e+03
1.198938658253127414e+03
1.199898560051587083e+03
1.200366519351958686e+03
1.202245665123745539e+03
1.202617432970356958e+03
1.203755168074247194e+03
1.205865490981941321e+03
1.206356146679712310e+03
1.207495993244049487e+03
1.207607451211813895e+03
1.208463806193521577e+03
1.208932885100318344e+03
1.210268730295922069e+03
1.211419432575214614e+03
1.212396911010428539e+03
1.212806799259442869e+03
1.213846791345234124e+03
1.214281119291606046e+03
1.215629225033893363e+03
1.216789902436809598e+03
1.216980477964136298e+03
1.218216427245840805e+03
1.218998646077953481e+03
1.219339125697577856e+03
1.220116459021961418e+03
1.220584315225055434e+03
1.222605415460206586e+03
1.223278044160875424e+03
1.224193854390002798e+03
1.225152407507639964e+03
1.226559569444186081e+03
1.227296549364771636e+03
1.227814002663165866e+03
1.229293402390636402e+03
1.229974928573808484e+03
1.230777413958374382e+03
1.231626301174890614e+03
1.232041259739733505e+03
1.233240866073337656e+03
1.234283789704956916e+03
1.235206611406048069e+03
1.235730932936982299e+03
1.236827695038250340e+03
1.237497999110447381e+03
1.238482730447226459e+03
1.239600854087207153e+03
1.240365095899003336e+03
1.240821801596855721e+03
1.242110542603516933e+03
1.242546576283924423e+03
1.244269870670508908e+03
1.245520482205331518e+03
1.245788499569247051e+03
1.246743593950176091e+03
1.247759242732879102e+03
1.247943295444195655e+03
1.248657250436279810e+03
1.249548021803883557e+03
1.251535747251417661e+03
1.252554458986465761e+03
1.253376149740688561e+03
1.255137112240788156e+03
1.255470561442923326e+03
1.257754282325088298e+03
1.258474465094797779e+03
1.260079867935033235e+03
1.260581598794413139e+03
1.262237271296700783e+03
1.263007243632706604e+03
1.263526307042467806e+03
1.264480862258054458e+03
1.264721241149472235e+03
1.266708906207810742e+03
1.267473658269243515e+03
1.268318890341872020e+03
1.269326609254688265e+03
1.270895057968170022e+03
1.271207899568715902e+03
1.271732889897121822e+03
1.274552480757548437e+03
1.274807335607226833e+03
1.276006190704647452e+03
1.277983224917811867e+03
1.278504238768912728e+03
1.279643327224581071e+03
1.279833219826549339e+03
1.280792241538097642e+03
1.282664374473840326e+03
1.282917669034768323e+03
1.284251380427169579e+03
1.285099189934410788e+03
1.285684266624871270e+03
1.288123398829567805e+03
1.289219986848992903e+03
1.290374097747973337e+03
1.290508753414980674e+03
1.290780950476634871e+03
1.292497253138435781e+03
1.293061044821260339e+03
1.294362513751982760e+03
1.295926329442620045e+03
1.296709881738104059e+03
1.297246420040146177e+03
1.297734681279972847e+03
1.299698867876404393e+03
1.300508870740782413e+03
1.301823444455015078e+03
1.302547561288035922e+03
1.303642473957102538e+03
1.304256398994582923e+03
1.304975089595787949e+03
1.305497506429494933e+03
1.307189093354808392e+03
1.308443868678732770e+03
1.308671434940671588e+03
1.309502137534234407e+03
1.311764812574975849e+03
1.313526285958702374e+03
1.314330499861338012e+03
1.314691061485402997e+03
1.315230531598824655e+03
1.317434788529711568e+03
1.318350954709926100e+03
1.319069905553607668e+03
1.319588400168649514e+03
1.320472852380394443e+03
1.321394390475020145e+03
1.322789000483574227e+03
1.323931377128403710e+03
1.325597077101626837e+03
1.326811654686335714e+03
1.327617490736966147e+03
1.328930185845208598e+03
1.329882881052949415e+03
1.330481640959813831e+03
1.331384763460097929e+03
1.332147291053725212e+03
1.333098147767776936e+03
1.334218653314695985e+03
1.335576037553235437e+03
1.336055334221787462e+03
1.336757014250036718e+03
1.337722612374111577e+03
1.339468124067584540e+03
1.340454019400747256e+03
1.342149930382232014e+03
1.342859779513068588e+03
1.343349921079897285e+03
1.345000657604224898e+03
1.345525172419535011e+03
1.347811091041714235e+03
1.348434631876275944e+03
1.349230787168592087e+03
1.351250962250665907e+03
1.351491136001483710e+03
1.352185950885138936e+03
1.353711943284742347e+03
1.354819731994800122e+03
1.355103708234020360e+03
1.356608323688744804e+03
1.356915287269762530e+03
1.357587492792566536e+03
1.359615741937731855e+03
1.360297645288432250e+03
1.360843083681500957e+03
1.361779574200128536e+03
1.363223173060797762e+03
1.363987390247584926e+03
1.364364331353213629e+03
1.366285403482929269e+03
1.366880022343828841e+03
1.367514948765978261e+03
1.367866580200495264e+03
1.368544473904941242e+03
1.370087756740727855e+03
1.372434963456161540e+03
1.372518948734747255e+03
1.373943594729316374e+03
1.374860879172515524e+03
1.376067872609366532e+03
1.376787133879867497e+03
1.377508288193240787e+03
1.378940008722589255e+03
1.379914410154084408e+03
1.380949400873252671e+03
1.381783600610168833e+03
1.384015107347615640e+03
1.384068794794723544e+03
1.385161096546690487e+03
1.386536961913332789e+03
1.387981962379696370e+03
1.388403957966894268e+03
1.388824255639592820e+03
1.390447405788633432e+03
1.391568940696115533e+03
1.392338966747683116e+03
1.394273096160013438e+03
1.395416548273268745e+03
1.396665830769190052e+03
1.397439117853140260e+03
1.397792129681579354e+03
1.398211441769288967e+03
1.401138517913419037e+03
1.401544759207598418e+03
1.401660016828896914e+03
1.403533712787133027e+03
1.404404225951966964e+03
1.404601558845150748e+03
1.405923234653130748e+03
1.408701463239616714e+03
1.408966689018444413e+03
1.410637449009853299e+03
1.411017392717399616e+03
1.411669809220356001e+03
1.413111054506225173e+03
1.413748431952120882e+03
1.414410625376492817e+03
1.415684833490995288e+03
1.417320211788710139e+03
1.417868338070158416e+03
1.418887664983476270e+03
1.418958719618163968e+03
1.419729573372796040e+03
1.421158356211234377e+03
1.422374899044282074e+03
1.423341071777049137e+03
1.423978967548825267e+03
1.424737957721295970e+03
1.425553375456779349e+03
1.426557256339700871e+03
1.427660330333964566e+03
1.429813677636808052e+03
1.430518227694725510e+03
1.431198147500353116e+03
1.431907881418883335e+03
1.432899754146470968e+03
1.434812261741024940e+03
1.435927105203383007e+03
1.436638193257533885e+03
1.438352035279868687e+03
1.439624067080132136e+03
1.440206838390109624e+03
1.440564862739069440e+03
1.441448328819608832e+03
1.442066751304900208e+03
1.442684158906622088e+03
1.443985660680920091e+03
1.445096063128635478e+03
1.445970413810645368e+03
1.446537300802938489e+03
1.447177894527233775e+03
1.449259101273953092e+03
1.449532469803287086e+03
1.450482432221652061e+03
1.451592825580726867e+03
1.453071057999187587e+03
1.453257300501338477e+03
1.455701186533054170e+03
1.456274763881268882e+03
1.456600422454790078e+03
1.458752121126558222e+03
1.460052375258783741e+03
1.460875003474585810e+03
1.462325501636149056e+03
1.463138871936876058e+03
1.464186399564204066e+03
1.464555641389290940e+03
1.465116412470172236e+03
1.467646537102424873e+03
1.467802018946844555e+03
1.469325289502106898e+03
1.469834039751975979e+03
1.470838361948804049e+03
1.471782913943353151e+03
1.472178873608804906e+03
1.472934238425584226e+03
1.473063227310148250e+03
1.474739770106107471e+03
1.475429933937024089e+03
1.477284666195958607e+03
1.479131785754368138e+03
1.480322232491919067e+03
1.481260518491937546e+03
1.481758604923823214e+03
1.482059295977822103e+03
1.482608615637757111e+03
1.483318376539642486e+03
1.484682516018453498e+03
1.486474608529003717e+03
1.487207843179304064e+03
1.488698426982262845e+03
1.489779303406001418e+03
1.490594164846408148e+03
1.490801674880619430e+03
1.492619480364971423e+03
1.492973379312152474e+03
1.493530511664594314e+03
1.493850791760742823e+03
1.494403701766705353e+03
1.496702759110490661e+03
1.496875191608883824e+03
1.498558104159781578e+03
1.499594847112583466e+03
1.501594192405586909e+03
1.501757277343618171e+03
1.502562556560402072e+03
1.504112745503024598e+03
1.504897535920770451e+03
1.505945211386835126e+03
1.508138884115756127e+03
1.508222178525426898e+03
1.509110583524518461e+03
1.509542828316571104e+03
1.510999549493911900e+03
1.511816671794236527e+03
1.513736879661709736e+03
1.514658608693634278e+03
1.516374315987944101e+03
1.516995719647142096e+03
1.517440052789316042e+03
1.518141183351749532e+03
1.519028312221928672e+03
1.519844167729632545e+03
1.520675503117725611e+03
1.520845514675622098e+03
1.522759543807362661e+03
1.522856686840012571e+03
1.524183561791814554e+03
1.524956754574064689e+03
1.526350116264008420e+03
1.527414724764524408e+03
1.528874330822081674e+03
1.529767724959383486e+03
1.530711753108720359e+03
1.531592452092331996e+03
1.532154327993490824e+03
1.532312562403040147e+03
1.533979193913399286e+03
1.534817918435729098e+03
1.535088918735560583e+03
1.536134668018951061e+03
1.537161786242757216e+03
1.538193876648171909e+03
1.539643835601704495e+03
1.539887727602429322e+03
1.541087467681628368e+03
1.541832664494378605e+03
1.543211488698771973e+03
1.544328651076524466e+03
1.545258301099584969e+03
1.546007456933636377e+03
1.547204840945221349e+03
1.548163452642293123e+03
1.549048852703445391e+03
1.549679078474841162e+03
1.550805639837432409e+03
1.551369082174572895e+03
1.552809485989615496e+03
1.553276958695037138e+03
1.553441922323838071e+03
1.555052527249605419e+03
1.557230950000906660e+03
1.557750312211503797e+03
1.558462143363742825e+03
1.559570080126661651e+03
1.560904639791463524e+03
1.562076883095518497e+03
1.563095668887123111e+03
1.563615421733791891e+03
1.565516260579229765e+03
1.566030355124227299e+03
1.566920049705677002e+03
1.568685338288658841e+03
1.569215262502724272e+03
1.570600670398071770e+03
1.571262097460827817e+03
1.572066239252941614e+03
1.573154545115666679e+03
1.574368883461723499e+03
1.574750021826808506e+03
1.575566521430674356e+03
1.576954543834711330e+03
1.577595195437701932e+03
1.578048953739058561e+03
1.579608772000888166e+03
1.580973283768309329e+03
1.581339589586882084e+03
1.581987149551956463e+03
1.582975357183537653e+03
1.583899264541556022e+03
1.585602081392329865e+03
1.586327012725447503e+03
1.587389378708957793e+03
1.587889421152175146e+03
1.589556934283190003e+03
1.590860481812474745e+03
1.591319350027431028e+03
1.592517181878274869e+03
1.594316732209173097e+03
1.596131321423982172e+03
1.597629427232623357e+03
1.598650117255707755e+03
1.599657257603735616e+03
1.600233214429517375e+03
1.600922417743742926e+03
1.601352386097297995e+03
1.602235688205273846e+03
1.603741558937328591e+03
1.605215768676420794e+03
1.605684167363043343e+03
1.605987630958058162e+03
1.606657884090190237e+03
1.608149443176565228e+03
1.608835671060365030e+03
1.609331778786111499e+03
1.610017351325977188e+03
1.612249488232856720e+03
1.612459273256749611e+03
1.612639509175008925e+03
1.614265700851489100e+03
1.616398252753620227e+03
1.617740683774684840e+03
1.617952905241451163e+03
1.619389634132719493e+03
1.620526748861417673e+03
1.621390416434683402e+03
1.622153817838240002e+03
1.623041573086953576e+03
1.624336441622285065e+03
1.624776502694034889e+03
1.626994514108086150e+03
1.627880246329750435e+03
1.628502689508536832e+03
1.630042939372505771e+03
1.630966284173172426e+03
1.631544067084276094e+03
1.632494559259584321e+03
1.633227235461024520e+03
1.634172518050772851e+03
1.635542261041816801e+03
1.637532831680407526e+03
1.638028575452892710e+03
1.639382333414307141e+03
1.640101363938939812e+03
1.641107258381129895e+03
1.642103557152137910e+03
1.642668331058235253e+03
1.643299556507066200e+03
1.644923023339752945e+03
1.645582895122010086e+03
1.646139122440456731e+03
1.647424095563499122e+03
1.649292400133551610e+03
1.649393124096726069e+03
1.650472564349837285e+03
1.651883225659189293e+03
1.652933302731109961e+03
1.654085628004910632e+03
1.655467062391372338e+03
1.656493690907743257e+03
1.658667352819865300e+03
1.659094596531784191e+03
1.659362617770137376e+03
1.660633955513167621e+03
1.662158867409392542e+03
1.662714655248890949e+03
1.663929027090295904e+03
1.665114960121969943e+03
1.665635831801404265e+03
1.666448220945185312e+03
1.666969012758785993e+03
1.668027680476308205e+03
1.669675596299109657e+03
1.669753069748858707e+03
1.671606099197566891e+03
1.672134273758434574e+03
1.673791964317875909e+03
1.673990585782815970e+03
1.674542349162427172e+03
1.676077334165173852e+03
1.676694521954422726e+03
1.677374991109873008e+03
1.679609452471074519e+03
1.679813089509327710e+03
1.681268658010293848e+03
1.682081621568685932e+03
1.682843543228228100e+03
1.683780203609666387e+03
1.684854874456315429e+03
1.686419734670532534e+03
1.687079175993762192e+03
1.687519525117150351e+03
1.688988023131172895e+03
1.689320584760032034e+03
1.689856259114887052e+03
1.691121174011575931e+03
1.691782667350588326e+03
1.692860159369794246e+03
1.694001282049370275e+03
1.695055193036921764e+03
1.696203327255812383e+03
1.698340083338843442e+03
1.699562931246254948e+03
1.699916087811482384e+03
1.700787511068293952e+03
1.701881125918707767e+03
1.702964062249112203e+03
1.704848999885011835e+03
1.707109458071988001e+03
1.707790757501537200e+03
1.708276680719091246e+03
1.708721324651718987e+03
1.709345680601924414e+03
1.710159069665927973e+03
1.710632638127857717e+03
1.711309795795101536e+03
1.713098973154905025e+03
1.713840604262321222e+03
1.714985560947874319e+03
1.715700885900180083e+03
1.717618528866722272e+03
1.718672989488808525e+03
1.720290645469812034e+03
1.721958869909442228e+03
1.722768430385400961e+03
1.724164184781143831e+03
1.724519757541804665e+03
1.726055232652908217e+03
1.726494223967618154e+03
1.726958429665459562e+03
1.727881200192025744e+03
1.728626736311081459e+03
1.730656086203809991e+03
1.731355279152727007e+03
1.731553245272952381e+03
1.732960176460092498e+03
1.733713090820665002e+03
1.734972708839541383e+03
1.735406397286164520e+03
1.736909105184936834e+03
1.737111098315306435e+03
1.739290019516780376e+03
1.739767976842371127e+03
1.740774081510650831e+03
1.741372428017431048e+03
1.742368679812321261e+03
1.743843487944019444e+03
1.744614191587914547e+03
1.744928229365717698e+03
1.745319010941191209e+03
1.747093146408353277e+03
1.747239783947738260e+03
1.748842873982835499e+03
1.749036161434595215e+03
1.749801795751953250e+03
1.751918115910040797e+03
1.753160980946141308e+03
1.753879250569495298e+03
1.755237018549655431e+03
1.755728616684430790e+03
1.757003314696602501e+03
1.757782305874758094e+03
1.759092462486896238e+03
1.760194913033399871e+03
1.760581266880144767e+03
1.761251074628824426e+03
1.763538246004578014e+03
1.764097313982222431e+03
1.764801601544690811e+03
1.765410634302429344e+03
1.766320753459221805e+03
1.767992955694845932e+03
1.769384955784124486e+03
1.770684241451665685e+03
1.771008030500109726e+03
1.771835473051598456e+03
1.773053049718289003e+03
1.774074278581782437e+03
1.774538156021941404e+03
1.775094127475533696e+03
1.775729220172962187e+03
1.777181951461533345e+03
1.777891741156914804e+03
1.779419174442919712e+03
1.780579628071023990e+03
1.781414129187289518e+03
1.782634807963078856e+03
1.783422220941906971e+03
1.784676753682222170e+03
1.785675661262020185e+03
1.786721275411222905e+03
1.787510998588194070e+03
1.788337908726516844e+03
1.789098782237992737e+03
1.789756646935388062e+03
1.792272692128726703e+03
1.793003225909529647e+03
1.794473991193885013e+03
1.794857155692427568e+03
1.796214347654120274e+03
1.797124592592612998e+03
1.798084368582331308e+03
1.799244410087198958e+03
1.799571285568134044e+03
1.800498065399253164e+03
1.801323692206909982e+03
1.801913405411468830e+03
1.803864864896225754e+03
1.804316608218334750e+03
1.806792292226177096e+03
1.806871001977695869e+03
1.808558618042200578e+03
1.809285814623437545e+03
1.810058620474618010e+03
1.810987258297227527e+03
1.812428639250295646e+03
1.812862823204429105e+03
1.814878121947856243e+03
1.815935810605515144e+03
1.817167481823214075e+03
1.817422712332444917e+03
1.818051731807789565e+03
1.819362923237771838e+03
1.820004793761209385e+03
1.820804522760896589e+03
1.821429935345894137e+03
1.822501898563568147e+03
1.823710164163349418e+03
1.825574771931624355e+03
1.826267979318343578e+03
1.826520616116248448e+03
1.828136349518360475e+03
1.828724624636461158e+03
1.829452361381273931e+03
1.830622991148335359e+03
1.831838173481622107e+03
1.832370842462280962e+03
1.833432368015984594e+03
1.835274855071381353e+03
1.835723282515270057e+03
1.837295865043664662e+03
1.838087561807066550e+03
1.838795275314399760e+03
1.839262973830210285e+03
1.840457085485472589e+03
1.841322621416786660e+03
1.842625717417773103e+03
1.843213311825699975e+03
1.843659046885853058e+03
1.845240639795460538e+03
1.846139670620047127e+03
1.846376757996162041e+03
1.847402028661831537e+03
1.849357219590087425e+03
1.850344611530712655e+03
1.851342574219839435e+03
1.852867293813224023e+03
1.853672410603979188e+03
1.854217744001297888e+03
1.855220041680475788e+03
1.856931762487323340e+03
1.857199341737593159e+03
1.858895489377025342e+03
1.859906997377725475e+03
1.860426817241555227e+03
1.861985946115938305e+03
1.862612253828869825e+03
1.863870618445228956e+03
1.864972116060451754e+03
1.866195513843896151e+03
1.867100753013663962e+03
1.868516407132394988e+03
1.868970306039391517e+03
1.870440932083537064e+03
1.870775523902533905e+03
1.873281520194113455e+03
1.874449314172241884e+03
1.874801073785270773e+03
1.875258799392169749e+03
1.876573672718541275e+03
1.878780493555743078e+03
1.879111990215101059e+03
1.880149980559423966e+03
1.880282395022053151e+03
1.881311552722138913e+03
1.882192911757214006e+03
1.882685765759666765e+03
1.884612624758952052e+03
1.885040522234708078e+03
1.886781253285571893e+03
1.887567457276810501e+03
1.888835633352185368e+03
1.890701108691300533e+03
1.890795278281649416e+03
1.891909257027206650e+03
1.893191102652574727e+03
1.894146565334646539e+03
1.895196523953168480e+03
1.895499166555724969e+03
1.896702555391358601e+03
1.897960472302019525e+03
1.898945159894725521e+03
1.899594718115180058e+03
1.900149078954792685e+03
1.900891015319502458e+03
1.902384387434543441e+03
1.902916648562438240e+03
1.904225210872376465e+03
1.905158502485354347e+03
1.905742698344013661e+03
1.907375650821370982e+03
1.908310917058335690e+03
1.909255737464872482e+03
1.910460769086122355e+03
1.911023606421416616e+03
1.911233866131429522e+03
1.912063797602199429e+03
1.912643869738216154e+03
1.913156313175857576e+03
1.914044480311954430e+03
1.915231703972070591e+03
1.916087140880018524e+03
1.917206769683637049e+03
1.917784735327395310e+03
1.918651042254885851e+03
1.919734540358718277e+03
1.921899788943437670e+03
1.922783467761857082e+03
1.923100636819627653e+03
1.924909405624752708e+03
1.925539299544684127e+03
1.926352284598117649e+03
1.926465051588667620e+03
1.927704355389000284e+03
1.929839142692853784e+03
1.930872399760313328e+03
1.931672511650741853e+03
1.932488948663603196e+03
1.933441868087651528e+03
1.935313335567406739e+03
1.935710700952842899e+03
1.936699011161597355e+03
1.938462215585973127e+03
1.939146688027487471e+03
1.940980497090066137e+03
1.941513614311906849e+03
1.941956899509790674e+03
1.942756332234725505e+03
1.944558463156579364e+03
1.945099591524465040e+03
1.946474482941234101e+03
1.947377106517094944e+03
1.948025160357457480e+03
1.950102621761182490e+03
1.950936531246442883e+03
1.951358334458551099e+03
1.952221293447654716e+03
1.952597176318036418e+03
1.953530103171307019e+03
1.955694828937035254e+03
1.956094800674278531e+03
1.956619951977357232e+03
1.957134787581961746e+03
1.958668784949686597e+03
1.960099359570594743e+03
1.961582153387750395e+03
1.962117304667291592e+03
1.962684955068815270e+03
1.964326538635686347e+03
1.965652860146780540e+03
1.967659901414803699e+03
1.969198747909105805e+03
1.969592910278051477e+03
1.970763343738212370e+03
1.971324506550399747e+03
1.971676079142314620e+03
1.973058189132616008e+03
1.973476512285182025e+03
1.974012609187751423e+03
1.975130079396502879e+03
1.975778847928831965e+03
1.977423462978194493e+03
1.978933128527934969e+03
1.979485553674271159e+03
1.980856750801698809e+03
1.981302390657119304e+03
1.982750128231937651e+03
1.983924720665476798e+03
1.984699220439374130e+03
1.984946283968327634e+03
1.986616736746097104e+03
1.988311584651592057e+03
1.989001913013749117e+03
1.989394474101301284e+03
1.990946864264260057e+03
1.991361227618901239e+03
1.992654383578636043e+03
1.992883812628543637e+03
1.993791412757959733e+03
1.995045695597226313e+03
1.997029807761444999e+03
1.998108302311195985e+03
1.999884156250089745e+03
2.000180951159971983e+03
2.000823270265087785e+03
2.002237892082363487e+03
2.003069126659792119e+03
2.004083531244253436e+03
2.005271694483932606e+03
2.006036465067737709e+03
2.007573391224582565e+03
2.008977532983827132e+03
2.010330392995055945e+03
2.011197143536555359e+03
2.012263945503935702e+03
2.013878479294889758e+03
2.014490782439426312e+03
2.015271855441996649e+03
2.015855014739307990e+03
2.017467492287049481e+03
2.018305387250093872e+03
2.019871765638902161e+03
2.021300492813257051e+03
2.021391991725414073e+03
2.022906876259887895e+03
2.023025434000647238e+03
2.023631296712612766e+03
2.025239053361990955e+03
2.025858961982685969e+03
2.027088492776210842e+03
2.027696008858750247e+03
2.028197249861954788e+03
2.031018549523941829e+03
2.031687259238663728e+03
2.031953770926750849e+03
2.032639072481311587e+03
2.033639105878046166e+03
2.034898435664622411e+03
2.035555760884951724e+03
2.037523272718350199e+03
2.039519223689539558e+03
2.040392821419652591e+03
2.040518504780710828e+03
2.042280049204701299e+03
2.043215583374993457e+03
2.043452878764637262e+03
2.044974056975214580e+03
2.045268936921872182e+03
2.046328919673615246e+03
2.047157249117003175e+03
2.047824085939060978e+03
2.049315474666026148e+03
2.050075391395503175e+03
2.050913741105635836e+03
2.052066300908017183e+03
2.053260827510960553e+03
2.053993748032755320e+03
2.055908009615465289e+03
2.057064348077855357e+03
2.057702596113984328e+03
2.058575809601410583e+03
2.060497069361565991e+03
2.061498155454612515e+03
2.061784828526296224e+03
2.063363243045980198e+03
2.063818778162805756e+03
2.065217409348284036e+03
2.065455511239100815e+03
2.066355747249502201e+03
2.067245323150533750e+03
2.068011195655704796e+03
2.068786798213512157e+03
2.070409954909265707e+03
2.071519196670732072e+03
2.072274208125769746e+03
2.073790316107127637e+03
2.074856993932239220e+03
2.075694225634448685e+03
2.076519703207307430e+03
2.076814272145607902e+03
2.078878820135539172e+03
2.079757527240809395e+03
2.081676732803993218e+03
2.082606196518378056e+03
2.083554917224877045e+03
2.084534432479480529e+03
2.085581567730270308e+03
2.086239203224899939e+03
2.087209358089961825e+03
2.088290818991357355e+03
2.090660046396404141e+03
2.090967544367409573e+03
2.091544339864497942e+03
2.092161045105903213e+03
2.093069635537894101e+03
2.095141008582992981e+03
2.095268936486325856e+03
2.095629611360719537e+03
2.097251353968610601e+03
2.097894916646514048e+03
2.098658022722140686e+03
2.099427781362007863e+03
2.100713860057662714e+03
2.101568840884898691e+03
2.102459477446107485e+03
2.102791550876020210e+03
2.103896422155879918e+03
2.104953145696019419e+03
2.106138439089372241e+03
2.107460431946284643e+03
2.107713429885215646e+03
2.108859361401061051e+03
2.109537928141891825e+03
2.110194576182521359e+03
2.110809934170491033e+03
2.111839252029424642e+03
2.113382776121677580e+03
2.114095046338065458e+03
2.114647945946873733e+03
2.115697964787667843e+03
2.116810515272322846e+03
2.117374353210930622e+03
2.118791619935777362e+03
2.119199860688140689e+03
2.119931766917840832e+03
2.121684542827715177e+03
2.122214452610248372e+03
2.123078464829168297e+03
2.124314883067574556e+03
2.125340253480032516e+03
2.125981091515181106e+03
2.127217675976072314e+03
2.127472958041015318e+03
2.128494533628811951e+03
2.130000502664867327e+03
2.130537920551594652e+03
2.131693250157373768e+03
2.133278365000938265e+03
2.133581825950079292e+03
2.134418540159830627e+03
2.135184749410756922e+03
2.136846877039799892e+03
2.137770207952408327e+03
2.138792975262627806e+03
2.139444831875419823e+03
2.140229760902143880e+03
2.141575788830878537e+03
2.142138996134515764e+03
2.142889911347876478e+03
2.143438745031294729e+03
2.144507616523068464e+03
2.145135537037094309e+03
2.146774286872095217e+03
2.147659076612943409e+03
2.148568687185716499e+03
2.150125454939173324e+03
2.152144071727856954e+03
2.152598020883610388e+03
2.153404452974670221e+03
2.154507995774998108e+03
2.155112253156673432e+03
2.155971469557070122e+03
2.157391899262927382e+03
2.157917451600763798e+03
2.159429673976143476e+03
2.160488983154244124e+03
2.161361437192289031e+03
2.161963265420328298e+03
2.162661012291698171e+03
2.163723769211592298e+03
2.165181032399774722e+03
2.165906912286158331e+03
2.169345599695732290e+03
2.169730307554191768e+03
2.170409096236657206e+03
2.171304111362961521e+03
2.172994547552607855e+03
2.173999926172386949e+03
2.174695563924751241e+03
2.175202561789325500e+03
2.176215515549022257e+03
2.176931051447440041e+03
2.178103626640864604e+03
2.178684355143359880e+03
2.179662078180506796e+03
2.181007295544057342e+03
2.182054651138786539e+03
2.182912291117479072e+03
2.185146470554193911e+03
2.185834765705530572e+03
2.186465470243132586e+03
2.187989574343282129e+03
2.189000735493591492e+03
2.189332166294494073e+03
2.190754058427843120e+03
2.191224134834385950e+03
2.192021625405488066e+03
2.192500902554671484e+03
2.193295137039566725e+03
2.195074180212137890e+03
2.196355621389986936e+03
2.196639580113591819e+03
2.196967529539783754e+03
2.199561353075625448e+03
2.200098062788174047e+03
2.200406812688579066e+03
2.201303297810939512e+03
2.202814628370102128e+03
2.203893778369838401e+03
2.205079451173664438e+03
2.205771806948232552e+03
2.207495681070518003e+03
2.208499104123196958e+03
2.209538821763640954e+03
2.210649115501046253e+03
2.212406895137022730e+03
2.213858478229583397e+03
2.214242685771534070e+03
2.214779274342684857e+03
2.215234721984057160e+03
2.216171410409929194e+03
2.217416328695405809e+03
2.217859413154310460e+03
2.218327616429009140e+03
2.219663112063925382e+03
2.220905179261982994e+03
2.221777130842215229e+03
2.223025723679019393e+03
2.223173274676442361e+03
2.224061782486814536e+03
2.225570745304084085e+03
2.226526611002158916e+03
2.227629065184354658e+03
2.229018073017751703e+03
2.229527878328261068e+03
2.231381152748098884e+03
2.232781849319108005e+03
2.233667571278938340e+03
2.233979009767450862e+03
2.235057279271531115e+03
2.236884774458252195e+03
2.237556989679398612e+03
2.238201480866321162e+03
2.239800890403148060e+03
2.241257812337571522e+03
2.241866131924846286e+03
2.242075448981524460e+03
2.243128774672674353e+03
2.245081469035650571e+03
2.246865624815025512e+03
2.247367112280811853e+03
2.247896686097983093e+03
2.248523822653879506e+03
2.250635658624533789e+03
2.250869854749387287e+03
2.251495437824053624e+03
2.253095157232725796e+03
2.253551837407929725e+03
2.255386857451498145e+03
2.255739603729249211e+03
2.256440830077130158e+03
2.257011780854968492e+03
2.258301882562072478e+03
2.259362637053483468e+03
2.260849541406872049e+03
2.261302960939114655e+03
2.262467741408250731e+03
2.262746408645346946e+03
2.265819348700832506e+03
2.266043793671012281e+03
2.266838746451153838e+03
2.267903061822504242e+03
2.268538858763060034e+03
2.269053706092379343e+03
2.270803112080554456e+03
2.272365070852821191e+03
2.273232025066904043e+03
2.274216123437493934e+03
2.275224473635417326e+03
2.276427682802230720e+03
2.277507780538184306e+03
2.278485248511487043e+03
2.278735155122065407e+03
2.279965495301002193e+03
2.280140666943488213e+03
2.281962952665604462e+03
2.282200445737107657e+03
2.283350878688776902e+03
2.284183093228703910e+03
2.285257151287133183e+03
2.285630149706140401e+03
2.288160564072754369e+03
2.289116413399663088e+03
2.289564652332697278e+03
2.290761747923705570e+03
2.291210422691631720e+03
2.292976678271226774e+03
2.294351746325838121e+03
2.294784506517406044e+03
2.296218893731587741e+03
2.296607514965448900e+03
2.297188869384376176e+03
2.299219236803723106e+03
2.299810237937715101e+03
2.301725497717710368e+03
2.302968118806547409e+03
2.303990503400791567e+03
2.305156167775762697e+03
2.305696801501655045e+03
2.306513142368955414e+03
2.307224592351959473e+03
2.307862540651753534e+03
2.308533660243334907e+03
2.310104734828931214e+03
2.311742392957829907e+03
2.312839567853328845e+03
2.313354948861352568e+03
2.314654418892598187e+03
2.315118491219353928e+03
2.317018926999259293e+03
2.317584486601732351e+03
2.318644639682702291e+03
2.319199775667475024e+03
2.319691761314607447e+03
2.320516651112741783e+03
2.321464175996416543e+03
2.322422594839927569e+03
2.323037848315954761e+03
2.324807223060772685e+03
2.324936739421252241e+03
2.325959707946120034e+03
2.327450346253930547e+03
2.329668611774849069e+03
2.330055529483388909e+03
2.330634889807417039e+03
2.331320384787800322e+03
2.332587522552232258e+03
2.334882805392453065e+03
2.335289306616402428e+03
2.336132744927533167e+03
2.337817593052376651e+03
2.338574233586418814e+03
2.338943692226470375e+03
2.339945205808036917e+03
2.341434980796881518e+03
2.342868458883003768e+03
2.343644394766746700e+03
2.344504678715170940e+03
2.344778341754654321e+03
2.346799151601394442e+03
2.347310903157683242e+03
2.348555803546972129e+03
2.349701710024470231e+03
2.350015543182122656e+03
2.351335918002439030e+03
2.351624589349088637e+03
2.352869472986365508e+03
2.353741566707721176e+03
2.353927684401435272e+03
2.354815700791941708e+03
2.356372468528857098e+03
2.357324106227888024e+03
2.358588906611918901e+03
2.359509835722424214e+03
2.360758463393122838e+03
2.361144406113245623e+03
2.362645820003364861e+03
2.363533891287854658e+03
2.364520421891743354e+03
2.366820070107801257e+03
2.367631608746466100e+03
2.368495609661114941e+03
2.369161136824843652e+03
2.370109002546860211e+03
2.370875229967991345e+03
2.372554664363271513e+03
2.373941293479778324e+03
2.375204735118046301e+03
2.376517223595687938e+03
2.377101560102222720e+03
2.377597820382607551e+03
2.377638380585907271e+03
2.379188708163555020e+03
2.380741084181810947e+03
2.381949821873667133e+03
2.382122757615997216e+03
2.383483554800282036e+03
2.384177818937399024e+03
2.385218864342617053e+03
2.386667646822162169e+03
2.387636835611225251e+03
2.389404111436514540e+03
2.389819002448666652e+03
2.390455745754257350e+03
2.390821254391181355e+03
2.392413712128349289e+03
2.393550011445150176e+03
2.394448010646628063e+03
2.395324301918233232e+03
2.396684515847739476e+03
2.397277132440779951e+03
2.398001427668203178e+03
2.399551802382356982e+03
2.400167327163128448e+03
2.401274858295944341e+03
2.402690414370264079e+03
2.402856011041807960e+03
2.404617744363185921e+03
2.405144423496775744e+03
2.407469404294570268e+03
2.408843120141700183e+03
2.409599248039852682e+03
2.410313947868307878e+03
2.411767187468966313e+03
2.411936019802400097e+03
2.414285944843019024e+03
2.415557464517499739e+03
2.415830256157708391e+03
2.417201654507474359e+03
2.417968871473547097e+03
2.418727358466534497e+03
2.419267005241596053e+03
2.420028976663051708e+03
2.421451175967415111e+03
2.423950574739543754e+03
2.424427094241715622e+03
2.425061033689249598e+03
2.425481037407003441e+03
2.427255990699601625e+03
2.428119455195003866e+03
2.428962637412829281e+03
2.429576170639239535e+03
2.431166235401043195e+03
2.432243710586914858e+03
2.432805655342297996e+03
2.433462524139012203e+03
2.434470742555638026e+03
2.436142856972671780e+03
2.437252422129235583e+03
2.438673469714166458e+03
2.439145154705355253e+03
2.440127712044398777e+03
2.440564451543096766e+03
2.441381903611578764e+03
2.442375102498445358e+03
2.443507061331819386e+03
2.444533042864986783e+03
2.445650710653505939e+03
2.447081434389244350e+03
2.447622997555698021e+03
2.448345357596255781e+03
2.448671937030155277e+03
2.449577542211472974e+03
2.450969909373741757e+03
2.451750536753611868e+03
2.452661904444702031e+03
2.453879336267414601e+03
2.454686944933350787e+03
2.455590407917750781e+03
2.456907808439278597e+03
2.458375961624285992e+03
2.459164514851858712e+03
2.460368482758284699e+03
2.461510369445134074e+03
2.462129437291048362e+03
2.463430826068247370e+03
2.464472688924703107e+03
2.465385955621753055e+03
2.466336208453554718e+03
2.467280635298671768e+03
2.468760192514818755e+03
2.469213501450672084e+03
2.469624731525659627e+03
2.470829579841882151e+03
2.471310170694228873e+03
2.472067566929046734e+03
2.473012438137451682e+03
2.474406490220015257e+03
2.475427873974870181e+03
2.475808832750491547e+03
2.476028258497302886e+03
2.477225933794650700e+03
2.479024913688749621e+03
2.480083533123325651e+03
2.481068132782867906e+03
2.481470236278239099e+03
2.482458710483900632e+03
2.484628965178555518e+03
2.486456492485239323e+03
2.486760247136481667e+03
2.487409392530711102e+03
2.488186720222776785e+03
2.488787474973482858e+03
2.490437121313441367e+03
2.491248053458344657e+03
2.492620941466852400e+03
2.493703282692107678e+03
2.494570430810565085e+03
2.494747990963172015e+03
2.496546594007300882e+03
2.497211188559023867e+03
2.498619755703518877e+03
2.499068227713742090e+03
2.500552911256447715e+03
2.501706894519411435e+03
2.502373608834958759e+03
2.502730049586224141e+03
2.503442039432446109e+03
2.504793286626368172e+03
2.505863826864868315e+03
2.507529419150517697e+03
2.507825814870919658e+03
2.508284941803382935e+03
2.508750143491880408e+03
2.509434781929794553e+03
2.510140777388664901e+03
2.511953712890332554e+03
2.512193971257244812e+03
2.514460363505983878e+03
2.514962603183312694e+03
2.515324237709643967e+03
2.516324587285083908e+03
2.517278551185626839e+03
2.517351722474641065e+03
2.518745048934393708e+03
2.519962566635117582e+03
2.520198339479740298e+03
2.520755362957464058e+03
2.522221329078222880e+03
2.523360502083600750e+03
2.525271251727237541e+03
2.525706567903577252e+03
2.526730272108046847e+03
2.527742989501868578e+03
2.528419334863845052e+03
2.529407103175394241e+03
2.529697977182761861e+03
2.531205264502296814e+03
2.532099012017273253e+03
2.532716702634093053e+03
2.534450033687508949e+03
2.535548179745936068e+03
2.535681205980636605e+03
2.536667453452516838e+03
2.537468301176984824e+03
2.538420960222113536e+03
2.540319061221324773e+03
2.541081663163213761e+03
2.542350454400859235e+03
2.542781258877723303e+03
2.543956624392767935e+03
2.544623915537104040e+03
2.545379655998184717e+03
2.547536126181478721e+03
2.548378823939819995e+03
2.548913715636187135e+03
2.551200949981088797e+03
2.551257694862026256e+03
2.552306073828026911e+03
2.553067218010543002e+03
2.553937498286875780e+03
2.554631417376679565e+03
2.556026003792753272e+03
2.557638390527423326e+03
2.558308465859460739e+03
2.559831951800597380e+03
2.560456595944825494e+03
2.562966586863354678e+03
2.564295515135946516e+03
2.565664013714464090e+03
2.566153773693375115e+03
2.568022386516910046e+03
2.568687237892814665e+03
2.570073293128228215e+03
2.570759100677431888e+03
2.571317228164215976e+03
2.572302175146112859e+03
2.574187236546259101e+03
2.574775141937535409e+03
2.576168164394327960e+03
2.577589708213131871e+03
2.578201855101674028e+03
2.578400542409015088e+03
2.578752003258382047e+03
2.581226540991639922e+03
2.582223672798388179e+03
2.583016191689595416e+03
2.584279538520441292e+03
2.585074152174010123e+03
2.586530952476784478e+03
2.587345709777608590e+03
2.588021788280618239e+03
2.588887951434942806e+03
2.590238153357008287e+03
2.591878128847763946e+03
2.592419667077221675e+03
2.593310690266081565e+03
2.595520102459974623e+03
2.595925023783948745e+03
2.597509012860462462e+03
2.597917199831028483e+03
2.598267676598386970e+03
2.599460949675855773e+03
2.600894707750334419e+03
2.601912937565947686e+03
2.602991896805807755e+03
2.604247149686343619e+03
2.605520844755958024e+03
2.606677226364070521e+03
2.607325166283006183e+03
2.608233615488428768e+03
2.608779195442175478e+03
2.609945974337339976e+03
2.610673328019339806e+03
2.611476260881917824e+03
2.612312548373384743e+03
2.612917441928310836e+03
2.613884080752020054e+03
2.615483912109053108e+03
2.617005531025173241e+03
2.617548773095339584e+03
2.618850144951783477e+03
2.619559210608276317e+03
2.619698298084151702e+03
2.621017531959219468e+03
2.622154079885036481e+03
2.622778914024474489e+03
2.624719797807501891e+03
2.625163424959602708e+03
2.625547183121106627e+03
2.627233695241328405e+03
2.627815381912417251e+03
2.629110185796058431e+03
2.629598552541181562e+03
2.630974531235555332e+03
2.632129485011500492e+03
2.633605309939402105e+03
2.634156728619579553e+03
2.634886520030674092e+03
2.635962305421574911e+03
2.636710227555997335e+03
2.637242230021428895e+03
2.638487975006514716e+03
2.638959790361880550e+03
2.640614129686971410e+03
2.640817596879126086e+03
2.642069929598827457e+03
2.644240959282251879e+03
2.644738582535590467e+03
2.645751813300515096e+03
2.647155009023305411e+03
2.647566621176514673e+03
2.648084795957219285e+03
2.648949505868554297e+03
2.650562632867577577e+03
2.651155076377653131e+03
2.651644959211941568e+03
2.652617566784200790e+03
2.655545265613551692e+03
2.656264282986589933e+03
2.657470866501197634e+03
2.658834003943042262e+03
2.659557425846540809e+03
2.660376059176668605e+03
2.661341939631571222e+03
2.661743814183655559e+03
2.662350258961218969e+03
2.663967347463671558e+03
2.666542069646609889e+03
2.667504664384749958e+03
2.669614819119448839e+03
2.670390681636716181e+03
2.671171170514280675e+03
2.671804777145415756e+03
2.672669071800833535e+03
2.673241243156471683e+03
2.673908037049580798e+03
2.674750567532249988e+03
2.675894769193958837e+03
2.676786571604647179e+03
2.677346158177805137e+03
2.677799261761420439e+03
2.680003706944702571e+03
2.681068217931188883e+03
2.681615023826163451e+03
2.682716092110500085e+03
2.683980426598830945e+03
2.684267443839754378e+03
2.685084760523607656e+03
2.686391635342701193e+03
2.687691141084191258e+03
2.689237397320982382e+03
2.689732799923544007e+03
2.690767591778568203e+03
2.691446975645618750e+03
2.693088896353763175e+03
2.694443932422733269e+03
2.696293378945008953e+03
2.696674576515046738e+03
2.697080487300154346e+03
2.698688415098394216e+03
2.699333094725286628e+03
2.700081609273528557e+03
2.701216124632298488e+03
2.701507517079312493e+03
2.703256853819678327e+03
2.703783135679878342e+03
2.704627637112669618e+03
2.705954135775136820e+03
2.706921317566339894e+03
2.708029865337426600e+03
2.709105001487932896e+03
2.710813062317194181e+03
2.711557937247479913e+03
2.713144867108591825e+03
2.714016042957010541e+03
2.715436216303317906e+03
2.715859445528219112e+03
2.716339215813213286e+03
2.717454540983002516e+03
2.718867329939286265e+03
2.719605547003646279e+03
2.720679944037266978e+03
2.721884556623139360e+03
2.722584168815836165e+03
2.723399241099287792e+03
2.725444405824131991e+03
2.725746470390388367e+03
2.726971856232405571e+03
2.727743639084819733e+03
2.729373744515031831e+03
2.730172068869605937e+03
2.730597461574941917e+03
2.731839773093029180e+03
2.732730885387950366e+03
2.733339102838432154e+03
2.734354054788423127e+03
2.735228922701277043e+03
2.736028693222172933e+03
2.736514539957473517e+03
2.737379011473993160e+03
2.737811655243209316e+03
2.739644403376295031e+03
2.740815415106293131e+03
2.741206710885939174e+03
2.742364645823508454e+03
2.743479517341058454e+03
2.744571154482177917e+03
2.744924986805156550e+03
2.746549122760229693e+03
2.747418154983388376e+03
2.748018700550139329e+03
2.749031644790420614e+03
2.750340814259437138e+03
2.751038901768545657e+03
2.751701475425045828e+03
2.752359703565334712e+03
2.754601012615512445e+03
2.755377471771414548e+03
2.755925714330976461e+03
2.757023519040213159e+03
2.757093124765003267e+03
2.758293435790770673e+03
2.759876064430263796e+03
2.760455965834315975e+03
2.761527069707896317e+03
2.762827527318142074e+03
2.763566719799418024e+03
2.764912847472594876e+03
2.765021723558109443e+03
2.767191618163587918e+03
2.767736795797662126e+03
2.768334965166915936e+03
2.769696612270697187e+03
2.770650349080325668e+03
2.771013381255494096e+03
2.771985219377505928e+03
2.773594105652616236e+03
2.774193617975392954e+03
2.775839692682512577e+03
2.776234219073482564e+03
2.777269455181508420e+03
2.778249832700857041e+03
2.778581056537058430e+03
2.779790729924617608e+03
2.780441812839560043e+03
2.780848272548312252e+03
2.782864947876215410e+03
2.783829486993117825e+03
2.783961860530675040e+03
2.786362846362563687e+03
2.787138100838410082e+03
2.787590903368638919e+03
2.788037099419175320e+03
2.789548340420824843e+03
2.790752370090021941e+03
2.792639658933696410e+03
2.793479339837747375e+03
2.794013448683546812e+03
2.794491169397759677e+03
2.796098730428439012e+03
2.796704240310598834e+03
2.797974957125245510e+03
2.798755754298699685e+03
2.799632382773247627e+03
2.800364672341856476e+03
2.801629047371253364e+03
2.803451990855154691e+03
2.804639973588676185e+03
2.805081403688221144e+03
2.806188933837518562e+03
2.806580806369820039e+03
2.807769068224984949e+03
2.808209085719221548e+03
2.810610938458051351e+03
2.811287616093103679e+03
2.812018982861095537e+03
2.812241366434423071e+03
2.814067616766303217e+03
2.814853984298069008e+03
2.815825118747188753e+03
2.816029288007591276e+03
2.817501733599618092e+03
2.817893937830014693e+03
2.818510414394175768e+03
2.820627741431613686e+03
2.821423144703788239e+03
2.821759761526202965e+03
2.822245175866800309e+03
2.823574759253346656e+03
2.825971482077217843e+03
2.826673033301585747e+03
2.827503011982638327e+03
2.828434805646581481e+03
2.828457805120030116e+03
2.829179594676800662e+03
2.831139265256008912e+03
2.832872209046294302e+03
2.833261236238352922e+03
2.834403854830792625e+03
2.835279237348701827e+03
2.836013323835161827e+03
2.837944661912100401e+03
2.838194570083617691e+03
2.839349327033873124e+03
2.841174355236299562e+03
2.841494738335088186e+03
2.842245021747391547e+03
2.843882608177993916e+03
2.845452670568450230e+03
2.846010203995186203e+03
2.846796410414540333e+03
2.848006895396495565e+03
2.850247433832862953e+03
2.850589255977144603e+03
2.851314364490482149e+03
2.852680490691479008e+03
2.853257682673358431e+03
2.854037222744742394e+03
2.854832708783017551e+03
2.855223690229274325e+03
2.856277003272713955e+03
2.857447018841260615e+03
2.859358132717610260e+03
2.859999506599524466e+03
2.861645940909247656e+03
2.862008335834389527e+03
2.863325551655578693e+03
2.863803432675654221e+03
2.866014312373768007e+03
2.867816665253285919e+03
2.868979482714627011e+03
2.869923553649848145e+03
2.871015866177557655e+03
2.872071995822692315e+03
2.872986174660028610e+03
2.873547294419141508e+03
2.874822709418245722e+03
2.875373889247796797e+03
2.876327001714767903e+03
2.877767366719713209e+03
2.878229285040061768e+03
2.879842185871485526e+03
2.881010449727783453e+03
2.882623900095672980e+03
2.883733528657512579e+03
2.885052552959589775e+03
2.886285527100915260e+03
2.887645872142183180e+03
2.888224510549965089e+03
2.889246093961278348e+03
2.890641410553997048e+03
2.891105620744759563e+03
2.891304125844333612e+03
2.893340026352648692e+03
2.895159015055633063e+03
2.895782037805258369e+03
2.897178810101783711e+03
2.897374034940069578e+03
2.898905759373913497e+03
2.899572160774708209e+03
2.900691263687486753e+03
2.901649838070069109e+03
2.902947574927095502e+03
2.903872500449076597e+03
2.904020032555636135e+03
2.905100296194006660e+03
2.905687584625048203e+03
2.908205503187903560e+03
2.908806935791570140e+03
2.908945131049351403e+03
2.910443925263988604e+03
2.910878631087223766e+03
2.911701067894385233e+03
2.912843841707938736e+03
2.914103416622971963e+03
2.914880443320519589e+03
2.915749539532013841e+03
2.916892597240845134e+03
2.917543703942209049e+03
2.917872499833614711e+03
2.919073881344288566e+03
2.920762545468614917e+03
2.922200693168381804e+03
2.922742424931274400e+03
2.923421086370659850e+03
2.924186136427068959e+03
2.924845089489536804e+03
2.925932408504530031e+03
2.927179115644893500e+03
2.927649898488717099e+03
2.928576930118048949e+03
2.929104643732663135e+03
2.929944180318419967e+03
2.930965263095480168e+03
2.932194601682900156e+03
2.933313336228762637e+03
2.933647017178829174e+03
2.934541826603402114e+03
2.935930599900967991e+03
2.937901198209875929e+03
2.938373294598221491e+03
2.938766067142313659e+03
2.939692558607009232e+03
2.940211310604277514e+03
2.941640032883000458e+03
2.942166057767687107e+03
2.942802849507762403e+03
2.944471256577694476e+03
2.945070061004024865e+03
2.945590787669386827e+03
2.947077426261706023e+03
2.947826846936688526e+03
2.948118477883558626e+03
2.949517321094762337e+03
2.950525088429160860e+03
2.951652722166287276e+03
2.951979626359981012e+03
2.953057455074331756e+03
2.954238894512220668e+03
2.954962471295199066e+03
2.956557380764510071e+03
2.957560458500918230e+03
2.958054052124571172e+03
2.960226986816046519e+03
2.961715909335342076e+03
2.962906515477358425e+03
2.963535285654916152e+03
2.964602513195815845e+03
2.966069017781981529e+03
2.966922750906253896e+03
2.967425369459039302e+03
2.968391708034398562e+03
2.970826861908770297e+03
2.971868011772491172e+03
2.972171534925197648e+03
2.972488392572047815e+03
2.973534498739163155e+03
2.974968120617585555e+03
2.976057644093809358e+03
2.976343595549174097e+03
2.977674107441908745e+03
2.977892176006287627e+03
2.979763349564703276e+03
2.980664920691188854e+03
2.981526255400623086e+03
2.983421085081646197e+03
2.983965682004497921e+03
2.984923589819728932e+03
2.986083334475819356e+03
2.987312091775494991e+03
2.988063581859994883e+03
2.988167274645436009e+03
2.989223798189033005e+03
2.990115339455162484e+03
2.990682833299016238e+03
2.992060584682206354e+03
2.993389256705869229e+03
2.993694974125142835e+03
2.995475101571830692e+03
2.995743550681209854e+03
2.998257922885962216e+03
2.999369322160349839e+03
2.999471535495187709e+03
3.001089507617209165e+03
3.001657375262813275e+03
3.002770672366786584e+03
3.003946840987119685e+03
3.004450226077461593e+03
3.005891182787984235e+03
3.006212880218702594e+03
3.006600399438559180e+03
3.008067723744975410e+03
3.008714664074568191e+03
3.009934586099837361e+03
3.010134944726325102e+03
3.012282753615441834e+03
3.012767069525401894e+03
3.013584944331601946e+03
3.014212958311178227e+03
3.015527012352347811e+03
3.017340806143937698e+03
3.017375810928167994e+03
3.018358048449855232e+03
3.019123554996123858e+03
3.020414766001704265e+03
3.021856517252110734e+03
3.022315753026815855e+03
3.023790638234902872e+03
3.024980360386395660e+03
3.025057312645770253e+03
3.026500560033505280e+03
3.027079013807427145e+03
3.030357152624847004e+03
3.030580693286842688e+03
3.032028165207930215e+03
3.032368061255311659e+03
3.034275340902529933e+03
3.034618946911774401e+03
3.035734767276574075e+03
3.037301498307205293e+03
3.038098134598636989e+03
3.039728247683875452e+03
3.040082570242187558e+03
3.041221534332189549e+03
3.042465249442834192e+03
3.043143094756949722e+03
3.044276006269165919e+03
3.044989865363592799e+03
3.046535425114815553e+03
3.047281925599273563e+03
3.048500269307314738e+03
3.049727045788065880e+03
3.050092214909373070e+03
3.050777549037868084e+03
3.051898440276249858e+03
3.053015855932975683e+03
3.054741281549259838e+03
3.055511173216728821e+03
3.056854086418978113e+03
3.058139411107148590e+03
3.059091256034353592e+03
3.059530899982168194e+03
3.061271148911459022e+03
3.062737531741566272e+03
3.064073576668464284e+03
3.064814090618947375e+03
3.066432951715085892e+03
3.067013738382857809e+03
3.067321957615567044e+03
3.069060695969175868e+03
3.069446449082028266e+03
3.071496964251187819e+03
3.072158761578176836e+03
3.072772706451734848e+03
3.073843345615274302e+03
3.074667134608721426e+03
3.075502596217091195e+03
3.076559104419786308e+03
3.077580657455796882e+03
3.078413015816062398e+03
3.079593252110096728e+03
3.079781887573647055e+03
3.081274759991606516e+03
3.082612201469443789e+03
3.083141378003937461e+03
3.083492410405362079e+03
3.084369237455142866e+03
3.085125938048331591e+03
3.086952892587722545e+03
3.087330234251298862e+03
3.088531508537839727e+03
3.090446497549204651e+03
3.091274672647481566e+03
3.092901265385761690e+03
3.093554250592821518e+03
3.094140898467089755e+03
3.094393812043671915e+03
3.095364198685899282e+03
3.096083355725260844e+03
3.096259105052489758e+03
3.097913846603806633e+03
3.098444252656028311e+03
3.099430043527444468e+03
3.100946540035310136e+03
3.101389102999669831e+03
3.102185977740187354e+03
3.103024800371570564e+03
3.103489166387491423e+03
3.105000844568296998e+03
3.105894970248667050e+03
3.106706215837721174e+03
3.108216415688353663e+03
3.108879191739145881e+03
3.109868981867580260e+03
3.110488020860842425e+03
3.111617913967718323e+03
3.113245129013482256e+03
3.113946398983018298e+03
3.114942359297716393e+03
3.116620618963183006e+03
3.117928044702518946e+03
3.118532485477377122e+03
3.118894294517796880e+03
3.119885276541255735e+03
3.121059222778028925e+03
3.122513625156015678e+03
3.122598696500347160e+03
3.123870131738548480e+03
3.124480928588906863e+03
3.125749438956730046e+03
3.126844038224919132e+03
3.127842171394155685e+03
3.129550645555895244e+03
3.129970393033512664e+03
3.130484013599602349e+03
3.131058772317924195e+03
3.131992105700046523e+03
3.133275369240191139e+03
3.134479308552623934e+03
3.135268643875765065e+03
3.137172052602134499e+03
3.137460601466282242e+03
3.137793930193803590e+03
3.138367830205431346e+03
3.139424977910481175e+03
3.141083025071923203e+03
3.141655791022193625e+03
3.145461339867378229e+03
3.146251285699942855e+03
3.147778621921895137e+03
3.149692663911142517e+03
3.150333777151568029e+03
3.151809872381491004e+03
3.152673621043976709e+03
3.153906603752910996e+03
3.154984878073337313e+03
3.155253573404425879e+03
3.156330418486462349e+03
3.156403186205303427e+03
3.157109242429569349e+03
3.159017125607825619e+03
3.160869201423363847e+03
3.162370024775080765e+03
3.163066823509305323e+03
3.165072225539226110e+03
3.165263367968576858e+03
3.165739238046357514e+03
3.166128348931061737e+03
3.167196521351580486e+03
3.169317968091952935e+03
3.169511752701034766e+03
3.170446629136685260e+03
3.171357149415355707e+03
3.172437436357769457e+03
3.173371505614014950e+03
3.174251188323661609e+03
3.174489727949367534e+03
3.175671735154578073e+03
3.176190858484458658e+03
3.176343636798071202e+03
3.176624508519027131e+03
3.178399491084672718e+03
3.178832911029777279e+03
3.179703055282464447e+03
3.180528654184996867e+03
3.181271439295708660e+03
3.183107018424757371e+03
3.183579045882063383e+03
3.184115524876415293e+03
3.184925277453879062e+03
3.185811622767546396e+03
3.187165293447676504e+03
3.187727169535722169e+03
3.188960329248351172e+03
3.189999261473632032e+03
3.192220497969027747e+03
3.194189113420051854e+03
3.195690139927699420e+03
3.197049482318040646e+03
3.198268543320330991e+03
3.198523046640809298e+03
3.200684788296352963e+03
3.203667611231555384e+03
