x_center,hist_y
5.167630014582300785e-02,5.464480874316939712e-02
1.016763001458230176e-01,1.912568306010928865e-01
1.516763001458230065e-01,3.551912568306009321e-01
2.016763001458230231e-01,3.825136612021858840e-01
2.516763001458229843e-01,3.551912568306011542e-01
3.016763001458230287e-01,6.010928961748628341e-01
3.516763001458230731e-01,4.371584699453552880e-01
4.016763001458230065e-01,6.830601092896176896e-01
4.516763001458230509e-01,3.825136612021858840e-01
5.016763001458229843e-01,6.284153005464482300e-01
5.516763001458230287e-01,8.196721311475402283e-01
6.016763001458230731e-01,5.737704918032781043e-01
6.516763001458230065e-01,7.650273224043726561e-01
7.016763001458230509e-01,8.196721311475402283e-01
7.516763001458230953e-01,7.923497267759573859e-01
8.016763001458230287e-01,7.377049180327862610e-01
8.516763001458230731e-01,5.464480874316934855e-01
9.016763001458230065e-01,9.016393442622963050e-01
9.516763001458230509e-01,7.377049180327862610e-01
1.001676300145823095e+00,8.469945355191267344e-01
1.051676300145822918e+00,5.737704918032781043e-01
1.101676300145823184e+00,8.196721311475402283e-01
1.151676300145823006e+00,6.010928961748628341e-01
1.201676300145823273e+00,5.191256830601088668e-01
1.251676300145823095e+00,5.737704918032806578e-01
1.301676300145822918e+00,4.644808743169395182e-01
1.351676300145823184e+00,4.644808743169395182e-01
1.401676300145823006e+00,4.098360655737701141e-01
1.451676300145823273e+00,2.732240437158467428e-01
1.501676300145823095e+00,3.551912568306023199e-01
1.551676300145822918e+00,2.459016393442620685e-01
1.601676300145823184e+00,3.551912568306007656e-01
1.651676300145823006e+00,3.551912568306007656e-01
1.701676300145823273e+00,1.912568306010927477e-01
1.751676300145823095e+00,2.732240437158479640e-01
1.801676300145822918e+00,3.551912568306007656e-01
1.851676300145823184e+00,1.639344262295080734e-01
1.901676300145823006e+00,8.196721311475403671e-02
1.951676300145823273e+00,2.732240437158467428e-01
2.001676300145823095e+00,5.464480874316959141e-02
2.051676300145823362e+00,8.196721311475366201e-02
2.101676300145823184e+00,1.092896174863391828e-01
2.151676300145823006e+00,5.464480874316959141e-02
2.201676300145822829e+00,8.196721311475366201e-02
2.251676300145823095e+00,1.092896174863391828e-01
2.301676300145823362e+00,8.196721311475366201e-02
2.351676300145823184e+00,5.464480874316959141e-02
2.401676300145823006e+00,5.464480874316910569e-02
2.451676300145823273e+00,5.464480874316959141e-02
2.501676300145823095e+00,8.196721311475438365e-02
2.551676300145823362e+00,2.732240437158455285e-02
2.601676300145823184e+00,5.464480874316959141e-02
2.651676300145823006e+00,2.732240437158455285e-02
2.701676300145823273e+00,0.000000000000000000e+00
2.751676300145823095e+00,0.000000000000000000e+00
2.801676300145823362e+00,2.732240437158455285e-02
2.851676300145823184e+00,0.000000000000000000e+00
2.901676300145823006e+00,0.000000000000000000e+00
2.951676300145823273e+00,0.000000000000000000e+00
3.001676300145823095e+00,5.464480874316959141e-02
3.051676300145823362e+00,0.000000000000000000e+00
3.101676300145823184e+00,0.000000000000000000e+00
3.151676300145823006e+00,0.000000000000000000e+00
3.201676300145823273e+00,0.000000000000000000e+00
3.251676300145823095e+00,0.000000000000000000e+00
3.301676300145823362e+00,0.000000000000000000e+00
3.351676300145823184e+00,0.000000000000000000e+00
3.401676300145823006e+00,0.000000000000000000e+00
3.451676300145823273e+00,0.000000000000000000e+00
3.501676300145823095e+00,0.000000000000000000e+00
3.551676300145823362e+00,0.000000000000000000e+00
3.601676300145823184e+00,0.000000000000000000e+00
3.651676300145823006e+00,0.000000000000000000e+00
3.701676300145823273e+00,0.000000000000000000e+00
3.751676300145823095e+00,0.000000000000000000e+00
3.801676300145823362e+00,0.000000000000000000e+00
3.851676300145823184e+00,0.000000000000000000e+00
3.901676300145823006e+00,0.000000000000000000e+00
3.951676300145823273e+00,0.000000000000000000e+00
4.001676300145822651e+00,0.000000000000000000e+00
4.051676300145823362e+00,0.000000000000000000e+00
4.101676300145823184e+00,0.000000000000000000e+00
4.151676300145823006e+00,0.000000000000000000e+00
4.201676300145823717e+00,0.000000000000000000e+00
4.251676300145822651e+00,0.000000000000000000e+00
4.301676300145823362e+00,0.000000000000000000e+00
4.351676300145823184e+00,0.000000000000000000e+00
4.401676300145823006e+00,0.000000000000000000e+00
4.451676300145823717e+00,0.000000000000000000e+00
4.501676300145822651e+00,0.000000000000000000e+00
4.551676300145823362e+00,0.000000000000000000e+00
4.601676300145823184e+00,2.732240437158430998e-02
