x_center,hist_y
2.500000000000000139e-02,7.067901234567901092e+00
7.500000000000001110e-02,3.703703703703703498e-01
1.250000000000000000e-01,4.012345679012344069e-01
1.750000000000000167e-01,4.320987654320988525e-01
2.250000000000000056e-01,2.777777777777778456e-01
2.750000000000000222e-01,4.320987654320984084e-01
3.250000000000000666e-01,4.320987654320988525e-01
3.750000000000000000e-01,2.469135802469136221e-01
4.250000000000000444e-01,3.703703703703704608e-01
4.749999999999999778e-01,1.851851851851852304e-01
5.250000000000000222e-01,2.777777777777775126e-01
5.750000000000000666e-01,2.777777777777775126e-01
6.250000000000000000e-01,3.703703703703708494e-01
6.750000000000000444e-01,3.086419753086417361e-01
7.250000000000000888e-01,2.469135802469139274e-01
7.750000000000000222e-01,3.086419753086417361e-01
8.250000000000000666e-01,3.703703703703700723e-01
8.750000000000000000e-01,2.160493827160496760e-01
9.250000000000000444e-01,2.469135802469133723e-01
9.750000000000000888e-01,3.086419753086424092e-02
1.024999999999999911e+00,2.777777777777775126e-01
1.075000000000000178e+00,1.851851851851850361e-01
1.125000000000000000e+00,1.851851851851850361e-01
1.175000000000000266e+00,2.160493827160492042e-01
1.225000000000000089e+00,1.851851851851858410e-01
1.274999999999999911e+00,2.777777777777775126e-01
1.325000000000000178e+00,1.234567901234566861e-01
1.375000000000000000e+00,2.777777777777775126e-01
1.425000000000000266e+00,1.543209876543208681e-01
1.475000000000000089e+00,1.851851851851858410e-01
1.524999999999999911e+00,0.000000000000000000e+00
1.575000000000000178e+00,9.259259259259251806e-02
1.625000000000000000e+00,1.234567901234566861e-01
1.675000000000000266e+00,2.469135802469133723e-01
1.725000000000000089e+00,1.543209876543215342e-01
1.774999999999999911e+00,3.086419753086417153e-02
1.825000000000000178e+00,1.234567901234566861e-01
1.875000000000000000e+00,1.851851851851850361e-01
1.925000000000000266e+00,9.259259259259251806e-02
1.975000000000000089e+00,1.851851851851858410e-01
2.025000000000000355e+00,9.259259259259210173e-02
2.075000000000000178e+00,1.234567901234572274e-01
2.125000000000000000e+00,1.234567901234572274e-01
2.174999999999999822e+00,2.777777777777762913e-01
2.225000000000000089e+00,1.234567901234572274e-01
2.275000000000000355e+00,9.259259259259210173e-02
2.325000000000000178e+00,2.469135802469144547e-01
2.375000000000000000e+00,6.172839506172806551e-02
2.425000000000000266e+00,1.234567901234572274e-01
2.475000000000000089e+00,3.086419753086430684e-02
2.525000000000000355e+00,1.234567901234561310e-01
2.575000000000000178e+00,9.259259259259292052e-02
2.625000000000000000e+00,6.172839506172806551e-02
2.675000000000000266e+00,1.234567901234572274e-01
2.725000000000000089e+00,1.543209876543215342e-01
2.775000000000000355e+00,3.086419753086403275e-02
2.825000000000000178e+00,6.172839506172861368e-02
2.875000000000000000e+00,3.086419753086403275e-02
2.925000000000000266e+00,1.234567901234572274e-01
2.975000000000000089e+00,6.172839506172861368e-02
3.025000000000000355e+00,3.086419753086403275e-02
3.075000000000000178e+00,3.086419753086430684e-02
3.125000000000000000e+00,3.086419753086403275e-02
3.175000000000000266e+00,3.086419753086430684e-02
3.225000000000000089e+00,0.000000000000000000e+00
3.275000000000000355e+00,6.172839506172806551e-02
3.325000000000000178e+00,9.259259259259292052e-02
3.375000000000000000e+00,6.172839506172806551e-02
3.425000000000000266e+00,3.086419753086430684e-02
3.475000000000000089e+00,6.172839506172861368e-02
3.525000000000000355e+00,6.172839506172806551e-02
3.575000000000000178e+00,9.259259259259292052e-02
3.625000000000000000e+00,9.259259259259210173e-02
3.675000000000000266e+00,0.000000000000000000e+00
3.725000000000000089e+00,0.000000000000000000e+00
3.775000000000000355e+00,3.086419753086403275e-02
3.825000000000000178e+00,6.172839506172861368e-02
3.875000000000000000e+00,0.000000000000000000e+00
3.925000000000000266e+00,3.086419753086430684e-02
3.975000000000000089e+00,3.086419753086430684e-02
4.025000000000000355e+00,3.086419753086430684e-02
4.075000000000000178e+00,0.000000000000000000e+00
4.125000000000000000e+00,6.172839506172861368e-02
4.175000000000000711e+00,3.086419753086430684e-02
4.224999999999999645e+00,0.000000000000000000e+00
4.275000000000000355e+00,0.000000000000000000e+00
4.325000000000000178e+00,3.086419753086375867e-02
4.375000000000000000e+00,6.172839506172861368e-02
4.425000000000000711e+00,0.000000000000000000e+00
4.474999999999999645e+00,3.086419753086430684e-02
4.525000000000000355e+00,0.000000000000000000e+00
4.575000000000000178e+00,0.000000000000000000e+00
4.625000000000000000e+00,0.000000000000000000e+00
4.675000000000000711e+00,0.000000000000000000e+00
4.724999999999999645e+00,3.086419753086430684e-02
4.775000000000000355e+00,0.000000000000000000e+00
4.825000000000001066e+00,0.000000000000000000e+00
4.875000000000000000e+00,3.086419753086430684e-02
4.925000000000000711e+00,3.086419753086430684e-02
4.974999999999999645e+00,3.086419753086430684e-02
5.025000000000000355e+00,0.000000000000000000e+00
5.075000000000001066e+00,3.086419753086430684e-02
5.125000000000000000e+00,0.000000000000000000e+00
5.175000000000000711e+00,3.086419753086430684e-02
5.224999999999999645e+00,0.000000000000000000e+00
5.275000000000000355e+00,0.000000000000000000e+00
5.325000000000001066e+00,0.000000000000000000e+00
5.375000000000000000e+00,0.000000000000000000e+00
5.425000000000000711e+00,3.086419753086430684e-02
5.474999999999999645e+00,3.086419753086430684e-02
5.525000000000000355e+00,3.086419753086375867e-02
5.575000000000001066e+00,3.086419753086430684e-02
5.625000000000000000e+00,0.000000000000000000e+00
5.675000000000000711e+00,0.000000000000000000e+00
5.724999999999999645e+00,3.086419753086430684e-02
5.775000000000000355e+00,3.086419753086375867e-02
5.825000000000001066e+00,0.000000000000000000e+00
5.875000000000000000e+00,3.086419753086430684e-02
5.925000000000000711e+00,0.000000000000000000e+00
5.974999999999999645e+00,0.000000000000000000e+00
6.025000000000000355e+00,0.000000000000000000e+00
6.075000000000001066e+00,0.000000000000000000e+00
6.125000000000000000e+00,0.000000000000000000e+00
6.175000000000000711e+00,6.172839506172861368e-02
6.224999999999999645e+00,0.000000000000000000e+00
6.275000000000000355e+00,3.086419753086375867e-02
6.325000000000001066e+00,0.000000000000000000e+00
6.375000000000000000e+00,0.000000000000000000e+00
6.425000000000000711e+00,0.000000000000000000e+00
6.474999999999999645e+00,3.086419753086430684e-02
6.525000000000000355e+00,0.000000000000000000e+00
6.575000000000001066e+00,0.000000000000000000e+00
6.625000000000000000e+00,0.000000000000000000e+00
6.675000000000000711e+00,0.000000000000000000e+00
6.724999999999999645e+00,0.000000000000000000e+00
6.775000000000000355e+00,0.000000000000000000e+00
6.825000000000001066e+00,0.000000000000000000e+00
6.875000000000000000e+00,0.000000000000000000e+00
6.925000000000000711e+00,0.000000000000000000e+00
6.974999999999999645e+00,0.000000000000000000e+00
7.025000000000000355e+00,0.000000000000000000e+00
7.075000000000001066e+00,3.086419753086430684e-02
7.125000000000000000e+00,0.000000000000000000e+00
7.175000000000000711e+00,0.000000000000000000e+00
7.224999999999999645e+00,0.000000000000000000e+00
7.275000000000000355e+00,0.000000000000000000e+00
7.325000000000001066e+00,0.000000000000000000e+00
7.375000000000000000e+00,0.000000000000000000e+00
7.425000000000000711e+00,0.000000000000000000e+00
7.474999999999999645e+00,0.000000000000000000e+00
7.525000000000000355e+00,0.000000000000000000e+00
7.575000000000001066e+00,0.000000000000000000e+00
7.625000000000000000e+00,0.000000000000000000e+00
7.675000000000000711e+00,0.000000000000000000e+00
7.724999999999999645e+00,0.000000000000000000e+00
7.775000000000000355e+00,0.000000000000000000e+00
7.825000000000001066e+00,0.000000000000000000e+00
7.875000000000000000e+00,0.000000000000000000e+00
7.925000000000000711e+00,0.000000000000000000e+00
7.974999999999999645e+00,0.000000000000000000e+00
8.025000000000000355e+00,3.086419753086375867e-02
