x_center,hist_y
4.527271189970747539e-02,1.848998459167950636e-01
9.527271189970748511e-02,2.157164869029275789e-01
1.452727118997074740e-01,3.697996918335900163e-01
1.952727118997074907e-01,3.389830508474577231e-01
2.452727118997074796e-01,4.622496147919877840e-01
2.952727118997074962e-01,4.622496147919872289e-01
3.452727118997075406e-01,7.395993836671804766e-01
3.952727118997074740e-01,5.855161787365178450e-01
4.452727118997075184e-01,4.314329738058552688e-01
4.952727118997074518e-01,6.471494607087828754e-01
5.452727118997074962e-01,1.047765793528504519e+00
5.952727118997075406e-01,6.163328197226497496e-01
6.452727118997074740e-01,8.936825885978441075e-01
6.952727118997075184e-01,7.395993836671796995e-01
7.452727118997075628e-01,8.320493066255788550e-01
7.952727118997074962e-01,8.628659476117096494e-01
8.452727118997075406e-01,5.546995377503847191e-01
8.952727118997074740e-01,8.012326656394463953e-01
9.452727118997075184e-01,8.320493066255770787e-01
9.952727118997075628e-01,5.546995377503859403e-01
1.045272711899707385e+00,4.622496147919872289e-01
1.095272711899707652e+00,4.314329738058548247e-01
1.145272711899707474e+00,6.471494607087820983e-01
1.195272711899707740e+00,4.930662557781197441e-01
1.245272711899707563e+00,2.773497688751936363e-01
1.295272711899707385e+00,4.314329738058548247e-01
1.345272711899707652e+00,4.930662557781197441e-01
1.395272711899707474e+00,2.773497688751923596e-01
1.445272711899707740e+00,4.314329738058548247e-01
1.495272711899707563e+00,3.697996918335914596e-01
1.545272711899707385e+00,4.314329738058548247e-01
1.595272711899707652e+00,2.465331278890598721e-01
1.645272711899707474e+00,3.081664098613248748e-01
1.695272711899707740e+00,4.006163328197223095e-01
1.745272711899707563e+00,9.244992295839786489e-02
1.795272711899707385e+00,2.157164869029274124e-01
1.845272711899707652e+00,3.081664098613248401e-02
1.895272711899707474e+00,2.773497688751923596e-01
1.945272711899707740e+00,3.081664098613248401e-02
1.995272711899707563e+00,9.244992295839786489e-02
2.045272711899707829e+00,6.163328197226469740e-02
2.095272711899707652e+00,6.163328197226523864e-02
2.145272711899707474e+00,1.232665639445304773e-01
2.195272711899707296e+00,1.232665639445293948e-01
2.245272711899707563e+00,1.232665639445304773e-01
2.295272711899707829e+00,3.081664098613234870e-02
2.345272711899707652e+00,6.163328197226523864e-02
2.395272711899707474e+00,3.081664098613234870e-02
2.445272711899707740e+00,3.081664098613261932e-02
2.495272711899707563e+00,3.081664098613261932e-02
2.545272711899707829e+00,3.081664098613234870e-02
2.595272711899707652e+00,0.000000000000000000e+00
2.645272711899707474e+00,3.081664098613234870e-02
2.695272711899707740e+00,6.163328197226523864e-02
2.745272711899707563e+00,3.081664098613261932e-02
2.795272711899707829e+00,0.000000000000000000e+00
2.845272711899707652e+00,3.081664098613261932e-02
2.895272711899707474e+00,0.000000000000000000e+00
2.945272711899707740e+00,6.163328197226523864e-02
2.995272711899707563e+00,3.081664098613261932e-02
3.045272711899707829e+00,0.000000000000000000e+00
3.095272711899707652e+00,6.163328197226523864e-02
3.145272711899707474e+00,6.163328197226469740e-02
3.195272711899707740e+00,6.163328197226523864e-02
3.245272711899707563e+00,3.081664098613261932e-02
3.295272711899707829e+00,0.000000000000000000e+00
3.345272711899707652e+00,0.000000000000000000e+00
3.395272711899707474e+00,3.081664098613234870e-02
3.445272711899707740e+00,3.081664098613261932e-02
3.495272711899707563e+00,3.081664098613261932e-02
3.545272711899707829e+00,3.081664098613234870e-02
3.595272711899707652e+00,0.000000000000000000e+00
3.645272711899707474e+00,0.000000000000000000e+00
3.695272711899707740e+00,3.081664098613261932e-02
3.745272711899707563e+00,0.000000000000000000e+00
3.795272711899707829e+00,0.000000000000000000e+00
3.845272711899707652e+00,0.000000000000000000e+00
3.895272711899707474e+00,3.081664098613234870e-02
3.945272711899707740e+00,0.000000000000000000e+00
3.995272711899707563e+00,0.000000000000000000e+00
4.045272711899707829e+00,0.000000000000000000e+00
4.095272711899707652e+00,0.000000000000000000e+00
4.145272711899707474e+00,0.000000000000000000e+00
4.195272711899708185e+00,0.000000000000000000e+00
4.245272711899707119e+00,0.000000000000000000e+00
4.295272711899707829e+00,0.000000000000000000e+00
4.345272711899707652e+00,0.000000000000000000e+00
4.395272711899707474e+00,0.000000000000000000e+00
4.445272711899708185e+00,0.000000000000000000e+00
4.495272711899707119e+00,0.000000000000000000e+00
4.545272711899707829e+00,0.000000000000000000e+00
4.595272711899707652e+00,0.000000000000000000e+00
4.645272711899707474e+00,0.000000000000000000e+00
4.695272711899708185e+00,0.000000000000000000e+00
4.745272711899707119e+00,0.000000000000000000e+00
4.795272711899707829e+00,0.000000000000000000e+00
4.845272711899708540e+00,0.000000000000000000e+00
4.895272711899707474e+00,0.000000000000000000e+00
4.945272711899708185e+00,0.000000000000000000e+00
4.995272711899707119e+00,0.000000000000000000e+00
5.045272711899707829e+00,0.000000000000000000e+00
5.095272711899708540e+00,0.000000000000000000e+00
5.145272711899707474e+00,0.000000000000000000e+00
5.195272711899708185e+00,0.000000000000000000e+00
5.245272711899707119e+00,0.000000000000000000e+00
5.295272711899707829e+00,0.000000000000000000e+00
5.345272711899708540e+00,0.000000000000000000e+00
5.395272711899707474e+00,0.000000000000000000e+00
5.445272711899708185e+00,0.000000000000000000e+00
5.495272711899707119e+00,0.000000000000000000e+00
5.545272711899707829e+00,0.000000000000000000e+00
5.595272711899708540e+00,0.000000000000000000e+00
5.645272711899707474e+00,0.000000000000000000e+00
5.695272711899708185e+00,0.000000000000000000e+00
5.745272711899707119e+00,0.000000000000000000e+00
5.795272711899707829e+00,0.000000000000000000e+00
5.845272711899708540e+00,3.081664098613261932e-02
