x_center,hist_y
7.188375987410608459e-02,1.562500000000000000e-01
1.218837598741061012e-01,2.343750000000000000e-01
1.718837598741060901e-01,2.734374999999998890e-01
2.218837598741061068e-01,3.125000000000000555e-01
2.718837598741060679e-01,5.468750000000001110e-01
3.218837598741061123e-01,5.078124999999995559e-01
3.718837598741061568e-01,4.296875000000001110e-01
4.218837598741060901e-01,7.812500000000002220e-01
4.718837598741061345e-01,6.640625000000001110e-01
5.218837598741060679e-01,7.031250000000001110e-01
5.718837598741061123e-01,7.421874999999993339e-01
6.218837598741061568e-01,1.054687499999999112e+00
6.718837598741060901e-01,7.812500000000009992e-01
7.218837598741061345e-01,8.203124999999992228e-01
7.718837598741061790e-01,7.031250000000008882e-01
8.218837598741061123e-01,6.249999999999994449e-01
8.718837598741061568e-01,5.468749999999995559e-01
9.218837598741060901e-01,5.859375000000007772e-01
9.718837598741061345e-01,9.374999999999992228e-01
1.021883759874106179e+00,8.984375000000012212e-01
1.071883759874106001e+00,5.859374999999994449e-01
1.121883759874106268e+00,6.640624999999994449e-01
1.171883759874106090e+00,5.078124999999995559e-01
1.221883759874106357e+00,3.906249999999996669e-01
1.271883759874106179e+00,1.953125000000006939e-01
1.321883759874106001e+00,7.031249999999993339e-01
1.371883759874106268e+00,4.296874999999996114e-01
1.421883759874106090e+00,3.906249999999996669e-01
1.471883759874106357e+00,2.734374999999997780e-01
1.521883759874106179e+00,3.515625000000012768e-01
1.571883759874106001e+00,1.953124999999998335e-01
1.621883759874106268e+00,4.296874999999996114e-01
1.671883759874106090e+00,1.953124999999998335e-01
1.721883759874106357e+00,3.124999999999997224e-01
1.771883759874106179e+00,3.906250000000013878e-02
1.821883759874106001e+00,3.124999999999997224e-01
1.871883759874106268e+00,1.171874999999999029e-01
1.921883759874106090e+00,1.171874999999999029e-01
1.971883759874106357e+00,7.812499999999993061e-02
2.021883759874106179e+00,1.953125000000006939e-01
2.071883759874106445e+00,1.562499999999991673e-01
2.121883759874106268e+00,7.812500000000027756e-02
2.171883759874106090e+00,1.171875000000004163e-01
2.221883759874105913e+00,7.812499999999958367e-02
2.271883759874106179e+00,7.812500000000027756e-02
2.321883759874106445e+00,3.906249999999979183e-02
2.371883759874106268e+00,1.171875000000004163e-01
2.421883759874106090e+00,0.000000000000000000e+00
2.471883759874106357e+00,7.812500000000027756e-02
2.521883759874106179e+00,1.171875000000004163e-01
2.571883759874106445e+00,0.000000000000000000e+00
2.621883759874106268e+00,3.906250000000013878e-02
2.671883759874106090e+00,7.812499999999958367e-02
2.721883759874106357e+00,3.906250000000013878e-02
2.771883759874106179e+00,0.000000000000000000e+00
2.821883759874106445e+00,0.000000000000000000e+00
2.871883759874106268e+00,3.906250000000013878e-02
2.921883759874106090e+00,0.000000000000000000e+00
2.971883759874106357e+00,0.000000000000000000e+00
3.021883759874106179e+00,0.000000000000000000e+00
3.071883759874106445e+00,0.000000000000000000e+00
3.121883759874106268e+00,0.000000000000000000e+00
3.171883759874106090e+00,1.171874999999993755e-01
3.221883759874106357e+00,0.000000000000000000e+00
3.271883759874106179e+00,0.000000000000000000e+00
3.321883759874106445e+00,0.000000000000000000e+00
3.371883759874106268e+00,0.000000000000000000e+00
3.421883759874106090e+00,3.906249999999979183e-02
