x_center,hist_y
3.748562486966875579e-02,3.613369467028003379e-02
8.748562486966876550e-02,1.445347786811201352e-01
1.374856248696687544e-01,2.168021680216801472e-01
1.874856248696687711e-01,2.529358626919602782e-01
2.374856248696687600e-01,4.336043360433605165e-01
2.874856248696687766e-01,3.794037940379400009e-01
3.374856248696688210e-01,4.878048780487805880e-01
3.874856248696687544e-01,6.865401987353207947e-01
4.374856248696687988e-01,6.142728093947606993e-01
4.874856248696687322e-01,8.310749774164409853e-01
5.374856248696687766e-01,8.310749774164400971e-01
5.874856248696688210e-01,5.962059620596200649e-01
6.374856248696687544e-01,8.672086720867220322e-01
6.874856248696687988e-01,7.226738934056000652e-01
7.374856248696688432e-01,6.865401987353215718e-01
7.874856248696687766e-01,7.768744354110200812e-01
8.374856248696688210e-01,6.142728093947601442e-01
8.874856248696687544e-01,8.310749774164419845e-01
9.374856248696687988e-01,6.142728093947601442e-01
9.874856248696688432e-01,6.504065040650415241e-01
1.037485624869668666e+00,6.684733514001800492e-01
1.087485624869668932e+00,6.504065040650400809e-01
1.137485624869668754e+00,5.058717253839201122e-01
1.187485624869669021e+00,5.420054200542000489e-01
1.237485624869668843e+00,5.962059620596227294e-01
1.287485624869668666e+00,6.865401987353200175e-01
1.337485624869668932e+00,4.516711833785000407e-01
1.387485624869668754e+00,4.516711833785000407e-01
1.437485624869669021e+00,3.974706413730800247e-01
1.487485624869668843e+00,3.432700993676615631e-01
1.537485624869668666e+00,3.252032520325200404e-01
1.587485624869668932e+00,3.432700993676600087e-01
1.637485624869668754e+00,3.432700993676600087e-01
1.687485624869669021e+00,2.529358626919600561e-01
1.737485624869668843e+00,3.071364046973814044e-01
1.787485624869668666e+00,1.626016260162600202e-01
1.837485624869668932e+00,1.626016260162600202e-01
1.887485624869668754e+00,2.529358626919600561e-01
1.937485624869669021e+00,1.084010840108400181e-01
1.987485624869668843e+00,1.806684733514008212e-01
2.037485624869669110e+00,1.626016260162592986e-01
2.087485624869668932e+00,1.445347786811206625e-01
2.137485624869668754e+00,3.613369467028016563e-02
2.187485624869668577e+00,7.226738934055969288e-02
2.237485624869668843e+00,3.613369467028016563e-02
2.287485624869669110e+00,1.806684733513992322e-02
2.337485624869668932e+00,7.226738934056033126e-02
2.387485624869668754e+00,1.806684733513992322e-02
2.437485624869669021e+00,3.613369467028016563e-02
2.487485624869668843e+00,5.420054200542024497e-02
2.537485624869669110e+00,3.613369467027984644e-02
2.587485624869668932e+00,3.613369467028016563e-02
2.637485624869668754e+00,1.806684733513992322e-02
2.687485624869669021e+00,0.000000000000000000e+00
2.737485624869668843e+00,1.806684733514008281e-02
2.787485624869669110e+00,3.613369467027984644e-02
2.837485624869668932e+00,5.420054200542024497e-02
2.887485624869668754e+00,3.613369467027984644e-02
2.937485624869669021e+00,3.613369467028016563e-02
2.987485624869668843e+00,0.000000000000000000e+00
3.037485624869669110e+00,1.806684733513992322e-02
3.087485624869668932e+00,1.806684733514008281e-02
3.137485624869668754e+00,1.806684733513992322e-02
3.187485624869669021e+00,0.000000000000000000e+00
3.237485624869668843e+00,0.000000000000000000e+00
3.287485624869669110e+00,0.000000000000000000e+00
3.337485624869668932e+00,0.000000000000000000e+00
3.387485624869668754e+00,0.000000000000000000e+00
3.437485624869669021e+00,0.000000000000000000e+00
3.487485624869668843e+00,1.806684733514008281e-02
