1  0.0 0.000100    0.0
2  0.0 0.000200    0.0
3  0.0 0.000300    0.0
4  0.0 0.000400    0.0
5  0.0 0.000500    0.0
6  0.0 0.000600    0.0
7  0.0 0.000700    0.0
8  0.0 0.000800    0.0
9  0.0 0.000900    0.0
10  0.0 0.001000    0.0
11  0.0 0.001100    0.0
12  0.0 0.001200    0.0
13  0.0 0.001300    0.0
14  0.0 0.001400    0.0
15  0.0 0.001500    0.0
16  0.0 0.001600    0.0
17  0.0 0.001700    0.0
18  0.0 0.001800    0.0
19  0.0 0.001900    0.0
20  0.0 0.002000    0.0
21  0.0 0.002100    0.0
22  0.0 0.002200    0.0
23  0.0 0.002300    0.0
24  0.0 0.002400    0.0
25  0.0 0.002500    0.0
26  0.0 0.002600    0.0
27  0.0 0.002700    0.0
28  0.0 0.002800    0.0
29  0.0 0.002900    0.0
30  0.0 0.003000    0.0
31  0.0 0.003100    0.0
32  0.0 0.003200    0.0
33  0.0 0.003300    0.0
34  0.0 0.003400    0.0
35  0.0 0.003500    0.0
36  0.0 0.003600    0.0
37  0.0 0.003700    0.0
38  0.0 0.003800    0.0
39  0.0 0.003900    0.0
40  0.0 0.004000    0.0
41  0.0 0.004100    0.0
42  0.0 0.004200    0.0
43  0.0 0.004300    0.0
44  0.0 0.004400    0.0
45  0.0 0.004500    0.0
46  0.0 0.004600    0.0
47  0.0 0.004700    0.0
48  0.0 0.004800    0.0
49  0.0 0.004900    0.0
50  0.0 0.005000    0.0
