-2952.98745892_-2952.87066459_-2952.77753107
-2.952986458919999677e+03,1.000000000023646862e+00
-2.952984458920000179e+03,0.000000000000000000e+00
-2.952982458919999772e+03,5.000000000118234311e-01
-2.952980458920000274e+03,5.000000000118234311e-01
-2.952978458919999866e+03,5.000000000118234311e-01
-2.952976458920000368e+03,5.000000000118234311e-01
-2.952974458919999961e+03,5.000000000118234311e-01
-2.952972458920000463e+03,1.000000000023646862e+00
-2.952970458920000056e+03,5.000000000118234311e-01
-2.952968458920000558e+03,1.000000000023646862e+00
-2.952966458920000150e+03,1.000000000023646862e+00
-2.952964458920000652e+03,1.000000000023646862e+00
-2.952962458920000245e+03,1.500000000035470293e+00
-2.952960458920000747e+03,5.000000000118234311e-01
-2.952958458920000339e+03,5.000000000118234311e-01
-2.952956458920000841e+03,1.000000000023646862e+00
-2.952954458920000434e+03,1.000000000023646862e+00
-2.952952458920000936e+03,1.500000000035470293e+00
-2.952950458920000528e+03,1.000000000023646862e+00
-2.952948458920001030e+03,1.500000000035470293e+00
-2.952946458920000623e+03,2.000000000047293724e+00
-2.952944458920001125e+03,2.000000000047293724e+00
-2.952942458920000718e+03,2.000000000047293724e+00
-2.952940458920001220e+03,2.000000000047293724e+00
-2.952938458920000812e+03,3.000000000070940587e+00
-2.952936458920001314e+03,2.000000000047293724e+00
-2.952934458920000907e+03,3.000000000070940587e+00
-2.952932458920001409e+03,3.000000000070940587e+00
-2.952930458920001001e+03,1.500000000035470293e+00
-2.952928458920001503e+03,2.500000000059117156e+00
-2.952926458920001096e+03,2.500000000059117156e+00
-2.952924458920001598e+03,3.000000000070940587e+00
-2.952922458920001191e+03,3.000000000070940587e+00
-2.952920458920001693e+03,2.500000000059117156e+00
-2.952918458920001285e+03,3.000000000070940587e+00
-2.952916458920001787e+03,3.500000000082764018e+00
-2.952914458920001380e+03,2.500000000059117156e+00
-2.952912458920001882e+03,3.000000000070940587e+00
-2.952910458920001474e+03,3.000000000070940587e+00
-2.952908458920001976e+03,3.000000000070940587e+00
-2.952906458920001569e+03,4.000000000094587449e+00
-2.952904458920002071e+03,2.000000000047293724e+00
-2.952902458920001664e+03,2.500000000059117156e+00
-2.952900458920002166e+03,4.000000000094587449e+00
-2.952898458920001758e+03,3.500000000082764018e+00
-2.952896458920002260e+03,3.000000000070940587e+00
-2.952894458920001853e+03,3.500000000082764018e+00
-2.952892458920002355e+03,5.000000000118234311e+00
-2.952890458920001947e+03,3.000000000070940587e+00
-2.952888458920002449e+03,3.500000000082764018e+00
-2.952886458920002042e+03,3.500000000082764018e+00
-2.952884458920002544e+03,4.000000000094587449e+00
-2.952882458920002136e+03,4.500000000106410880e+00
-2.952880458920002638e+03,3.000000000070940587e+00
-2.952878458920002231e+03,4.500000000106410880e+00
-2.952876458920002733e+03,4.500000000106410880e+00
-2.952874458920002326e+03,4.000000000094587449e+00
-2.952872458920002828e+03,5.500000000130057742e+00
-2.952870458920002420e+03,4.000000000094587449e+00
-2.952868458920002922e+03,4.500000000106410880e+00
-2.952866458920002515e+03,5.500000000130057742e+00
-2.952864458920003017e+03,4.500000000106410880e+00
-2.952862458920002609e+03,4.000000000094587449e+00
-2.952860458920003111e+03,4.500000000106410880e+00
-2.952858458920002704e+03,4.500000000106410880e+00
-2.952856458920003206e+03,5.000000000118234311e+00
-2.952854458920002799e+03,5.500000000130057742e+00
-2.952852458920003301e+03,5.000000000118234311e+00
-2.952850458920002893e+03,5.500000000130057742e+00
-2.952848458920003395e+03,5.000000000118234311e+00
-2.952846458920002988e+03,5.500000000130057742e+00
-2.952844458920003490e+03,5.500000000130057742e+00
-2.952842458920003082e+03,7.000000000165528036e+00
-2.952840458920003584e+03,5.000000000118234311e+00
-2.952838458920003177e+03,6.500000000153704605e+00
-2.952836458920003679e+03,7.500000000177351467e+00
-2.952834458920003271e+03,6.000000000141881173e+00
-2.952832458920003774e+03,6.500000000153704605e+00
-2.952830458920003366e+03,7.000000000165528036e+00
-2.952828458920003868e+03,6.500000000153704605e+00
-2.952826458920003461e+03,8.000000000189174898e+00
-2.952824458920003963e+03,8.500000000200998329e+00
-2.952822458920003555e+03,8.000000000189174898e+00
-2.952820458920004057e+03,6.500000000153704605e+00
-2.952818458920003650e+03,8.500000000200998329e+00
-2.952816458920004152e+03,8.000000000189174898e+00
-2.952814458920003744e+03,9.500000000224645191e+00
-2.952812458920004246e+03,9.000000000212821760e+00
-2.952810458920003839e+03,8.500000000200998329e+00
-2.952808458920004341e+03,1.000000000023646862e+01
-2.952806458920003934e+03,9.000000000212821760e+00
-2.952804458920004436e+03,8.000000000189174898e+00
-2.952802458920004028e+03,1.050000000024829205e+01
-2.952800458920004530e+03,1.000000000023646862e+01
-2.952798458920004123e+03,9.500000000224645191e+00
-2.952796458920004625e+03,8.500000000200998329e+00
-2.952794458920004217e+03,1.050000000024829205e+01
-2.952792458920004719e+03,1.050000000024829205e+01
-2.952790458920004312e+03,1.150000000027193892e+01
-2.952788458920004814e+03,1.150000000027193892e+01
-2.952786458920004407e+03,1.150000000027193892e+01
-2.952784458920004909e+03,1.150000000027193892e+01
-2.952782458920004501e+03,1.000000000023646862e+01
-2.952780458920005003e+03,1.150000000027193892e+01
-2.952778458920004596e+03,1.050000000024829205e+01
-2.952776458920005098e+03,4.500000000106410880e+00
