-2840.74789323_-2840.65002879_-2840.53200553
-2.840746893229999841e+03,1.000000000023646862e+00
-2.840744893230000343e+03,0.000000000000000000e+00
-2.840742893229999936e+03,5.000000000118234311e-01
-2.840740893230000438e+03,0.000000000000000000e+00
-2.840738893230000031e+03,5.000000000118234311e-01
-2.840736893230000533e+03,5.000000000118234311e-01
-2.840734893230000125e+03,5.000000000118234311e-01
-2.840732893230000627e+03,5.000000000118234311e-01
-2.840730893230000220e+03,1.000000000023646862e+00
-2.840728893230000722e+03,1.000000000023646862e+00
-2.840726893230000314e+03,5.000000000118234311e-01
-2.840724893230000816e+03,5.000000000118234311e-01
-2.840722893230000409e+03,1.000000000023646862e+00
-2.840720893230000911e+03,1.000000000023646862e+00
-2.840718893230000504e+03,1.000000000023646862e+00
-2.840716893230001006e+03,5.000000000118234311e-01
-2.840714893230000598e+03,1.000000000023646862e+00
-2.840712893230001100e+03,1.000000000023646862e+00
-2.840710893230000693e+03,1.000000000023646862e+00
-2.840708893230001195e+03,1.000000000023646862e+00
-2.840706893230000787e+03,1.000000000023646862e+00
-2.840704893230001289e+03,2.000000000047293724e+00
-2.840702893230000882e+03,1.500000000035470293e+00
-2.840700893230001384e+03,1.000000000023646862e+00
-2.840698893230000976e+03,1.500000000035470293e+00
-2.840696893230001479e+03,1.500000000035470293e+00
-2.840694893230001071e+03,2.000000000047293724e+00
-2.840692893230001573e+03,2.000000000047293724e+00
-2.840690893230001166e+03,1.500000000035470293e+00
-2.840688893230001668e+03,2.500000000059117156e+00
-2.840686893230001260e+03,2.000000000047293724e+00
-2.840684893230001762e+03,2.000000000047293724e+00
-2.840682893230001355e+03,1.500000000035470293e+00
-2.840680893230001857e+03,2.500000000059117156e+00
-2.840678893230001449e+03,1.500000000035470293e+00
-2.840676893230001951e+03,2.500000000059117156e+00
-2.840674893230001544e+03,2.500000000059117156e+00
-2.840672893230002046e+03,2.000000000047293724e+00
-2.840670893230001639e+03,1.500000000035470293e+00
-2.840668893230002141e+03,2.500000000059117156e+00
-2.840666893230001733e+03,2.000000000047293724e+00
-2.840664893230002235e+03,2.500000000059117156e+00
-2.840662893230001828e+03,1.500000000035470293e+00
-2.840660893230002330e+03,1.500000000035470293e+00
-2.840658893230001922e+03,3.000000000070940587e+00
-2.840656893230002424e+03,2.500000000059117156e+00
-2.840654893230002017e+03,2.000000000047293724e+00
-2.840652893230002519e+03,1.500000000035470293e+00
-2.840650893230002112e+03,2.500000000059117156e+00
-2.840648893230002614e+03,3.500000000082764018e+00
-2.840646893230002206e+03,2.500000000059117156e+00
-2.840644893230002708e+03,3.000000000070940587e+00
-2.840642893230002301e+03,3.500000000082764018e+00
-2.840640893230002803e+03,3.000000000070940587e+00
-2.840638893230002395e+03,3.000000000070940587e+00
-2.840636893230002897e+03,3.500000000082764018e+00
-2.840634893230002490e+03,3.500000000082764018e+00
-2.840632893230002992e+03,4.500000000106410880e+00
-2.840630893230002584e+03,3.000000000070940587e+00
-2.840628893230003087e+03,3.500000000082764018e+00
-2.840626893230002679e+03,3.500000000082764018e+00
-2.840624893230003181e+03,4.000000000094587449e+00
-2.840622893230002774e+03,3.500000000082764018e+00
-2.840620893230003276e+03,4.500000000106410880e+00
-2.840618893230002868e+03,4.500000000106410880e+00
-2.840616893230003370e+03,4.500000000106410880e+00
-2.840614893230002963e+03,4.500000000106410880e+00
-2.840612893230003465e+03,5.500000000130057742e+00
-2.840610893230003057e+03,4.500000000106410880e+00
-2.840608893230003559e+03,4.000000000094587449e+00
-2.840606893230003152e+03,5.500000000130057742e+00
-2.840604893230003654e+03,5.500000000130057742e+00
-2.840602893230003247e+03,6.000000000141881173e+00
-2.840600893230003749e+03,6.000000000141881173e+00
-2.840598893230003341e+03,5.500000000130057742e+00
-2.840596893230003843e+03,6.000000000141881173e+00
-2.840594893230003436e+03,6.000000000141881173e+00
-2.840592893230003938e+03,7.500000000177351467e+00
-2.840590893230003530e+03,7.000000000165528036e+00
-2.840588893230004032e+03,7.000000000165528036e+00
-2.840586893230003625e+03,7.000000000165528036e+00
-2.840584893230004127e+03,7.000000000165528036e+00
-2.840582893230003720e+03,8.000000000189174898e+00
-2.840580893230004222e+03,6.000000000141881173e+00
-2.840578893230003814e+03,8.500000000200998329e+00
-2.840576893230004316e+03,8.500000000200998329e+00
-2.840574893230003909e+03,9.000000000212821760e+00
-2.840572893230004411e+03,8.500000000200998329e+00
-2.840570893230004003e+03,9.000000000212821760e+00
-2.840568893230004505e+03,9.500000000224645191e+00
-2.840566893230004098e+03,1.000000000023646862e+01
-2.840564893230004600e+03,1.000000000023646862e+01
-2.840562893230004192e+03,9.000000000212821760e+00
-2.840560893230004694e+03,1.000000000023646862e+01
-2.840558893230004287e+03,1.050000000024829205e+01
-2.840556893230004789e+03,1.000000000023646862e+01
-2.840554893230004382e+03,1.050000000024829205e+01
-2.840552893230004884e+03,1.150000000027193892e+01
-2.840550893230004476e+03,1.150000000027193892e+01
-2.840548893230004978e+03,1.200000000028376235e+01
-2.840546893230004571e+03,1.350000000031923264e+01
-2.840544893230005073e+03,1.150000000027193892e+01
-2.840542893230004665e+03,9.500000000224645191e+00
-2.840540893230005167e+03,1.200000000028376235e+01
-2.840538893230004760e+03,1.200000000028376235e+01
-2.840536893230005262e+03,1.250000000029558578e+01
-2.840534893230004855e+03,1.350000000031923264e+01
-2.840532893230005357e+03,1.400000000033105607e+01
-2.840530893230004949e+03,4.000000000094587449e+00
