-0.9515_0.0053_5.863
-1.434280000000000044e+01,1.692365550959013323e-02
-1.424279999999999902e+01,0.000000000000000000e+00
-1.414280000000000115e+01,0.000000000000000000e+00
-1.404279999999999973e+01,0.000000000000000000e+00
-1.394280000000000186e+01,0.000000000000000000e+00
-1.384280000000000044e+01,0.000000000000000000e+00
-1.374280000000000257e+01,0.000000000000000000e+00
-1.364280000000000115e+01,0.000000000000000000e+00
-1.354280000000000328e+01,0.000000000000000000e+00
-1.344280000000000186e+01,0.000000000000000000e+00
-1.334280000000000399e+01,0.000000000000000000e+00
-1.324280000000000257e+01,0.000000000000000000e+00
-1.314280000000000470e+01,0.000000000000000000e+00
-1.304280000000000328e+01,0.000000000000000000e+00
-1.294280000000000541e+01,0.000000000000000000e+00
-1.284280000000000399e+01,0.000000000000000000e+00
-1.274280000000000612e+01,0.000000000000000000e+00
-1.264280000000000470e+01,0.000000000000000000e+00
-1.254280000000000683e+01,0.000000000000000000e+00
-1.244280000000000541e+01,0.000000000000000000e+00
-1.234280000000000754e+01,0.000000000000000000e+00
-1.224280000000000612e+01,0.000000000000000000e+00
-1.214280000000000825e+01,0.000000000000000000e+00
-1.204280000000000683e+01,0.000000000000000000e+00
-1.194280000000000896e+01,0.000000000000000000e+00
-1.184280000000000754e+01,0.000000000000000000e+00
-1.174280000000000967e+01,0.000000000000000000e+00
-1.164280000000000825e+01,0.000000000000000000e+00
-1.154280000000001039e+01,0.000000000000000000e+00
-1.144280000000000896e+01,0.000000000000000000e+00
-1.134280000000001110e+01,0.000000000000000000e+00
-1.124280000000000967e+01,0.000000000000000000e+00
-1.114280000000001181e+01,0.000000000000000000e+00
-1.104280000000001039e+01,0.000000000000000000e+00
-1.094280000000001252e+01,0.000000000000000000e+00
-1.084280000000001110e+01,0.000000000000000000e+00
-1.074280000000001323e+01,0.000000000000000000e+00
-1.064280000000001181e+01,0.000000000000000000e+00
-1.054280000000001394e+01,0.000000000000000000e+00
-1.044280000000001252e+01,0.000000000000000000e+00
-1.034280000000001465e+01,0.000000000000000000e+00
-1.024280000000001323e+01,2.576156449793164382e-01
-1.014280000000001536e+01,0.000000000000000000e+00
-1.004280000000001394e+01,0.000000000000000000e+00
-9.942800000000016070e+00,0.000000000000000000e+00
-9.842800000000014649e+00,0.000000000000000000e+00
-9.742800000000016780e+00,0.000000000000000000e+00
-9.642800000000015359e+00,0.000000000000000000e+00
-9.542800000000017491e+00,0.000000000000000000e+00
-9.442800000000016070e+00,0.000000000000000000e+00
-9.342800000000018201e+00,0.000000000000000000e+00
-9.242800000000016780e+00,0.000000000000000000e+00
-9.142800000000018912e+00,0.000000000000000000e+00
-9.042800000000017491e+00,0.000000000000000000e+00
-8.942800000000019622e+00,0.000000000000000000e+00
-8.842800000000018201e+00,0.000000000000000000e+00
-8.742800000000020333e+00,0.000000000000000000e+00
-8.642800000000018912e+00,0.000000000000000000e+00
-8.542800000000021043e+00,0.000000000000000000e+00
-8.442800000000019622e+00,0.000000000000000000e+00
-8.342800000000021754e+00,0.000000000000000000e+00
-8.242800000000020333e+00,0.000000000000000000e+00
-8.142800000000022465e+00,0.000000000000000000e+00
-8.042800000000021043e+00,0.000000000000000000e+00
-7.942800000000022287e+00,0.000000000000000000e+00
-7.842800000000022642e+00,0.000000000000000000e+00
-7.742800000000022997e+00,0.000000000000000000e+00
-7.642800000000023353e+00,0.000000000000000000e+00
-7.542800000000023708e+00,0.000000000000000000e+00
-7.442800000000024063e+00,0.000000000000000000e+00
-7.342800000000024419e+00,0.000000000000000000e+00
-7.242800000000024774e+00,0.000000000000000000e+00
-7.142800000000025129e+00,0.000000000000000000e+00
-7.042800000000025484e+00,0.000000000000000000e+00
-6.942800000000025840e+00,0.000000000000000000e+00
-6.842800000000026195e+00,0.000000000000000000e+00
-6.742800000000026550e+00,0.000000000000000000e+00
-6.642800000000026905e+00,0.000000000000000000e+00
-6.542800000000027261e+00,0.000000000000000000e+00
-6.442800000000027616e+00,0.000000000000000000e+00
-6.342800000000027971e+00,0.000000000000000000e+00
-6.242800000000028326e+00,0.000000000000000000e+00
-6.142800000000028682e+00,0.000000000000000000e+00
-6.042800000000029037e+00,0.000000000000000000e+00
-5.942800000000029392e+00,0.000000000000000000e+00
-5.842800000000029748e+00,0.000000000000000000e+00
-5.742800000000030103e+00,0.000000000000000000e+00
-5.642800000000030458e+00,0.000000000000000000e+00
-5.542800000000030813e+00,0.000000000000000000e+00
-5.442800000000031169e+00,0.000000000000000000e+00
-5.342800000000031524e+00,0.000000000000000000e+00
-5.242800000000031879e+00,0.000000000000000000e+00
-5.142800000000032234e+00,0.000000000000000000e+00
-5.042800000000032590e+00,0.000000000000000000e+00
-4.942800000000032945e+00,0.000000000000000000e+00
-4.842800000000033300e+00,0.000000000000000000e+00
-4.742800000000033656e+00,0.000000000000000000e+00
-4.642800000000034011e+00,0.000000000000000000e+00
-4.542800000000034366e+00,0.000000000000000000e+00
-4.442800000000034721e+00,0.000000000000000000e+00
-4.342800000000035077e+00,0.000000000000000000e+00
-4.242800000000035432e+00,0.000000000000000000e+00
-4.142800000000035787e+00,0.000000000000000000e+00
-4.042800000000036142e+00,0.000000000000000000e+00
-3.942800000000036498e+00,0.000000000000000000e+00
-3.842800000000036853e+00,0.000000000000000000e+00
-3.742800000000037208e+00,0.000000000000000000e+00
-3.642800000000037564e+00,0.000000000000000000e+00
-3.542800000000037919e+00,0.000000000000000000e+00
-3.442800000000038274e+00,0.000000000000000000e+00
-3.342800000000038629e+00,0.000000000000000000e+00
-3.242800000000038985e+00,0.000000000000000000e+00
-3.142800000000039340e+00,0.000000000000000000e+00
-3.042800000000039695e+00,0.000000000000000000e+00
-2.942800000000040050e+00,0.000000000000000000e+00
-2.842800000000040406e+00,0.000000000000000000e+00
-2.742800000000040761e+00,0.000000000000000000e+00
-2.642800000000041116e+00,0.000000000000000000e+00
-2.542800000000041472e+00,0.000000000000000000e+00
-2.442800000000041827e+00,0.000000000000000000e+00
-2.342800000000042182e+00,0.000000000000000000e+00
-2.242800000000042537e+00,0.000000000000000000e+00
-2.142800000000042893e+00,0.000000000000000000e+00
-2.042800000000043248e+00,0.000000000000000000e+00
-1.942800000000043603e+00,0.000000000000000000e+00
-1.842800000000043958e+00,0.000000000000000000e+00
-1.742800000000044314e+00,0.000000000000000000e+00
-1.642800000000044669e+00,0.000000000000000000e+00
-1.542800000000045024e+00,0.000000000000000000e+00
-1.442800000000045380e+00,0.000000000000000000e+00
-1.342800000000045735e+00,0.000000000000000000e+00
-1.242800000000046090e+00,0.000000000000000000e+00
-1.142800000000046445e+00,0.000000000000000000e+00
-1.042800000000046801e+00,0.000000000000000000e+00
-9.428000000000471559e-01,3.008649868371578856e-02
-8.428000000000475112e-01,5.265137269650263518e-02
-7.428000000000478664e-01,5.453177886423486720e-02
-6.428000000000482217e-01,6.205340353516382301e-02
-5.428000000000485770e-01,8.273787138021843068e-02
-4.428000000000489322e-01,1.466716810831144580e-01
-3.428000000000492875e-01,1.165851823993986763e-01
-2.428000000000496428e-01,7.521624670928947487e-02
-1.428000000000499981e-01,0.000000000000000000e+00
-4.280000000005035332e-02,4.889056036103815728e-02
5.719999999994929141e-02,1.297480255735243559e-01
1.571999999999489361e-01,1.353892440767210659e-01
2.571999999999485809e-01,1.993230537796171209e-01
3.571999999999482256e-01,2.181271154569394688e-01
4.571999999999478703e-01,2.124858969537427866e-01
5.571999999999475151e-01,2.030838661150815849e-01
6.571999999999471598e-01,1.861602106054914552e-01
7.571999999999468045e-01,2.068446784505460490e-01
8.571999999999464492e-01,1.711169612636335435e-01
9.571999999999460940e-01,1.692365550959013254e-01
1.057199999999945739e+00,1.786385859345624993e-01
1.157199999999945383e+00,1.692365550959013254e-01
1.257199999999945028e+00,1.955622414441526291e-01
1.357199999999944673e+00,2.012034599473493668e-01
1.457199999999944318e+00,1.523128995863111679e-01
1.557199999999943962e+00,1.485520872508467038e-01
1.657199999999944495e+00,1.297480255735220522e-01
1.757199999999944140e+00,1.090635577284716773e-01
1.857199999999942008e+00,1.034223392252748563e-01
1.957199999999941653e+00,1.034223392252711787e-01
2.057199999999943074e+00,7.709665287702034686e-02
2.157199999999942719e+00,9.402030838661351586e-02
2.257199999999940587e+00,1.109439638962039509e-01
2.357199999999940232e+00,9.213990221887796706e-02
2.457199999999941653e+00,1.429108687476474682e-01
2.557199999999941298e+00,1.635953365927075021e-01
2.657199999999939166e+00,1.673561489281720494e-01
2.757199999999938811e+00,1.918014291086847511e-01
2.857199999999940232e+00,1.654757427604338915e-01
2.957199999999939877e+00,2.012034599473528917e-01
3.057199999999937745e+00,2.312899586310692146e-01
3.157199999999937390e+00,2.294095524633288363e-01
3.257199999999938811e+00,2.162467092892033926e-01
3.357199999999938456e+00,1.918014291086915513e-01
3.457199999999936324e+00,2.012034599473528917e-01
3.557199999999935969e+00,1.823993982700237437e-01
3.657199999999937390e+00,1.786385859345593352e-01
3.757199999999937035e+00,1.748777735991011162e-01
3.857199999999934903e+00,1.673561489281720494e-01
3.957199999999934548e+00,1.748777735990949267e-01
4.057199999999935969e+00,1.786385859345593352e-01
4.157199999999935613e+00,1.654757427604397757e-01
4.257199999999933482e+00,1.748777735991011162e-01
4.357199999999933127e+00,1.617149304249695108e-01
4.457199999999934548e+00,1.391500564121830597e-01
4.557199999999934192e+00,1.128243700639362246e-01
4.657199999999932061e+00,9.025949605114896857e-02
4.757199999999931705e+00,1.278676194057898341e-01
4.857199999999933127e+00,9.025949605114576280e-02
4.957199999999932771e+00,8.273787138021988785e-02
5.057199999999930640e+00,9.213990221888124221e-02
5.157199999999930284e+00,9.213990221887796706e-02
5.257199999999931705e+00,8.085746521248475538e-02
5.357199999999931350e+00,6.393380970289719301e-02
5.457199999999929219e+00,7.709665287702308079e-02
5.557199999999928863e+00,5.641218503196610001e-02
5.657199999999930284e+00,3.384731101917966278e-02
5.757199999999929929e+00,3.948852952237767722e-02
5.857199999999927797e+00,5.265137269650356500e-02
5.957199999999927442e+00,4.512974802557288140e-02
6.057199999999928863e+00,2.820609251598305001e-02
6.157199999999928508e+00,3.008649868371632286e-02
6.257199999999926376e+00,3.196690485144859650e-02
6.357199999999926021e+00,1.880406167732203565e-02
6.457199999999927442e+00,7.521624670928813566e-03
6.557199999999927087e+00,9.402030838661350892e-03
6.657199999999924955e+00,5.641218503196810535e-03
6.757199999999924600e+00,1.128243700639322035e-02
6.857199999999926021e+00,3.760812335464406783e-03
6.957199999999925666e+00,0.000000000000000000e+00
7.057199999999923534e+00,0.000000000000000000e+00
7.157199999999923179e+00,0.000000000000000000e+00
7.257199999999924600e+00,0.000000000000000000e+00
7.357199999999924245e+00,0.000000000000000000e+00
7.457199999999922113e+00,0.000000000000000000e+00
7.557199999999921758e+00,0.000000000000000000e+00
7.657199999999923179e+00,0.000000000000000000e+00
7.757199999999922824e+00,1.880406167732270178e-03
7.857199999999920692e+00,0.000000000000000000e+00
7.957199999999920337e+00,0.000000000000000000e+00
8.057199999999921758e+00,0.000000000000000000e+00
8.157199999999921403e+00,1.880406167732270178e-03
8.257199999999919271e+00,0.000000000000000000e+00
8.357199999999918916e+00,0.000000000000000000e+00
8.457199999999920337e+00,1.880406167732203392e-03
8.557199999999919982e+00,0.000000000000000000e+00
8.657199999999917850e+00,0.000000000000000000e+00
8.757199999999917495e+00,1.880406167732203392e-03
8.857199999999918916e+00,0.000000000000000000e+00
8.957199999999918560e+00,0.000000000000000000e+00
9.057199999999916429e+00,1.880406167732270178e-03
9.157199999999916074e+00,0.000000000000000000e+00
9.257199999999917495e+00,1.880406167732203392e-03
9.357199999999917139e+00,1.880406167732270178e-03
9.457199999999915008e+00,0.000000000000000000e+00
9.557199999999914652e+00,1.880406167732203392e-03
9.657199999999916074e+00,0.000000000000000000e+00
9.757199999999915718e+00,1.880406167732270178e-03
9.857199999999913587e+00,1.880406167732270178e-03
9.957199999999913231e+00,5.641218503196610175e-03
1.005719999999991465e+01,1.880406167732203392e-03
1.015719999999991430e+01,1.880406167732270178e-03
1.025719999999991217e+01,1.880406167732270178e-03
1.035719999999991181e+01,0.000000000000000000e+00
1.045719999999991323e+01,0.000000000000000000e+00
1.055719999999991288e+01,1.880406167732270178e-03
1.065719999999991074e+01,0.000000000000000000e+00
1.075719999999991039e+01,1.880406167732203392e-03
1.085719999999991181e+01,1.880406167732203392e-03
1.095719999999991146e+01,1.880406167732270178e-03
1.105719999999990932e+01,1.880406167732270178e-03
1.115719999999990897e+01,1.880406167732203392e-03
1.125719999999991039e+01,3.760812335464406783e-03
1.135719999999991003e+01,1.880406167732270178e-03
1.145719999999990790e+01,3.760812335464540357e-03
1.155719999999990755e+01,3.760812335464406783e-03
1.165719999999990897e+01,3.760812335464406783e-03
1.175719999999990861e+01,5.641218503196810535e-03
1.185719999999990648e+01,3.760812335464540357e-03
1.195719999999990613e+01,1.880406167732203392e-03
1.205719999999990755e+01,3.760812335464406783e-03
1.215719999999990719e+01,5.641218503196810535e-03
1.225719999999990506e+01,5.641218503196810535e-03
1.235719999999990470e+01,1.128243700639322035e-02
1.245719999999990613e+01,1.316284317412542461e-02
1.255719999999990577e+01,9.402030838661350892e-03
1.265719999999990364e+01,7.521624670929080714e-03
1.275719999999990328e+01,7.521624670928813566e-03
1.285719999999990470e+01,7.521624670928813566e-03
1.295719999999990435e+01,5.641218503196810535e-03
1.305719999999990222e+01,5.641218503196810535e-03
1.315719999999990186e+01,5.641218503196610175e-03
1.325719999999990328e+01,9.402030838661017825e-03
1.335719999999990293e+01,5.641218503196810535e-03
1.345719999999990080e+01,9.402030838661350892e-03
1.355719999999990044e+01,9.402030838661017825e-03
1.365719999999990186e+01,9.402030838661017825e-03
1.375719999999990151e+01,7.521624670929080714e-03
1.385719999999989938e+01,3.760812335464540357e-03
1.395719999999989902e+01,3.760812335464406783e-03
1.405719999999990044e+01,3.760812335464406783e-03
1.415719999999990009e+01,1.880406167732270178e-03
1.425719999999989795e+01,0.000000000000000000e+00
1.435719999999989760e+01,0.000000000000000000e+00
1.445719999999989902e+01,0.000000000000000000e+00
1.455719999999989867e+01,1.880406167732270178e-03
1.465719999999989653e+01,3.760812335464540357e-03
1.475719999999989618e+01,9.402030838661017825e-03
1.485719999999989760e+01,7.521624670928813566e-03
1.495719999999989724e+01,1.128243700639362107e-02
1.505719999999989511e+01,7.521624670929080714e-03
1.515719999999989476e+01,5.641218503196610175e-03
1.525719999999989618e+01,3.760812335464406783e-03
1.535719999999989582e+01,1.880406167732270178e-03
