-0.9509_0.003_2.3443
-1.434890000000000043e+01,3.783102143757895164e-02
-1.424889999999999901e+01,0.000000000000000000e+00
-1.414890000000000114e+01,0.000000000000000000e+00
-1.404889999999999972e+01,0.000000000000000000e+00
-1.394890000000000185e+01,0.000000000000000000e+00
-1.384890000000000043e+01,0.000000000000000000e+00
-1.374890000000000256e+01,0.000000000000000000e+00
-1.364890000000000114e+01,0.000000000000000000e+00
-1.354890000000000327e+01,0.000000000000000000e+00
-1.344890000000000185e+01,0.000000000000000000e+00
-1.334890000000000398e+01,0.000000000000000000e+00
-1.324890000000000256e+01,0.000000000000000000e+00
-1.314890000000000470e+01,0.000000000000000000e+00
-1.304890000000000327e+01,0.000000000000000000e+00
-1.294890000000000541e+01,0.000000000000000000e+00
-1.284890000000000398e+01,0.000000000000000000e+00
-1.274890000000000612e+01,0.000000000000000000e+00
-1.264890000000000470e+01,0.000000000000000000e+00
-1.254890000000000683e+01,0.000000000000000000e+00
-1.244890000000000541e+01,0.000000000000000000e+00
-1.234890000000000754e+01,0.000000000000000000e+00
-1.224890000000000612e+01,0.000000000000000000e+00
-1.214890000000000825e+01,0.000000000000000000e+00
-1.204890000000000683e+01,0.000000000000000000e+00
-1.194890000000000896e+01,0.000000000000000000e+00
-1.184890000000000754e+01,0.000000000000000000e+00
-1.174890000000000967e+01,0.000000000000000000e+00
-1.164890000000000825e+01,0.000000000000000000e+00
-1.154890000000001038e+01,0.000000000000000000e+00
-1.144890000000000896e+01,0.000000000000000000e+00
-1.134890000000001109e+01,0.000000000000000000e+00
-1.124890000000000967e+01,0.000000000000000000e+00
-1.114890000000001180e+01,0.000000000000000000e+00
-1.104890000000001038e+01,0.000000000000000000e+00
-1.094890000000001251e+01,0.000000000000000000e+00
-1.084890000000001109e+01,0.000000000000000000e+00
-1.074890000000001322e+01,0.000000000000000000e+00
-1.064890000000001180e+01,0.000000000000000000e+00
-1.054890000000001393e+01,0.000000000000000000e+00
-1.044890000000001251e+01,0.000000000000000000e+00
-1.034890000000001464e+01,0.000000000000000000e+00
-1.024890000000001322e+01,5.758722152164794661e-01
-1.014890000000001535e+01,0.000000000000000000e+00
-1.004890000000001393e+01,0.000000000000000000e+00
-9.948900000000016064e+00,0.000000000000000000e+00
-9.848900000000014643e+00,0.000000000000000000e+00
-9.748900000000016774e+00,0.000000000000000000e+00
-9.648900000000015353e+00,0.000000000000000000e+00
-9.548900000000017485e+00,0.000000000000000000e+00
-9.448900000000016064e+00,0.000000000000000000e+00
-9.348900000000018196e+00,0.000000000000000000e+00
-9.248900000000016774e+00,0.000000000000000000e+00
-9.148900000000018906e+00,0.000000000000000000e+00
-9.048900000000017485e+00,0.000000000000000000e+00
-8.948900000000019617e+00,0.000000000000000000e+00
-8.848900000000018196e+00,0.000000000000000000e+00
-8.748900000000020327e+00,0.000000000000000000e+00
-8.648900000000018906e+00,0.000000000000000000e+00
-8.548900000000021038e+00,0.000000000000000000e+00
-8.448900000000019617e+00,0.000000000000000000e+00
-8.348900000000021748e+00,0.000000000000000000e+00
-8.248900000000020327e+00,0.000000000000000000e+00
-8.148900000000022459e+00,0.000000000000000000e+00
-8.048900000000021038e+00,0.000000000000000000e+00
-7.948900000000022281e+00,0.000000000000000000e+00
-7.848900000000022636e+00,0.000000000000000000e+00
-7.748900000000022992e+00,0.000000000000000000e+00
-7.648900000000023347e+00,0.000000000000000000e+00
-7.548900000000023702e+00,0.000000000000000000e+00
-7.448900000000024058e+00,0.000000000000000000e+00
-7.348900000000024413e+00,0.000000000000000000e+00
-7.248900000000024768e+00,0.000000000000000000e+00
-7.148900000000025123e+00,0.000000000000000000e+00
-7.048900000000025479e+00,0.000000000000000000e+00
-6.948900000000025834e+00,0.000000000000000000e+00
-6.848900000000026189e+00,0.000000000000000000e+00
-6.748900000000026544e+00,0.000000000000000000e+00
-6.648900000000026900e+00,0.000000000000000000e+00
-6.548900000000027255e+00,0.000000000000000000e+00
-6.448900000000027610e+00,0.000000000000000000e+00
-6.348900000000027966e+00,0.000000000000000000e+00
-6.248900000000028321e+00,0.000000000000000000e+00
-6.148900000000028676e+00,0.000000000000000000e+00
-6.048900000000029031e+00,0.000000000000000000e+00
-5.948900000000029387e+00,0.000000000000000000e+00
-5.848900000000029742e+00,0.000000000000000000e+00
-5.748900000000030097e+00,0.000000000000000000e+00
-5.648900000000030452e+00,0.000000000000000000e+00
-5.548900000000030808e+00,0.000000000000000000e+00
-5.448900000000031163e+00,0.000000000000000000e+00
-5.348900000000031518e+00,0.000000000000000000e+00
-5.248900000000031874e+00,0.000000000000000000e+00
-5.148900000000032229e+00,0.000000000000000000e+00
-5.048900000000032584e+00,0.000000000000000000e+00
-4.948900000000032939e+00,0.000000000000000000e+00
-4.848900000000033295e+00,0.000000000000000000e+00
-4.748900000000033650e+00,0.000000000000000000e+00
-4.648900000000034005e+00,0.000000000000000000e+00
-4.548900000000034360e+00,0.000000000000000000e+00
-4.448900000000034716e+00,0.000000000000000000e+00
-4.348900000000035071e+00,0.000000000000000000e+00
-4.248900000000035426e+00,0.000000000000000000e+00
-4.148900000000035782e+00,0.000000000000000000e+00
-4.048900000000036137e+00,0.000000000000000000e+00
-3.948900000000036492e+00,0.000000000000000000e+00
-3.848900000000036847e+00,0.000000000000000000e+00
-3.748900000000037203e+00,0.000000000000000000e+00
-3.648900000000037558e+00,0.000000000000000000e+00
-3.548900000000037913e+00,0.000000000000000000e+00
-3.448900000000038268e+00,0.000000000000000000e+00
-3.348900000000038624e+00,0.000000000000000000e+00
-3.248900000000038979e+00,0.000000000000000000e+00
-3.148900000000039334e+00,0.000000000000000000e+00
-3.048900000000039689e+00,0.000000000000000000e+00
-2.948900000000040045e+00,0.000000000000000000e+00
-2.848900000000040400e+00,0.000000000000000000e+00
-2.748900000000040755e+00,0.000000000000000000e+00
-2.648900000000041111e+00,0.000000000000000000e+00
-2.548900000000041466e+00,0.000000000000000000e+00
-2.448900000000041821e+00,0.000000000000000000e+00
-2.348900000000042176e+00,0.000000000000000000e+00
-2.248900000000042532e+00,0.000000000000000000e+00
-2.148900000000042887e+00,0.000000000000000000e+00
-2.048900000000043242e+00,0.000000000000000000e+00
-1.948900000000043597e+00,0.000000000000000000e+00
-1.848900000000043953e+00,0.000000000000000000e+00
-1.748900000000044308e+00,0.000000000000000000e+00
-1.648900000000044663e+00,0.000000000000000000e+00
-1.548900000000045019e+00,0.000000000000000000e+00
-1.448900000000045374e+00,0.000000000000000000e+00
-1.348900000000045729e+00,0.000000000000000000e+00
-1.248900000000046084e+00,0.000000000000000000e+00
-1.148900000000046440e+00,0.000000000000000000e+00
-1.048900000000046795e+00,0.000000000000000000e+00
-9.489000000000471502e-01,5.464480874316959141e-02
-8.489000000000475055e-01,1.261034047919298295e-01
-7.489000000000478607e-01,1.261034047919298295e-01
-6.489000000000482160e-01,1.345102984447251460e-01
-5.489000000000485713e-01,1.723413198823041115e-01
-4.489000000000489266e-01,3.152585119798245739e-01
-3.489000000000492818e-01,2.816309373686433082e-01
-2.489000000000496371e-01,1.681378730559064394e-01
-1.489000000000499924e-01,8.406893652795321623e-03
-4.890000000005034764e-02,1.008827238335438664e-01
5.109999999994929709e-02,1.975620008406900607e-01
1.510999999999489418e-01,2.816309373686433082e-01
2.510999999999485865e-01,2.816309373686433082e-01
3.510999999999482313e-01,3.194619588062222459e-01
4.510999999999478760e-01,3.783102143757894886e-01
5.510999999999475207e-01,3.194619588062222459e-01
6.510999999999471655e-01,3.446826397646082230e-01
7.510999999999468102e-01,3.909205548549824494e-01
8.510999999999464549e-01,3.152585119798245739e-01
9.510999999999460996e-01,3.530895334174035116e-01
1.051099999999945744e+00,3.488860865910058395e-01
1.151099999999945389e+00,2.690205968894502919e-01
1.251099999999945034e+00,2.017654476670877328e-01
1.351099999999944679e+00,1.933585540142924164e-01
1.451099999999944323e+00,2.395964691046666983e-01
1.551099999999943968e+00,3.194619588062222459e-01
1.651099999999944501e+00,3.951240016813731271e-01
1.751099999999944146e+00,3.446826397646143292e-01
1.851099999999942014e+00,3.362757461118188740e-01
1.951099999999941659e+00,2.774274905422406956e-01
2.051099999999943080e+00,2.311895754518672463e-01
2.151099999999942725e+00,2.648171500630573383e-01
2.251099999999940593e+00,2.059688944934890409e-01
2.351099999999940238e+00,1.807482135350962360e-01
2.451099999999941659e+00,1.345102984447227590e-01
2.551099999999941303e+00,1.134930643127388533e-01
2.651099999999939172e+00,1.597309794031139540e-01
2.751099999999938817e+00,1.429171920975179366e-01
2.851099999999940238e+00,1.134930643127348426e-01
2.951099999999939882e+00,6.725514922236376647e-02
3.051099999999937751e+00,2.101723413198867962e-02
3.151099999999937396e+00,2.101723413198793022e-02
3.251099999999938817e+00,2.942412778478310439e-02
3.351099999999938461e+00,6.725514922236376647e-02
3.451099999999936330e+00,3.362757461118188324e-02
3.551099999999935974e+00,4.203446826397586218e-03
