-0.9095_0.0018_2.3145
-1.021300000000000097e+01,6.023102310231044365e-01
-1.011299999999999955e+01,0.000000000000000000e+00
-1.001300000000000168e+01,0.000000000000000000e+00
-9.913000000000000256e+00,0.000000000000000000e+00
-9.813000000000002387e+00,0.000000000000000000e+00
-9.713000000000000966e+00,0.000000000000000000e+00
-9.613000000000003098e+00,0.000000000000000000e+00
-9.513000000000001677e+00,0.000000000000000000e+00
-9.413000000000003809e+00,0.000000000000000000e+00
-9.313000000000002387e+00,0.000000000000000000e+00
-9.213000000000004519e+00,0.000000000000000000e+00
-9.113000000000003098e+00,0.000000000000000000e+00
-9.013000000000005230e+00,0.000000000000000000e+00
-8.913000000000003809e+00,0.000000000000000000e+00
-8.813000000000005940e+00,0.000000000000000000e+00
-8.713000000000004519e+00,0.000000000000000000e+00
-8.613000000000006651e+00,0.000000000000000000e+00
-8.513000000000005230e+00,0.000000000000000000e+00
-8.413000000000007361e+00,0.000000000000000000e+00
-8.313000000000005940e+00,0.000000000000000000e+00
-8.213000000000008072e+00,0.000000000000000000e+00
-8.113000000000006651e+00,0.000000000000000000e+00
-8.013000000000008782e+00,0.000000000000000000e+00
-7.913000000000008249e+00,0.000000000000000000e+00
-7.813000000000008605e+00,0.000000000000000000e+00
-7.713000000000008960e+00,0.000000000000000000e+00
-7.613000000000009315e+00,0.000000000000000000e+00
-7.513000000000009670e+00,0.000000000000000000e+00
-7.413000000000010026e+00,0.000000000000000000e+00
-7.313000000000010381e+00,0.000000000000000000e+00
-7.213000000000010736e+00,0.000000000000000000e+00
-7.113000000000011092e+00,0.000000000000000000e+00
-7.013000000000011447e+00,0.000000000000000000e+00
-6.913000000000011802e+00,0.000000000000000000e+00
-6.813000000000012157e+00,0.000000000000000000e+00
-6.713000000000012513e+00,0.000000000000000000e+00
-6.613000000000012868e+00,0.000000000000000000e+00
-6.513000000000013223e+00,0.000000000000000000e+00
-6.413000000000013578e+00,0.000000000000000000e+00
-6.313000000000013934e+00,0.000000000000000000e+00
-6.213000000000014289e+00,0.000000000000000000e+00
-6.113000000000014644e+00,0.000000000000000000e+00
-6.013000000000015000e+00,0.000000000000000000e+00
-5.913000000000015355e+00,0.000000000000000000e+00
-5.813000000000015710e+00,0.000000000000000000e+00
-5.713000000000016065e+00,0.000000000000000000e+00
-5.613000000000016421e+00,0.000000000000000000e+00
-5.513000000000016776e+00,0.000000000000000000e+00
-5.413000000000017131e+00,0.000000000000000000e+00
-5.313000000000017486e+00,0.000000000000000000e+00
-5.213000000000017842e+00,0.000000000000000000e+00
-5.113000000000018197e+00,0.000000000000000000e+00
-5.013000000000018552e+00,0.000000000000000000e+00
-4.913000000000018908e+00,0.000000000000000000e+00
-4.813000000000019263e+00,0.000000000000000000e+00
-4.713000000000019618e+00,0.000000000000000000e+00
-4.613000000000019973e+00,0.000000000000000000e+00
-4.513000000000020329e+00,0.000000000000000000e+00
-4.413000000000020684e+00,0.000000000000000000e+00
-4.313000000000021039e+00,0.000000000000000000e+00
-4.213000000000021394e+00,0.000000000000000000e+00
-4.113000000000021750e+00,0.000000000000000000e+00
-4.013000000000022105e+00,0.000000000000000000e+00
-3.913000000000022460e+00,0.000000000000000000e+00
-3.813000000000022816e+00,0.000000000000000000e+00
-3.713000000000023171e+00,0.000000000000000000e+00
-3.613000000000023526e+00,0.000000000000000000e+00
-3.513000000000023881e+00,0.000000000000000000e+00
-3.413000000000024237e+00,0.000000000000000000e+00
-3.313000000000024592e+00,0.000000000000000000e+00
-3.213000000000024947e+00,0.000000000000000000e+00
-3.113000000000025302e+00,0.000000000000000000e+00
-3.013000000000025658e+00,0.000000000000000000e+00
-2.913000000000026013e+00,0.000000000000000000e+00
-2.813000000000026368e+00,0.000000000000000000e+00
-2.713000000000026724e+00,0.000000000000000000e+00
-2.613000000000027079e+00,0.000000000000000000e+00
-2.513000000000027434e+00,0.000000000000000000e+00
-2.413000000000027789e+00,0.000000000000000000e+00
-2.313000000000028145e+00,0.000000000000000000e+00
-2.213000000000028500e+00,0.000000000000000000e+00
-2.113000000000028855e+00,0.000000000000000000e+00
-2.013000000000029210e+00,0.000000000000000000e+00
-1.913000000000029566e+00,0.000000000000000000e+00
-1.813000000000029921e+00,0.000000000000000000e+00
-1.713000000000030276e+00,0.000000000000000000e+00
-1.613000000000030631e+00,0.000000000000000000e+00
-1.513000000000030987e+00,0.000000000000000000e+00
-1.413000000000031342e+00,0.000000000000000000e+00
-1.313000000000031697e+00,0.000000000000000000e+00
-1.213000000000032053e+00,0.000000000000000000e+00
-1.113000000000032408e+00,0.000000000000000000e+00
-1.013000000000032763e+00,0.000000000000000000e+00
-9.130000000000331184e-01,5.775577557755796898e-02
-8.130000000000334737e-01,1.320132013201324728e-01
-7.130000000000338289e-01,1.113861386138617904e-01
-6.130000000000341842e-01,1.567656765676573305e-01
-5.130000000000345395e-01,1.897689768976904556e-01
-4.130000000000348948e-01,3.465346534653477306e-01
-3.130000000000352500e-01,2.433993399339942354e-01
-2.130000000000356053e-01,1.237623762376242054e-01
-1.130000000000359606e-01,8.250825082508279548e-03
-1.300000000003631584e-02,1.196369636963700578e-01
8.699999999996332889e-02,2.929042904290439231e-01
1.869999999999629736e-01,2.433993399339942354e-01
2.869999999999626183e-01,2.970297029702981262e-01
3.869999999999622631e-01,3.217821782178229006e-01
4.869999999999619078e-01,4.084158415841598888e-01
5.869999999999615525e-01,3.094059405940604579e-01
6.869999999999611973e-01,3.919141914191432985e-01
7.869999999999608420e-01,3.424092409240936385e-01
8.869999999999604867e-01,3.424092409240936385e-01
9.869999999999601314e-01,3.589108910891101734e-01
1.086999999999959776e+00,3.217821782178229006e-01
1.186999999999959421e+00,2.351485148514859957e-01
1.286999999999959066e+00,1.608910891089114503e-01
1.386999999999958710e+00,2.268976897689777006e-01
1.486999999999958355e+00,2.887788778877898310e-01
1.586999999999958000e+00,3.547854785478560258e-01
1.686999999999957645e+00,4.001650165016515937e-01
1.786999999999957289e+00,3.712871287128726161e-01
1.886999999999956934e+00,3.176567656765688086e-01
1.986999999999956579e+00,2.557755775577566504e-01
2.086999999999956223e+00,2.392739273927401156e-01
2.186999999999955868e+00,2.599009900990108535e-01
2.286999999999955513e+00,2.310231023102318759e-01
2.386999999999955158e+00,1.361386138613866204e-01
2.486999999999954802e+00,7.425742574257453155e-02
2.586999999999954447e+00,1.567656765676573305e-01
2.686999999999954092e+00,1.443894389438949155e-01
2.786999999999953737e+00,1.567656765676573305e-01
2.886999999999953381e+00,6.600660066006623639e-02
2.986999999999953026e+00,2.887788778877898449e-02
3.086999999999952671e+00,2.062706270627069974e-02
3.186999999999952315e+00,2.475247524752484038e-02
3.286999999999951960e+00,6.188118811881210268e-02
3.386999999999951605e+00,4.537953795379554706e-02
3.486999999999951250e+00,2.062706270627069974e-02
