-11.2365
-11.2364
-11.2349
-11.2321
-11.2302
-11.2268
-1.1536
-1.0190
-1.0134
-0.8258
-0.8238
-0.7098
-0.6431
-0.6220
-0.5908
-0.5834
-0.5167
-0.4950
-0.4809
-0.3381
-0.3362
0.0265
0.0303
0.0308
0.0426
0.0428
0.0637
0.0739
0.0891
0.0906
0.0953
0.0974
0.0999
0.1019
0.1027
0.1057
0.1145
0.1167
0.1173
0.1249
0.1260
0.1348
0.1385
0.1394
0.1405
0.1409
0.1586
0.2057
0.2134
0.2143
0.2161
0.2185
0.2315
0.2338
0.2430
0.2497
0.2547
0.2554
0.2605
0.2791
0.2849
0.2850
0.2876
0.2881
0.2899
0.2964
0.2978
0.3009
0.3149
0.3158
0.3214
0.3229
0.3245
0.3288
0.3424
0.3486
0.3520
0.3627
0.3667
0.3734
0.3799
0.3918
0.3934
0.3987
0.4064
0.4093
0.4119
0.4206
0.4296
0.4320
0.4343
0.4398
0.4503
0.4574
0.4701
0.4704
0.4790
0.4847
0.4939
0.4994
0.5041
0.5082
0.5171
0.5186
0.5216
0.5262
0.5316
0.5330
0.5405
0.5585
0.5606
0.5663
0.5769
0.5792
0.5953
0.5973
0.5996
0.6089
0.6415
0.6453
0.6553
0.6568
0.6743
0.6809
0.6863
0.6899
0.7021
0.7048
0.7115
0.7246
0.7258
0.7395
0.7429
0.7465
0.7574
0.7660
0.7678
0.7721
0.7749
0.7770
0.7808
0.7893
0.7942
0.7970
0.8045
0.8190
0.8219
0.8362
0.8392
0.8423
0.8441
0.8493
0.8705
0.8740
0.8863
0.8908
0.9101
0.9143
0.9242
0.9292
0.9336
0.9432
0.9482
0.9495
0.9602
0.9616
0.9680
0.9690
0.9772
0.9929
1.0067
1.0171
1.0181
1.0237
1.0336
1.0431
1.0495
1.0816
1.0874
1.1035
1.1088
1.1104
1.1390
1.1527
1.1562
1.1622
1.1661
1.1721
1.1794
1.1803
1.1923
1.1965
1.1972
1.2158
1.2415
1.2614
1.2718
1.2827
1.2852
1.2878
1.3063
1.3080
1.3235
1.3338
1.3403
1.3449
1.3507
1.3537
1.3562
1.3832
1.3945
1.3947
1.4006
1.4079
1.4164
1.4328
1.4385
1.4469
1.4786
1.4910
1.4979
1.5047
1.5229
1.5278
1.5319
1.5345
1.5404
1.5513
1.5617
1.5657
1.5751
1.5806
1.5886
1.5931
1.5952
1.6026
1.6133
1.6393
1.6564
1.6717
1.6845
1.7006
1.7042
1.7156
1.7189
1.7281
1.7353
1.7515
1.7567
1.7603
1.7778
1.7985
1.8050
1.8394
1.8447
1.8499
1.8548
1.8725
1.8844
1.9012
1.9141
1.9192
1.9410
1.9556
1.9633
1.9697
1.9732
1.9814
1.9880
1.9986
2.0148
2.0291
2.0399
2.0476
2.0538
2.0574
2.0788
2.0823
2.1011
2.1044
2.1124
2.1186
2.1303
2.1352
2.1440
2.1491
2.1576
2.1613
2.1690
2.1723
2.1800
2.2221
2.2237
2.2286
2.2380
2.2428
2.2584
2.2663
2.2701
2.2742
2.2924
2.2931
2.3024
2.3033
2.3060
2.3197
2.3219
2.3357
2.3507
2.3553
2.3578
2.3711
2.3848
2.3904
2.4009
2.4065
2.4141
2.4354
2.4400
2.4448
2.4513
2.4581
2.4678
2.4694
2.4809
2.4843
2.4949
2.5039
2.5158
2.5242
2.5354
2.5367
2.5382
2.5535
2.5561
2.5672
2.5764
2.5841
2.5881
2.5965
2.6116
2.6217
2.6306
2.6595
2.6783
2.6883
2.7037
2.7121
2.7204
2.7252
2.7403
2.7667
2.7779
2.7891
2.8040
2.8105
2.8127
2.8222
2.8268
2.8391
2.8499
2.8563
2.8620
2.8677
2.8903
2.8937
2.9253
2.9498
2.9555
2.9814
3.0205
3.0238
3.0345
3.0389
3.0497
3.0678
3.0705
3.0893
3.1092
3.1199
3.1262
3.1542
3.1630
3.1758
3.1771
3.1892
3.1996
3.2131
3.2249
3.2404
3.2821
3.2870
3.3044
3.3229
3.3349
3.3485
3.3527
3.3854
3.4109
3.4236
3.4473
3.4723
3.5087
3.5180
3.5289
3.5396
3.5572
3.5671
3.5954
3.6033
3.6077
3.6264
3.6360
3.6480
3.6996
3.7220
3.7335
3.7532
3.7984
3.8055
3.8324
3.8452
3.8620
3.8750
3.9063
3.9091
3.9205
3.9225
3.9338
3.9494
3.9669
3.9957
4.0045
4.0235
4.0371
4.0458
4.0596
4.0658
4.0755
4.0938
4.1056
4.1164
4.1297
4.1850
4.2044
4.2080
4.2224
4.2320
4.2510
4.2926
4.2995
4.3189
4.3321
4.3468
4.3564
4.3675
4.3702
4.3762
4.3859
4.4080
4.4256
4.4433
4.4662
4.4756
4.4876
4.5071
4.5167
4.5729
4.5741
4.5830
4.5949
4.6065
4.6079
4.6242
4.6325
4.6610
4.7368
4.8007
4.8216
4.8298
4.8494
4.8725
4.8942
4.9137
4.9406
4.9761
4.9945
5.0052
5.0354
5.0555
5.0653
5.0983
5.1315
5.1333
5.3394
5.3585
5.3680
5.3835
5.4095
5.4366
5.5058
5.5162
5.5412
5.5948
5.6478
5.7214
5.7754
5.7807
5.8511
5.8643
5.8775
5.8864
5.9462
5.9717
6.0015
6.0035
6.0285
6.0570
6.0893
6.1005
6.1195
6.1360
6.1712
6.1729
6.2419
6.2456
6.2554
6.2790
6.2904
6.2933
6.3108
6.3207
6.3337
6.3459
6.3476
6.3681
6.3899
6.4178
6.4202
6.4366
6.4479
6.4562
6.4655
6.4887
6.4992
6.5191
6.6164
6.6457
6.6565
6.6819
6.6949
6.7075
6.7375
6.7471
6.7646
6.7680
6.7859
6.8030
6.8259
6.8310
6.8493
6.8548
6.8745
6.8861
6.9179
6.9437
6.9467
6.9648
6.9702
6.9901
7.0060
7.0162
7.0557
7.0631
7.0672
7.1021
7.1103
7.1226
7.1285
7.1536
7.1599
7.1619
7.1796
7.1865
7.2008
7.2164
7.2417
7.2469
7.2910
7.2991
7.3161
7.3507
7.3533
7.3756
7.3870
7.4023
7.4082
7.4239
7.4273
7.4549
7.4790
7.5092
7.5316
7.5730
7.5915
7.6204
7.6354
7.6511
7.6660
7.6744
7.7031
7.7160
7.7266
7.7444
7.7694
7.7974
7.8084
7.8366
7.8582
7.8768
7.9248
7.9309
7.9894
7.9943
8.0009
8.0206
8.0415
8.0694
8.0914
8.1077
8.1858
8.2201
8.2423
8.2654
8.2676
8.2748
8.2886
8.2979
8.3299
8.3729
8.3947
8.4273
8.4582
8.4964
8.5073
8.5292
8.5557
8.5933
8.6115
8.6234
8.6445
8.6624
8.6659
8.6875
8.7079
8.7151
8.7608
8.7829
8.7896
8.8442
8.8790
8.9164
8.9417
8.9579
8.9773
8.9921
9.0029
9.0341
9.0363
9.0511
9.0613
9.1250
9.2068
9.3105
9.3211
9.3607
9.3753
9.3981
9.4100
9.4227
9.4376
9.4618
9.4782
9.5019
9.5262
9.5471
9.5681
9.5878
9.6249
9.6383
9.6547
9.6671
9.7430
9.7609
9.8346
9.8607
9.9502
9.9658
9.9968
10.0256
10.0416
10.0572
10.0814
10.0938
10.1093
10.1233
10.1358
10.1678
10.1796
10.2104
10.2592
10.2835
10.3165
10.3273
10.3705
10.3809
10.4537
10.5233
10.5423
10.5850
10.6173
10.6645
10.6835
10.7045
10.7595
10.8436
10.8781
10.9195
10.9422
11.0497
11.1000
11.1458
11.1841
11.2381
11.2697
11.3108
11.4068
11.5495
11.6035
11.7634
11.9816
12.1575
12.1984
12.2502
12.3741
12.4092
13.6429
13.7865
13.8706
13.9992
14.0643
14.6370
19.5874
19.6993
19.7134
19.7305
19.7641
20.0458
20.7351
21.2040
21.2915
21.3752
21.6897
21.7318
21.9210
21.9745
22.0758
22.1228
22.4846
22.6591
26.9472
27.0425
27.0769
27.1106
27.1915
27.2203
27.5324
27.5697
27.5859
27.5914
27.5980
27.6331
27.7048
27.7216
27.7391
27.7434
27.7630
27.8161
27.8420
27.8832
28.0696
28.0953
28.1215
28.2991
28.3270
28.3427
28.3974
28.4448
28.4713
28.6201
37.7877
38.0732
38.1133
38.2138
38.2468
38.3777
67.0617
67.1311
67.1487
67.1747
67.2026
67.3865
68.0766
68.3457
68.4926
68.5767
68.7595
68.7891
68.8838
68.9240
69.0141
69.0540
69.2329
69.4357
98.8161
98.8188
98.8252
98.8275
98.8310
98.8318
98.8334
98.8344
98.8360
98.8362
98.8380
98.8389
98.8479
98.8506
98.8513
98.8519
98.8542
98.8558
98.8569
98.8606
98.8623
98.8662
98.8682
98.8689
98.8718
98.8764
98.8783
98.8804
98.8838
98.8886
98.8916
98.8926
98.8966
98.8981
98.9054
98.9108
98.9148
98.9347
98.9386
98.9455
98.9533
98.9710
115.4608
115.5160
115.5339
115.5512
115.5928
115.6078
115.7787
115.7884
115.8141
115.8167
115.8207
115.8223
115.8432
115.8610
115.8734
115.8892
115.9001
115.9343
115.9471
115.9719
116.0468
116.0553
116.0679
116.1842
116.2014
116.2080
116.2365
116.2614
116.2744
116.3413
123.8977
124.1127
124.1468
124.2678
124.2959
124.3876
225.4455
225.4949
225.5113
225.5357
225.5605
225.6971
226.2927
226.5092
226.6505
226.7226
226.8695
226.8944
226.9356
226.9703
227.0316
227.0658
227.2174
227.3601
510.1971
510.2448
510.2872
510.4233
510.4790
510.5111
