-11.2316
-11.2314
-11.2304
-11.2296
-11.2285
-11.2277
-1.1556
-1.0187
-1.0168
-0.8267
-0.8259
-0.7138
-0.6441
-0.6227
-0.5912
-0.5888
-0.5085
-0.4962
-0.4923
-0.3384
-0.3381
0.0265
0.0304
0.0305
0.0426
0.0427
0.0653
0.0798
0.0899
0.0901
0.0980
0.0984
0.1001
0.1013
0.1015
0.1055
0.1139
0.1146
0.1172
0.1255
0.1256
0.1347
0.1359
0.1403
0.1413
0.1417
0.1593
0.2113
0.2135
0.2139
0.2192
0.2204
0.2276
0.2314
0.2465
0.2489
0.2560
0.2563
0.2599
0.2857
0.2866
0.2874
0.2911
0.2931
0.2939
0.2969
0.2990
0.2996
0.3186
0.3207
0.3211
0.3218
0.3244
0.3314
0.3484
0.3499
0.3554
0.3648
0.3671
0.3687
0.3718
0.4026
0.4040
0.4101
0.4150
0.4169
0.4240
0.4275
0.4319
0.4337
0.4367
0.4454
0.4476
0.4565
0.4675
0.4691
0.4759
0.4785
0.5027
0.5035
0.5049
0.5145
0.5165
0.5172
0.5191
0.5207
0.5208
0.5342
0.5369
0.5392
0.5685
0.5753
0.5782
0.5784
0.5811
0.5979
0.6009
0.6329
0.6425
0.6496
0.6580
0.6587
0.6803
0.6815
0.6939
0.6952
0.6998
0.7067
0.7131
0.7303
0.7368
0.7380
0.7452
0.7480
0.7498
0.7719
0.7740
0.7743
0.7765
0.7780
0.7814
0.7929
0.7952
0.7998
0.8032
0.8116
0.8287
0.8346
0.8359
0.8372
0.8381
0.8396
0.8655
0.8768
0.8908
0.8913
0.9182
0.9194
0.9212
0.9265
0.9359
0.9504
0.9532
0.9619
0.9631
0.9739
0.9778
0.9806
0.9855
0.9885
0.9991
1.0135
1.0229
1.0290
1.0452
1.0475
1.0535
1.0809
1.0929
1.1009
1.1026
1.1177
1.1421
1.1565
1.1573
1.1585
1.1623
1.1753
1.1795
1.1803
1.1981
1.1983
1.2152
1.2324
1.2467
1.2616
1.2720
1.2781
1.2982
1.3014
1.3240
1.3270
1.3409
1.3428
1.3460
1.3483
1.3524
1.3584
1.3789
1.3810
1.3856
1.3877
1.3907
1.4039
1.4054
1.4105
1.4138
1.4269
1.4740
1.5048
1.5084
1.5231
1.5281
1.5308
1.5316
1.5333
1.5359
1.5624
1.5712
1.5769
1.5782
1.5810
1.5918
1.5960
1.5965
1.5992
1.6021
1.6433
1.6637
1.6791
1.6834
1.7156
1.7207
1.7266
1.7290
1.7387
1.7564
1.7634
1.7769
1.7821
1.8017
1.8075
1.8105
1.8415
1.8628
1.8775
1.8818
1.8898
1.9004
1.9091
1.9170
1.9292
1.9347
1.9394
1.9436
1.9534
1.9794
1.9816
1.9926
2.0239
2.0305
2.0343
2.0384
2.0474
2.0543
2.0601
2.0695
2.0742
2.0852
2.0932
2.1057
2.1152
2.1220
2.1258
2.1307
2.1374
2.1579
2.1606
2.1808
2.1827
2.1888
2.2356
2.2373
2.2421
2.2446
2.2603
2.2732
2.2760
2.2773
2.2851
2.2920
2.2947
2.2963
2.2975
2.3034
2.3112
2.3577
2.3680
2.3769
2.3789
2.3820
2.3827
2.3852
2.3878
2.4044
2.4059
2.4119
2.4205
2.4266
2.4330
2.4383
2.4397
2.4421
2.4500
2.4584
2.4860
2.5010
2.5096
2.5135
2.5161
2.5228
2.5278
2.5516
2.5624
2.5715
2.5770
2.5911
2.5943
2.6028
2.6071
2.6177
2.6392
2.6668
2.6726
2.6895
2.6971
2.7100
2.7330
2.7345
2.7374
2.7410
2.7464
2.7855
2.7938
2.8001
2.8226
2.8238
2.8271
2.8293
2.8363
2.8437
2.8459
2.8748
2.8756
2.8908
2.8932
2.8968
2.9705
2.9739
3.0069
3.0106
3.0169
3.0234
3.0394
3.0998
3.1058
3.1106
3.1116
3.1355
3.1607
3.1766
3.1777
3.1828
3.1884
3.1917
3.2049
3.2076
3.2525
3.2689
3.2931
3.3047
3.3070
3.3154
3.3210
3.3410
3.3439
3.3704
3.4100
3.4248
3.4314
3.4802
3.4893
3.4922
3.5137
3.5266
3.5349
3.5735
3.5835
3.5943
3.6003
3.6187
3.6291
3.6350
3.6521
3.6981
3.7449
3.7494
3.7965
3.7982
3.8088
3.8380
3.8417
3.8808
3.8862
3.9066
3.9107
3.9133
3.9533
3.9604
3.9742
3.9857
4.0055
4.0329
4.0343
4.0386
4.0700
4.0790
4.0844
4.0902
4.1118
4.1191
4.1303
4.1436
4.2232
4.2269
4.2288
4.2386
4.2512
4.2575
4.2917
4.3461
4.3634
4.3687
4.3753
4.3792
4.3814
4.3885
4.4097
4.4161
4.4207
4.4282
4.4500
4.4680
4.4703
4.4979
4.5186
4.5275
4.5499
4.5761
4.5823
4.5907
4.6086
4.6223
4.6229
4.6332
4.7206
4.7866
4.8380
4.8565
4.8678
4.8790
4.9008
4.9161
4.9359
4.9415
4.9488
4.9776
5.0121
5.0540
5.0620
5.0770
5.1002
5.1138
5.1489
5.3756
5.3807
5.3968
5.4114
5.4226
5.5057
5.6069
5.6252
5.6332
5.6505
5.6806
5.7055
5.7690
5.8144
5.8365
5.8395
5.8572
5.8796
5.9183
5.9428
5.9576
5.9700
5.9836
6.0485
6.0565
6.0789
6.0842
6.1228
6.1278
6.1905
6.2420
6.2438
6.2621
6.2789
6.2796
6.3097
6.3099
6.3145
6.3460
6.3575
6.3643
6.3754
6.3797
6.3822
6.4368
6.4410
6.4472
6.4504
6.4674
6.4813
6.4839
6.5020
6.6576
6.6598
6.6659
6.6685
6.7162
6.7322
6.7440
6.7488
6.7589
6.7650
6.8106
6.8189
6.8246
6.8553
6.8626
6.8674
6.8697
6.9176
6.9419
6.9548
6.9584
6.9608
6.9667
6.9754
7.0575
7.0904
7.0952
7.1019
7.1095
7.1155
7.1160
7.1185
7.1372
7.1545
7.1584
7.1899
7.1933
7.1989
7.2022
7.2274
7.2361
7.2626
7.3058
7.3108
7.3184
7.3883
7.3893
7.3957
7.3983
7.4017
7.4099
7.4202
7.4355
7.4858
7.5029
7.5396
7.5530
7.5796
7.6036
7.6716
7.6788
7.7069
7.7113
7.7134
7.7187
7.7250
7.7298
7.7552
7.7669
7.7720
7.8501
7.8537
7.8805
7.9157
7.9549
7.9584
7.9805
8.0068
8.0146
8.0175
8.0783
8.0826
8.1211
8.2030
8.2398
8.2683
8.2792
8.2987
8.3043
8.3126
8.3290
8.3302
8.3543
8.3669
8.3816
8.4839
8.4877
8.4983
8.5407
8.5731
8.5832
8.6165
8.6254
8.6265
8.6378
8.6684
8.6911
8.6983
8.7457
8.7660
8.7815
8.7890
8.8746
8.8959
8.9328
8.9456
8.9517
8.9572
8.9714
9.0246
9.0305
9.0407
9.0558
9.0612
9.0671
9.0859
9.3053
9.3434
9.3481
9.3799
9.4117
9.4201
9.4327
9.4385
9.4787
9.5023
9.5184
9.5256
9.5354
9.5996
9.6032
9.6231
9.6409
9.6476
9.7044
9.7110
9.7464
9.7508
9.8302
9.9036
9.9960
10.0303
10.0318
10.0434
10.0547
10.1060
10.1174
10.1272
10.1376
10.1593
10.1913
10.2149
10.2386
10.2591
10.3102
10.3174
10.3577
10.3658
10.3863
10.4838
10.5058
10.5290
10.5592
10.5968
10.6569
10.7301
10.7340
10.7603
10.7765
10.8850
10.9681
10.9788
11.0506
11.0733
11.0832
11.2599
11.2694
11.2800
11.3427
11.4019
11.4969
11.5638
11.6823
11.7171
12.0605
12.1195
12.2180
12.2222
12.5252
12.5430
13.8394
14.0191
14.0887
14.1314
14.2228
14.3630
19.5240
19.7046
19.7120
19.7260
19.7365
20.0537
20.7576
21.1883
21.3581
21.3771
21.7395
21.7454
21.9947
22.0016
22.1359
22.1459
22.5895
22.7332
26.9262
27.0383
27.0443
27.0544
27.1869
27.1920
27.5428
27.5875
27.5901
27.5954
27.5966
27.6562
27.7435
27.7527
27.7533
27.7538
27.7670
27.8597
27.8662
27.8899
28.1073
28.1180
28.1338
28.3723
28.3969
28.4200
28.4428
28.4812
28.5075
28.5364
37.7821
38.1332
38.1434
38.2583
38.2690
38.4697
67.0165
67.1371
67.1438
67.1751
67.1834
67.3949
68.0956
68.3337
68.5595
68.5789
68.7971
68.8009
68.9399
68.9457
69.0652
69.0743
69.3117
69.4906
98.8191
98.8217
98.8280
98.8302
98.8357
98.8365
98.8368
98.8377
98.8388
98.8389
98.8411
98.8415
98.8540
98.8549
98.8554
98.8559
98.8604
98.8621
98.8638
98.8653
98.8667
98.8696
98.8709
98.8739
98.8777
98.8801
98.8821
98.8837
98.8847
98.8967
98.8983
98.8994
98.8997
98.9038
98.9102
98.9132
98.9173
98.9446
98.9467
98.9524
98.9548
98.9770
115.4520
115.5157
115.5188
115.5250
115.5926
115.5954
115.7944
115.8030
115.8188
115.8194
115.8242
115.8243
115.8641
115.8724
115.8936
115.8991
115.9077
115.9574
115.9599
115.9765
116.0651
116.0689
116.0751
116.2208
116.2449
116.2501
116.2591
116.2779
116.2965
116.3093
123.8949
124.1652
124.1735
124.3084
124.3178
124.4733
225.4114
225.5013
225.5076
225.5376
225.5450
225.7047
226.3087
226.5003
226.7097
226.7261
226.9036
226.9072
226.9847
226.9898
227.0754
227.0832
227.2835
227.4056
510.2093
510.2906
510.2997
510.5048
510.5178
510.5264
