-11.2327
-11.2324
-11.2313
-11.2302
-11.2289
-11.2274
-1.1551
-1.0188
-1.0160
-0.8265
-0.8255
-0.7130
-0.6440
-0.6224
-0.5913
-0.5876
-0.5104
-0.4961
-0.4897
-0.3383
-0.3377
0.0265
0.0304
0.0306
0.0426
0.0427
0.0650
0.0778
0.0898
0.0902
0.0974
0.0982
0.1001
0.1014
0.1017
0.1055
0.1140
0.1152
0.1172
0.1254
0.1257
0.1348
0.1368
0.1403
0.1409
0.1415
0.1592
0.2097
0.2135
0.2140
0.2191
0.2204
0.2298
0.2315
0.2449
0.2490
0.2558
0.2562
0.2600
0.2839
0.2863
0.2871
0.2903
0.2916
0.2925
0.2969
0.2986
0.2998
0.3180
0.3200
0.3217
0.3224
0.3238
0.3298
0.3473
0.3503
0.3520
0.3645
0.3669
0.3699
0.3733
0.4020
0.4040
0.4084
0.4099
0.4115
0.4194
0.4238
0.4318
0.4333
0.4359
0.4429
0.4482
0.4567
0.4687
0.4719
0.4764
0.4789
0.5016
0.5028
0.5044
0.5141
0.5152
0.5175
0.5192
0.5215
0.5229
0.5340
0.5376
0.5478
0.5690
0.5721
0.5780
0.5788
0.5851
0.5969
0.6020
0.6213
0.6426
0.6481
0.6574
0.6584
0.6790
0.6813
0.6920
0.6937
0.7006
0.7064
0.7129
0.7288
0.7385
0.7392
0.7410
0.7450
0.7516
0.7710
0.7733
0.7750
0.7755
0.7783
0.7791
0.7913
0.7952
0.8006
0.8010
0.8155
0.8233
0.8366
0.8375
0.8381
0.8385
0.8409
0.8669
0.8762
0.8901
0.8911
0.9174
0.9188
0.9204
0.9272
0.9380
0.9461
0.9512
0.9619
0.9640
0.9670
0.9715
0.9777
0.9825
0.9889
1.0027
1.0129
1.0227
1.0298
1.0409
1.0448
1.0525
1.0832
1.0904
1.1011
1.1040
1.1166
1.1416
1.1565
1.1566
1.1586
1.1613
1.1743
1.1793
1.1802
1.1978
1.1981
1.2149
1.2208
1.2457
1.2651
1.2724
1.2801
1.2961
1.3023
1.3205
1.3256
1.3323
1.3409
1.3435
1.3482
1.3521
1.3570
1.3753
1.3821
1.3832
1.3894
1.3933
1.4033
1.4073
1.4144
1.4208
1.4306
1.4818
1.5015
1.5074
1.5171
1.5275
1.5304
1.5321
1.5328
1.5383
1.5585
1.5685
1.5736
1.5786
1.5816
1.5901
1.5947
1.5953
1.5996
1.6047
1.6427
1.6654
1.6798
1.6853
1.7103
1.7158
1.7195
1.7293
1.7398
1.7492
1.7612
1.7693
1.7766
1.7870
1.8054
1.8095
1.8443
1.8598
1.8724
1.8757
1.8861
1.8924
1.9070
1.9174
1.9261
1.9367
1.9465
1.9523
1.9609
1.9763
1.9803
1.9892
2.0247
2.0277
2.0343
2.0451
2.0492
2.0510
2.0606
2.0688
2.0723
2.0868
2.0969
2.1087
2.1176
2.1254
2.1279
2.1307
2.1411
2.1555
2.1618
2.1751
2.1800
2.1865
2.2324
2.2353
2.2399
2.2444
2.2548
2.2703
2.2741
2.2762
2.2826
2.2933
2.2945
2.2984
2.2988
2.3079
2.3135
2.3473
2.3527
2.3721
2.3725
2.3732
2.3772
2.3845
2.3856
2.4043
2.4064
2.4129
2.4270
2.4331
2.4364
2.4429
2.4462
2.4513
2.4531
2.4635
2.4841
2.4995
2.5086
2.5124
2.5185
2.5230
2.5303
2.5509
2.5634
2.5673
2.5734
2.5860
2.5904
2.5991
2.6060
2.6213
2.6359
2.6543
2.6667
2.6839
2.6951
2.7111
2.7274
2.7329
2.7343
2.7375
2.7539
2.7810
2.7920
2.8010
2.8207
2.8230
2.8272
2.8334
2.8363
2.8435
2.8499
2.8714
2.8740
2.8908
2.8923
2.8995
2.9660
2.9697
3.0051
3.0121
3.0160
3.0265
3.0399
3.0938
3.0992
3.1050
3.1093
3.1179
3.1484
3.1699
3.1753
3.1779
3.1850
3.1903
3.2079
3.2103
3.2330
3.2529
3.2677
3.3004
3.3063
3.3085
3.3199
3.3407
3.3446
3.3656
3.4162
3.4215
3.4272
3.4706
3.4844
3.4916
3.5149
3.5272
3.5424
3.5654
3.5804
3.5933
3.6012
3.6222
3.6232
3.6341
3.6488
3.6989
3.7404
3.7467
3.7890
3.7947
3.8092
3.8405
3.8470
3.8731
3.8794
3.9067
3.9135
3.9165
3.9434
3.9543
3.9677
3.9832
4.0053
4.0268
4.0308
4.0362
4.0681
4.0762
4.0814
4.0887
4.1063
4.1158
4.1222
4.1403
4.2128
4.2223
4.2244
4.2354
4.2472
4.2574
4.2926
4.3434
4.3479
4.3585
4.3714
4.3733
4.3801
4.3843
4.4052
4.4149
4.4183
4.4257
4.4491
4.4691
4.4742
4.4932
4.5085
4.5238
4.5654
4.5793
4.5866
4.6003
4.6043
4.6177
4.6207
4.6308
4.6995
4.7753
4.8277
4.8512
4.8608
4.8726
4.8910
4.9121
4.9346
4.9478
4.9494
4.9993
5.0079
5.0493
5.0568
5.0757
5.0914
5.1177
5.1456
5.3683
5.3783
5.3896
5.4040
5.4202
5.4927
5.5880
5.5997
5.6258
5.6389
5.6737
5.6897
5.7711
5.8079
5.8387
5.8434
5.8635
5.8809
5.9397
5.9482
5.9741
5.9773
5.9819
6.0487
6.0655
6.0820
6.0926
6.1233
6.1329
6.1846
6.2421
6.2446
6.2604
6.2793
6.2813
6.3066
6.3157
6.3164
6.3379
6.3523
6.3611
6.3740
6.3821
6.3902
6.4326
6.4389
6.4480
6.4532
6.4632
6.4850
6.4939
6.4993
6.6509
6.6621
6.6637
6.6656
6.7119
6.7253
6.7490
6.7512
6.7551
6.7654
6.8045
6.8156
6.8262
6.8493
6.8604
6.8682
6.8712
6.9051
6.9355
6.9530
6.9569
6.9598
6.9667
6.9801
7.0457
7.0714
7.0861
7.0926
7.1013
7.1144
7.1157
7.1205
7.1403
7.1503
7.1599
7.1838
7.1886
7.1979
7.2016
7.2238
7.2382
7.2575
7.3046
7.3079
7.3183
7.3790
7.3825
7.3912
7.3957
7.4011
7.4100
7.4215
7.4453
7.4708
7.4972
7.5332
7.5524
7.5808
7.5969
7.6604
7.6728
7.6930
7.6958
7.7022
7.7153
7.7240
7.7287
7.7551
7.7744
7.7820
7.8303
7.8495
7.8807
7.9033
7.9482
7.9534
7.9852
8.0071
8.0117
8.0176
8.0708
8.0785
8.1176
8.1748
8.2283
8.2626
8.2766
8.2932
8.2944
8.3062
8.3180
8.3226
8.3559
8.3643
8.3844
8.4726
8.4793
8.5001
8.5324
8.5769
8.5823
8.6023
8.6161
8.6272
8.6350
8.6737
8.6850
8.6987
8.7265
8.7518
8.7780
8.7898
8.8545
8.8925
8.9101
8.9411
8.9492
8.9582
8.9757
9.0172
9.0299
9.0327
9.0512
9.0579
9.0661
9.0942
9.2808
9.3379
9.3429
9.3896
9.4056
9.4142
9.4277
9.4368
9.4621
9.4937
9.5123
9.5274
9.5346
9.5914
9.5986
9.6154
9.6380
9.6410
9.6932
9.7023
9.7445
9.7512
9.8341
9.8920
9.9901
10.0165
10.0241
10.0434
10.0576
10.0902
10.1087
10.1186
10.1343
10.1631
10.1773
10.2102
10.2188
10.2418
10.3046
10.3117
10.3524
10.3564
10.3839
10.4583
10.4949
10.5303
10.5742
10.6001
10.6468
10.7175
10.7217
10.7473
10.7747
10.8755
10.9462
10.9576
11.0265
11.0696
11.0889
11.2438
11.2669
11.2719
11.3113
11.4034
11.4569
11.5630
11.6652
11.7232
12.0405
12.1299
12.2136
12.2249
12.4945
12.5121
13.7989
13.9789
14.0619
14.0781
14.1939
14.4311
19.5408
19.7025
19.7127
19.7250
19.7416
20.0510
20.7532
21.1900
21.3435
21.3768
21.7312
21.7434
21.9801
21.9954
22.1230
22.1400
22.5686
22.7161
26.9296
27.0389
27.0506
27.0667
27.1871
27.1970
27.5408
27.5841
27.5893
27.5943
27.5966
27.6514
27.7337
27.7458
27.7507
27.7513
27.7672
27.8512
27.8617
27.8898
28.0981
28.1137
28.1310
28.3555
28.3794
28.4070
28.4395
28.4685
28.4996
28.5528
37.7826
38.1213
38.1369
38.2482
38.2646
38.4509
67.0287
67.1351
67.1450
67.1737
67.1868
67.3924
68.0920
68.3348
68.5454
68.5788
68.7907
68.7990
68.9282
68.9406
69.0542
69.0693
69.2956
69.4777
98.8185
98.8211
98.8275
98.8297
98.8347
98.8355
98.8362
98.8371
98.8382
98.8384
98.8404
98.8410
98.8526
98.8540
98.8547
98.8555
98.8587
98.8602
98.8627
98.8643
98.8655
98.8688
98.8713
98.8728
98.8783
98.8784
98.8813
98.8824
98.8838
98.8950
98.8971
98.8980
98.8991
98.9027
98.9089
98.9134
98.9159
98.9425
98.9453
98.9507
98.9544
98.9756
115.4533
115.5157
115.5217
115.5306
115.5922
115.5975
115.7924
115.7988
115.8180
115.8189
115.8234
115.8236
115.8593
115.8712
115.8878
115.8973
115.9060
115.9530
115.9575
115.9763
116.0606
116.0661
116.0735
116.2128
116.2363
116.2411
116.2575
116.2720
116.2916
116.3149
123.8949
124.1548
124.1675
124.2993
124.3135
124.4559
225.4207
225.4994
225.5085
225.5361
225.5478
225.7025
226.3056
226.5009
226.6974
226.7258
226.8979
226.9052
226.9744
226.9853
227.0659
227.0789
227.2699
227.3948
510.2072
510.2815
510.2960
510.4881
510.5095
510.5231
