-11.2352
-11.2349
-11.2336
-11.2314
-11.2297
-11.2270
-1.1541
-1.0190
-1.0143
-0.8260
-0.8245
-0.7110
-0.6435
-0.6221
-0.5911
-0.5850
-0.5146
-0.4954
-0.4839
-0.3382
-0.3368
0.0265
0.0303
0.0307
0.0426
0.0428
0.0642
0.0749
0.0894
0.0904
0.0960
0.0977
0.1000
0.1017
0.1023
0.1056
0.1143
0.1163
0.1173
0.1251
0.1259
0.1348
0.1382
0.1399
0.1404
0.1411
0.1589
0.2069
0.2134
0.2143
0.2180
0.2188
0.2315
0.2332
0.2431
0.2494
0.2551
0.2557
0.2603
0.2805
0.2854
0.2861
0.2883
0.2889
0.2908
0.2968
0.2978
0.3004
0.3164
0.3170
0.3215
0.3231
0.3251
0.3277
0.3436
0.3490
0.3517
0.3634
0.3667
0.3724
0.3775
0.3960
0.3983
0.4001
0.4060
0.4093
0.4142
0.4213
0.4309
0.4324
0.4346
0.4407
0.4498
0.4572
0.4696
0.4713
0.4792
0.4828
0.4970
0.5010
0.5039
0.5101
0.5170
0.5173
0.5203
0.5244
0.5289
0.5333
0.5393
0.5580
0.5628
0.5674
0.5774
0.5792
0.5948
0.5964
0.6031
0.6059
0.6426
0.6455
0.6560
0.6574
0.6759
0.6810
0.6879
0.6909
0.7017
0.7054
0.7121
0.7258
0.7291
0.7393
0.7431
0.7457
0.7556
0.7681
0.7699
0.7733
0.7751
0.7767
0.7805
0.7892
0.7954
0.7967
0.8032
0.8191
0.8205
0.8363
0.8388
0.8409
0.8421
0.8465
0.8697
0.8746
0.8880
0.8909
0.9131
0.9157
0.9229
0.9287
0.9370
0.9437
0.9469
0.9533
0.9625
0.9631
0.9676
0.9710
0.9789
0.9914
1.0062
1.0161
1.0216
1.0273
1.0325
1.0436
1.0502
1.0841
1.0870
1.1026
1.1074
1.1127
1.1401
1.1535
1.1564
1.1617
1.1644
1.1723
1.1796
1.1797
1.1966
1.1974
1.2000
1.2158
1.2431
1.2639
1.2725
1.2823
1.2895
1.2989
1.3068
1.3118
1.3256
1.3372
1.3409
1.3464
1.3521
1.3543
1.3627
1.3825
1.3896
1.3931
1.4014
1.4041
1.4127
1.4259
1.4336
1.4409
1.4821
1.4946
1.5039
1.5054
1.5252
1.5289
1.5320
1.5338
1.5417
1.5530
1.5631
1.5678
1.5765
1.5817
1.5884
1.5930
1.5947
1.6012
1.6104
1.6409
1.6655
1.6701
1.6860
1.7027
1.7077
1.7191
1.7266
1.7345
1.7385
1.7529
1.7579
1.7619
1.7778
1.8007
1.8066
1.8454
1.8503
1.8578
1.8607
1.8753
1.8859
1.9028
1.9138
1.9208
1.9402
1.9537
1.9644
1.9682
1.9744
1.9783
1.9876
2.0114
2.0196
2.0306
2.0393
2.0478
2.0514
2.0579
2.0752
2.0822
2.0981
2.1017
2.1127
2.1203
2.1269
2.1317
2.1414
2.1482
2.1525
2.1644
2.1667
2.1740
2.1816
2.2254
2.2287
2.2330
2.2425
2.2443
2.2628
2.2696
2.2737
2.2759
2.2922
2.2941
2.3016
2.3034
2.3070
2.3247
2.3293
2.3303
2.3577
2.3594
2.3623
2.3723
2.3839
2.3888
2.4016
2.4082
2.4128
2.4354
2.4391
2.4405
2.4498
2.4550
2.4634
2.4698
2.4742
2.4814
2.4979
2.5030
2.5144
2.5235
2.5289
2.5356
2.5452
2.5530
2.5618
2.5726
2.5779
2.5849
2.5905
2.6011
2.6205
2.6275
2.6303
2.6603
2.6788
2.6902
2.7098
2.7143
2.7223
2.7276
2.7406
2.7669
2.7777
2.7886
2.8034
2.8149
2.8183
2.8238
2.8280
2.8386
2.8470
2.8573
2.8630
2.8699
2.8905
2.8924
2.9163
2.9555
2.9600
2.9910
3.0176
3.0211
3.0341
3.0415
3.0606
3.0797
3.0836
3.0957
3.1160
3.1221
3.1426
3.1621
3.1697
3.1791
3.1837
3.1979
3.2078
3.2195
3.2277
3.2356
3.2884
3.2939
3.3059
3.3238
3.3393
3.3484
3.3541
3.3957
3.4166
3.4307
3.4473
3.4769
3.5024
3.5177
3.5285
3.5447
3.5575
3.5719
3.5947
3.6025
3.6117
3.6291
3.6339
3.6450
3.7000
3.7286
3.7378
3.7657
3.7968
3.8075
3.8386
3.8522
3.8620
3.8721
3.9084
3.9165
3.9212
3.9225
3.9395
3.9549
3.9733
4.0005
4.0123
4.0262
4.0352
4.0567
4.0640
4.0732
4.0825
4.0981
4.1053
4.1184
4.1333
4.1935
4.2115
4.2133
4.2271
4.2374
4.2545
4.2936
4.3145
4.3309
4.3395
4.3567
4.3622
4.3751
4.3773
4.3836
4.3947
4.4107
4.4293
4.4459
4.4682
4.4799
4.4871
4.5031
4.5173
4.5751
4.5834
4.5868
4.5993
4.6051
4.6099
4.6223
4.6270
4.6682
4.7500
4.8089
4.8323
4.8428
4.8568
4.8777
4.9004
4.9225
4.9460
4.9677
4.9985
5.0189
5.0419
5.0464
5.0701
5.0898
5.1275
5.1375
5.3498
5.3685
5.3738
5.3906
5.4138
5.4576
5.5379
5.5441
5.5704
5.6078
5.6523
5.7101
5.7754
5.7895
5.8465
5.8559
5.8736
5.8844
5.9459
5.9717
5.9885
5.9943
6.0146
6.0519
6.0869
6.0892
6.1112
6.1294
6.1560
6.1746
6.2423
6.2460
6.2569
6.2797
6.2870
6.2980
6.3176
6.3206
6.3315
6.3446
6.3523
6.3701
6.3874
6.4094
6.4241
6.4363
6.4511
6.4541
6.4608
6.4914
6.4948
6.5128
6.6289
6.6514
6.6598
6.6763
6.7005
6.7128
6.7439
6.7485
6.7634
6.7656
6.7921
6.8077
6.8295
6.8343
6.8539
6.8653
6.8724
6.8867
6.9237
6.9483
6.9489
6.9631
6.9691
6.9892
7.0189
7.0326
7.0662
7.0736
7.0792
7.1070
7.1129
7.1250
7.1311
7.1530
7.1604
7.1693
7.1812
7.1920
7.2018
7.2182
7.2424
7.2481
7.2974
7.3023
7.3179
7.3589
7.3635
7.3822
7.3905
7.4026
7.4087
7.4234
7.4400
7.4576
7.4847
7.5182
7.5409
7.5744
7.5941
7.6342
7.6503
7.6651
7.6724
7.6823
7.7074
7.7197
7.7280
7.7498
7.7858
7.7909
7.8032
7.8404
7.8737
7.8793
7.9330
7.9396
7.9905
8.0013
8.0048
8.0197
8.0520
8.0718
8.1088
8.1203
8.2005
8.2377
8.2561
8.2757
8.2796
8.2870
8.2956
8.3067
8.3399
8.3730
8.3905
8.4440
8.4642
8.5017
8.5146
8.5493
8.5653
8.5955
8.6123
8.6239
8.6481
8.6682
8.6746
8.6901
8.7078
8.7218
8.7677
8.7883
8.8096
8.8660
8.8840
8.9256
8.9449
8.9594
8.9838
8.9969
9.0107
9.0346
9.0417
9.0515
9.0632
9.1156
9.2304
9.3217
9.3306
9.3795
9.3894
9.4040
9.4114
9.4293
9.4422
9.4739
9.4932
9.5148
9.5290
9.5631
9.5842
9.5934
9.6282
9.6416
9.6676
9.6797
9.7431
9.7570
9.8399
9.8663
9.9726
9.9781
10.0069
10.0425
10.0446
10.0655
10.0948
10.0977
10.1245
10.1346
10.1577
10.1786
10.1933
10.2190
10.2802
10.2928
10.3300
10.3415
10.3773
10.4017
10.4689
10.5293
10.5656
10.6090
10.6149
10.6835
10.6979
10.7183
10.7664
10.8679
10.8968
10.9150
10.9697
11.0582
11.1004
11.1842
11.2214
11.2503
11.2823
11.3578
11.4076
11.5559
11.6251
11.7461
12.0007
12.1494
12.2037
12.2391
12.4169
12.4407
13.6989
13.8645
13.9356
14.0271
14.1134
14.5698
19.5730
19.6999
19.7134
19.7275
19.7557
20.0472
20.7418
21.1983
21.3100
21.3759
21.7059
21.7367
21.9424
21.9819
22.0927
22.1284
22.5154
22.6786
26.9405
27.0410
27.0675
27.0961
27.1895
27.2117
27.5355
27.5753
27.5872
27.5923
27.5975
27.6398
27.7147
27.7302
27.7436
27.7461
27.7653
27.8294
27.8493
27.8865
28.0791
28.1022
28.1249
28.3178
28.3444
28.3675
28.4144
28.4519
28.4811
28.5955
37.7856
38.0914
38.1216
38.2258
38.2535
38.4039
67.0516
67.1321
67.1476
67.1736
67.1966
67.3882
68.0824
68.3410
68.5117
68.5778
68.7717
68.7932
68.8995
68.9297
69.0284
69.0591
69.2556
69.4499
98.8170
98.8197
98.8261
98.8283
98.8323
98.8331
98.8345
98.8354
98.8368
98.8371
98.8389
98.8397
98.8496
98.8519
98.8529
98.8536
98.8554
98.8568
98.8592
98.8618
98.8634
98.8671
98.8699
98.8701
98.8742
98.8785
98.8797
98.8817
98.8818
98.8908
98.8939
98.8943
98.8976
98.8998
98.9065
98.9126
98.9143
98.9375
98.9411
98.9472
98.9536
98.9726
115.4579
115.5158
115.5296
115.5444
115.5924
115.6040
115.7848
115.7912
115.8156
115.8176
115.8216
115.8227
115.8488
115.8657
115.8775
115.8924
115.9022
115.9413
115.9511
115.9740
116.0514
116.0593
116.0699
116.1944
116.2143
116.2193
116.2452
116.2646
116.2805
116.3313
123.8965
124.1286
124.1540
124.2788
124.3026
124.4120
225.4380
225.4962
225.5104
225.5352
225.5557
225.6987
226.2976
226.5056
226.6676
226.7241
226.8806
226.8989
226.9492
226.9755
227.0438
227.0701
227.2363
227.3718
510.2014
510.2588
510.2895
510.4468
510.4897
510.5154
