-11.2401
-11.2393
-11.2375
-11.2339
-11.2313
-11.2268
-1.1527
-1.0191
-1.0117
-0.8254
-0.8222
-0.7069
-0.6421
-0.6218
-0.5897
-0.5801
-0.5206
-0.4940
-0.4746
-0.3380
-0.3348
0.0265
0.0304
0.0309
0.0423
0.0429
0.0627
0.0727
0.0885
0.0908
0.0936
0.0967
0.0995
0.1023
0.1035
0.1058
0.1149
0.1170
0.1175
0.1245
0.1261
0.1347
0.1376
0.1394
0.1405
0.1406
0.1576
0.2034
0.2116
0.2133
0.2148
0.2177
0.2314
0.2331
0.2435
0.2501
0.2526
0.2538
0.2608
0.2704
0.2822
0.2837
0.2861
0.2868
0.2878
0.2952
0.2976
0.3015
0.3117
0.3138
0.3212
0.3225
0.3231
0.3318
0.3406
0.3481
0.3519
0.3594
0.3661
0.3747
0.3840
0.3853
0.3869
0.3953
0.4061
0.4077
0.4104
0.4194
0.4264
0.4305
0.4340
0.4376
0.4510
0.4573
0.4670
0.4716
0.4773
0.4857
0.4865
0.4946
0.4999
0.5038
0.5138
0.5189
0.5225
0.5258
0.5313
0.5362
0.5436
0.5485
0.5582
0.5625
0.5717
0.5789
0.5827
0.5913
0.5972
0.6085
0.6375
0.6463
0.6539
0.6555
0.6714
0.6802
0.6841
0.6889
0.7025
0.7033
0.7097
0.7209
0.7227
0.7347
0.7396
0.7418
0.7471
0.7606
0.7660
0.7674
0.7704
0.7752
0.7797
0.7864
0.7912
0.7964
0.8059
0.8181
0.8230
0.8358
0.8399
0.8418
0.8459
0.8522
0.8693
0.8741
0.8815
0.8905
0.9044
0.9106
0.9237
0.9281
0.9317
0.9385
0.9436
0.9490
0.9533
0.9609
0.9655
0.9700
0.9735
0.9956
1.0016
1.0054
1.0105
1.0190
1.0330
1.0428
1.0432
1.0521
1.0868
1.1030
1.1042
1.1116
1.1197
1.1431
1.1554
1.1562
1.1661
1.1680
1.1769
1.1790
1.1838
1.1947
1.1957
1.2157
1.2382
1.2531
1.2566
1.2723
1.2786
1.2836
1.3028
1.3052
1.3191
1.3229
1.3343
1.3403
1.3452
1.3464
1.3518
1.3537
1.3867
1.3966
1.4001
1.4054
1.4135
1.4256
1.4447
1.4563
1.4643
1.4803
1.4863
1.4975
1.5164
1.5244
1.5274
1.5337
1.5349
1.5495
1.5575
1.5598
1.5727
1.5779
1.5901
1.5906
1.5954
1.6061
1.6162
1.6201
1.6368
1.6516
1.6753
1.6872
1.6910
1.7002
1.7107
1.7162
1.7277
1.7370
1.7598
1.7708
1.7796
1.7938
1.8014
1.8183
1.8290
1.8366
1.8430
1.8708
1.8839
1.8983
1.9104
1.9179
1.9360
1.9458
1.9559
1.9607
1.9631
1.9754
1.9820
1.9901
1.9948
2.0274
2.0345
2.0452
2.0526
2.0557
2.0695
2.0789
2.0855
2.1005
2.1071
2.1119
2.1212
2.1325
2.1439
2.1481
2.1539
2.1556
2.1665
2.1746
2.1779
2.2037
2.2133
2.2194
2.2282
2.2367
2.2403
2.2511
2.2577
2.2689
2.2755
2.2842
2.2914
2.2962
2.3058
2.3085
2.3150
2.3305
2.3406
2.3485
2.3514
2.3558
2.3832
2.3886
2.3923
2.4011
2.4037
2.4172
2.4352
2.4413
2.4491
2.4552
2.4645
2.4719
2.4761
2.4866
2.4977
2.5041
2.5171
2.5198
2.5229
2.5305
2.5397
2.5433
2.5515
2.5601
2.5690
2.5700
2.5803
2.5860
2.5955
2.5999
2.6165
2.6352
2.6608
2.6757
2.6877
2.6958
2.7036
2.7220
2.7288
2.7550
2.7641
2.7826
2.7965
2.7990
2.8037
2.8126
2.8213
2.8281
2.8415
2.8496
2.8580
2.8695
2.8851
2.8963
2.9185
2.9358
2.9451
2.9513
2.9641
3.0090
3.0248
3.0269
3.0369
3.0395
3.0548
3.0658
3.0769
3.0927
3.1047
3.1280
3.1409
3.1490
3.1609
3.1748
3.1860
3.1884
3.2099
3.2259
3.2704
3.2733
3.2966
3.3106
3.3229
3.3379
3.3542
3.3669
3.3875
3.4070
3.4155
3.4507
3.4617
3.5130
3.5203
3.5293
3.5340
3.5572
3.5597
3.5920
3.6041
3.6066
3.6158
3.6393
3.6584
3.6959
3.7096
3.7267
3.7574
3.7977
3.8168
3.8220
3.8269
3.8650
3.8835
3.8896
3.9075
3.9188
3.9259
3.9309
3.9416
3.9579
3.9839
3.9891
4.0177
4.0231
4.0411
4.0445
4.0487
4.0690
4.0919
4.1071
4.1099
4.1292
4.1705
4.1905
4.1998
4.2124
4.2220
4.2390
4.2682
4.2879
4.2965
4.3118
4.3269
4.3414
4.3486
4.3538
4.3646
4.3761
4.3997
4.4120
4.4343
4.4642
4.4682
4.4913
4.5034
4.5252
4.5515
4.5676
4.5745
4.5864
4.6116
4.6227
4.6334
4.6529
4.7075
4.7181
4.7850
4.7989
4.8081
4.8355
4.8614
4.8811
4.8961
4.9224
4.9787
4.9814
4.9897
5.0154
5.0511
5.0945
5.1139
5.1278
5.1412
5.3164
5.3358
5.3519
5.3727
5.3944
5.3985
5.4421
5.4672
5.4961
5.5666
5.6405
5.7460
5.7554
5.7824
5.8615
5.8778
5.8892
5.8921
5.9414
5.9760
6.0166
6.0287
6.0550
6.0835
6.0960
6.1217
6.1514
6.1546
6.1715
6.2183
6.2403
6.2430
6.2571
6.2749
6.2842
6.2932
6.3066
6.3250
6.3301
6.3359
6.3573
6.3653
6.3946
6.4143
6.4219
6.4406
6.4472
6.4670
6.4847
6.4876
6.5104
6.5267
6.5927
6.6416
6.6494
6.6764
6.6975
6.6990
6.7242
6.7479
6.7624
6.7698
6.7752
6.7945
6.8114
6.8273
6.8387
6.8476
6.8756
6.8863
6.9085
6.9342
6.9464
6.9625
6.9686
6.9854
7.0030
7.0341
7.0362
7.0463
7.0870
7.0983
7.1050
7.1127
7.1359
7.1490
7.1499
7.1620
7.1718
7.1872
7.1964
7.2123
7.2357
7.2503
7.2867
7.2983
7.3078
7.3391
7.3467
7.3548
7.3781
7.3956
7.4069
7.4107
7.4238
7.4398
7.4612
7.4924
7.5146
7.5711
7.5750
7.5940
7.6107
7.6253
7.6560
7.6622
7.6937
7.7069
7.7147
7.7307
7.7622
7.8026
7.8128
7.8245
7.8409
7.8693
7.9101
7.9120
7.9709
7.9840
8.0027
8.0277
8.0369
8.0487
8.0627
8.0986
8.1575
8.1799
8.2106
8.2326
8.2422
8.2564
8.2754
8.2778
8.3108
8.3596
8.3901
8.4024
8.4478
8.4717
8.4826
8.5121
8.5346
8.5688
8.6068
8.6099
8.6267
8.6524
8.6711
8.6858
8.7131
8.7308
8.7363
8.7565
8.7827
8.8044
8.8695
8.8987
8.9214
8.9504
8.9647
8.9844
8.9932
9.0245
9.0314
9.0500
9.0613
9.1252
9.1782
9.2733
9.2916
9.3275
9.3541
9.3807
9.3910
9.4085
9.4248
9.4355
9.4478
9.4792
9.5141
9.5163
9.5441
9.5772
9.6108
9.6188
9.6337
9.6439
9.7432
9.7621
9.8159
9.8616
9.8965
9.9417
9.9671
9.9922
10.0309
10.0354
10.0517
10.0590
10.0716
10.1004
10.1194
10.1216
10.1644
10.1797
10.2135
10.2599
10.2788
10.3137
10.3450
10.3743
10.4183
10.4629
10.5159
10.5249
10.6141
10.6294
10.6495
10.6746
10.7382
10.7772
10.8268
10.8794
10.9930
11.0171
11.0380
11.1050
11.1189
11.1890
11.2070
11.2741
11.3979
11.5280
11.5649
11.8078
11.9536
12.1686
12.2001
12.2717
12.3096
12.4124
13.5253
13.5951
13.7418
13.9380
13.9549
14.7634
19.6123
19.6998
19.7130
19.7478
19.7990
20.0437
20.7199
21.2138
21.2554
21.3739
21.6521
21.7180
21.8757
21.9591
22.0400
22.1131
22.4217
22.6196
26.9620
27.0461
27.0959
27.1363
27.1964
27.2417
27.5254
27.5559
27.5829
27.5899
27.5988
27.6191
27.6839
27.7033
27.7282
27.7379
27.7559
27.7877
27.8269
27.8792
28.0516
28.0796
28.1135
28.2631
28.2886
28.2970
28.3631
28.4289
28.4518
28.6734
37.7924
38.0325
38.0961
38.1891
38.2308
38.3341
67.0791
67.1307
67.1507
67.1846
67.2304
67.3834
68.0635
68.3568
68.4524
68.5739
68.7312
68.7777
68.8518
68.9124
68.9838
69.0446
69.1949
69.4072
98.8141
98.8169
98.8232
98.8256
98.8280
98.8290
98.8308
98.8321
98.8339
98.8344
98.8358
98.8369
98.8442
98.8465
98.8481
98.8489
98.8512
98.8526
98.8546
98.8581
98.8610
98.8635
98.8650
98.8662
98.8664
98.8718
98.8752
98.8775
98.8833
98.8862
98.8881
98.8889
98.8939
98.8950
98.9027
98.9072
98.9156
98.9286
98.9333
98.9417
98.9525
98.9679
115.4672
115.5166
115.5425
115.5631
115.5938
115.6175
115.7641
115.7830
115.8107
115.8142
115.8185
115.8213
115.8313
115.8488
115.8657
115.8820
115.8959
115.9196
115.9382
115.9692
116.0381
116.0465
116.0632
116.1618
116.1759
116.1881
116.2189
116.2535
116.2626
116.3638
123.9002
124.0765
124.1325
124.2442
124.2792
124.3484
225.4577
225.4938
225.5129
225.5432
225.5823
225.6942
226.2816
226.5179
226.6141
226.7188
226.8437
226.8821
226.9082
226.9600
227.0057
227.0576
227.1865
227.3366
510.1854
510.2125
510.2849
510.3779
510.4588
510.5026
