-11.2422
-11.2407
-11.2388
-11.2349
-11.2319
-11.2269
-1.1523
-1.0191
-1.0107
-0.8253
-0.8212
-0.7053
-0.6415
-0.6217
-0.5890
-0.5782
-0.5224
-0.4935
-0.4714
-0.3380
-0.3341
0.0265
0.0304
0.0310
0.0421
0.0430
0.0622
0.0722
0.0881
0.0909
0.0928
0.0963
0.0993
0.1025
0.1038
0.1059
0.1151
0.1170
0.1178
0.1242
0.1261
0.1347
0.1369
0.1396
0.1404
0.1407
0.1571
0.2022
0.2098
0.2131
0.2149
0.2172
0.2308
0.2326
0.2438
0.2504
0.2513
0.2533
0.2609
0.2690
0.2805
0.2832
0.2856
0.2864
0.2869
0.2947
0.2976
0.3019
0.3104
0.3128
0.3211
0.3223
0.3227
0.3330
0.3401
0.3480
0.3515
0.3585
0.3662
0.3749
0.3819
0.3839
0.3878
0.3934
0.4042
0.4077
0.4109
0.4188
0.4245
0.4298
0.4339
0.4364
0.4511
0.4570
0.4653
0.4722
0.4756
0.4833
0.4855
0.4926
0.4976
0.5036
0.5137
0.5190
0.5233
0.5270
0.5313
0.5376
0.5452
0.5470
0.5579
0.5632
0.5698
0.5787
0.5829
0.5903
0.5982
0.6098
0.6351
0.6468
0.6533
0.6552
0.6701
0.6800
0.6834
0.6891
0.7023
0.7028
0.7087
0.7198
0.7220
0.7331
0.7395
0.7405
0.7470
0.7578
0.7644
0.7670
0.7711
0.7756
0.7803
0.7870
0.7910
0.7967
0.8067
0.8182
0.8235
0.8355
0.8403
0.8419
0.8467
0.8534
0.8680
0.8743
0.8785
0.8901
0.9020
0.9085
0.9215
0.9278
0.9310
0.9369
0.9412
0.9461
0.9517
0.9600
0.9666
0.9704
0.9732
0.9958
0.9993
1.0043
1.0091
1.0194
1.0316
1.0362
1.0427
1.0540
1.0862
1.0994
1.1037
1.1112
1.1196
1.1425
1.1534
1.1548
1.1646
1.1677
1.1744
1.1788
1.1825
1.1937
1.1954
1.2155
1.2368
1.2469
1.2526
1.2678
1.2774
1.2838
1.3011
1.3031
1.3175
1.3197
1.3301
1.3380
1.3443
1.3445
1.3502
1.3530
1.3880
1.3955
1.4011
1.4096
1.4137
1.4293
1.4469
1.4553
1.4659
1.4789
1.4838
1.4957
1.5125
1.5225
1.5236
1.5318
1.5347
1.5495
1.5569
1.5586
1.5720
1.5770
1.5888
1.5910
1.5969
1.6075
1.6134
1.6219
1.6335
1.6497
1.6743
1.6802
1.6904
1.6941
1.7068
1.7126
1.7234
1.7291
1.7625
1.7753
1.7803
1.7924
1.8002
1.8096
1.8236
1.8316
1.8374
1.8700
1.8857
1.8961
1.9059
1.9187
1.9321
1.9441
1.9532
1.9543
1.9596
1.9720
1.9804
1.9912
1.9968
2.0288
2.0328
2.0462
2.0550
2.0564
2.0709
2.0780
2.0883
2.0973
2.1055
2.1124
2.1221
2.1337
2.1406
2.1477
2.1536
2.1591
2.1689
2.1767
2.1787
2.1998
2.2082
2.2151
2.2240
2.2346
2.2375
2.2451
2.2552
2.2667
2.2744
2.2797
2.2862
2.2962
2.3046
2.3066
2.3142
2.3267
2.3366
2.3456
2.3490
2.3632
2.3857
2.3871
2.3922
2.4005
2.4058
2.4182
2.4349
2.4403
2.4462
2.4580
2.4628
2.4736
2.4763
2.4860
2.5012
2.5016
2.5106
2.5184
2.5218
2.5291
2.5390
2.5438
2.5503
2.5578
2.5644
2.5688
2.5777
2.5829
2.5973
2.6022
2.6170
2.6374
2.6619
2.6732
2.6863
2.6926
2.7005
2.7208
2.7274
2.7502
2.7602
2.7777
2.7932
2.7972
2.8030
2.8134
2.8189
2.8221
2.8427
2.8483
2.8582
2.8727
2.8853
2.8983
2.9071
2.9337
2.9385
2.9486
2.9541
2.9991
3.0204
3.0244
3.0269
3.0354
3.0535
3.0640
3.0735
3.0832
3.0970
3.1307
3.1357
3.1430
3.1526
3.1729
3.1793
3.1823
3.2094
3.2272
3.2636
3.2691
3.2888
3.3021
3.3208
3.3346
3.3505
3.3623
3.3799
3.4021
3.4157
3.4502
3.4561
3.5095
3.5227
3.5282
3.5329
3.5508
3.5573
3.5888
3.5997
3.6062
3.6107
3.6412
3.6614
3.6913
3.7023
3.7189
3.7539
3.7909
3.8108
3.8118
3.8210
3.8650
3.8782
3.8850
3.9034
3.9137
3.9244
3.9290
3.9401
3.9578
3.9767
3.9823
4.0094
4.0172
4.0310
4.0390
4.0409
4.0674
4.0831
4.1048
4.1059
4.1232
4.1628
4.1860
4.1956
4.2071
4.2168
4.2298
4.2551
4.2800
4.2850
4.3025
4.3171
4.3319
4.3397
4.3461
4.3569
4.3707
4.3938
4.4056
4.4269
4.4622
4.4655
4.4876
4.4985
4.5278
4.5435
4.5592
4.5661
4.5810
4.6122
4.6267
4.6370
4.6598
4.6960
4.7115
4.7759
4.7879
4.7962
4.8291
4.8528
4.8718
4.8889
4.9124
4.9670
4.9754
4.9858
5.0063
5.0506
5.0907
5.1193
5.1280
5.1445
5.3031
5.3216
5.3398
5.3649
5.3711
5.3886
5.4143
5.4436
5.4787
5.5518
5.6361
5.7423
5.7599
5.7852
5.8665
5.8809
5.8926
5.9004
5.9366
5.9796
6.0210
6.0355
6.0616
6.0882
6.0969
6.1311
6.1597
6.1614
6.1759
6.2236
6.2391
6.2438
6.2586
6.2720
6.2798
6.2890
6.3097
6.3264
6.3277
6.3339
6.3599
6.3638
6.3962
6.4129
6.4190
6.4378
6.4525
6.4721
6.4879
6.4924
6.5161
6.5281
6.5823
6.6365
6.6458
6.6681
6.6949
6.7022
6.7168
6.7461
6.7587
6.7627
6.7688
6.7881
6.8052
6.8217
6.8356
6.8453
6.8724
6.8843
6.9054
6.9287
6.9423
6.9537
6.9696
6.9840
6.9994
7.0221
7.0267
7.0383
7.0737
7.0921
7.1007
7.1088
7.1282
7.1414
7.1461
7.1622
7.1630
7.1873
7.1932
7.2079
7.2322
7.2516
7.2780
7.2921
7.3006
7.3302
7.3423
7.3482
7.3714
7.3902
7.4004
7.4088
7.4209
7.4333
7.4510
7.4846
7.5056
7.5619
7.5690
7.5833
7.6000
7.6144
7.6505
7.6565
7.6878
7.7019
7.7042
7.7229
7.7579
7.7937
7.8116
7.8153
7.8424
7.8621
7.8998
7.9051
7.9581
7.9763
7.9891
8.0150
8.0315
8.0360
8.0562
8.0935
8.1442
8.1586
8.1917
8.2152
8.2302
8.2463
8.2649
8.2697
8.3005
8.3470
8.3711
8.4035
8.4394
8.4544
8.4703
8.5019
8.5248
8.5558
8.5904
8.6061
8.6172
8.6500
8.6694
8.6831
8.6989
8.7214
8.7359
8.7561
8.7778
8.7894
8.8653
8.8894
8.9035
8.9472
8.9583
8.9775
8.9875
9.0184
9.0295
9.0455
9.0640
9.1122
9.1778
9.2454
9.2740
9.3158
9.3432
9.3673
9.3734
9.4012
9.4122
9.4227
9.4384
9.4665
9.4968
9.4999
9.5303
9.5705
9.5962
9.6075
9.6235
9.6309
9.7402
9.7562
9.8122
9.8551
9.8753
9.9271
9.9470
9.9793
10.0096
10.0207
10.0318
10.0409
10.0519
10.0747
10.1082
10.1139
10.1367
10.1680
10.1998
10.2450
10.2567
10.3011
10.3297
10.3638
10.3905
10.4334
10.4771
10.5170
10.5990
10.6119
10.6315
10.6614
10.7205
10.7473
10.7975
10.8514
10.9695
10.9909
11.0422
11.0817
11.0991
11.1539
11.1882
11.2634
11.3840
11.5099
11.5511
11.8335
11.9426
12.1696
12.1960
12.2641
12.3014
12.4083
13.4615
13.4823
13.6764
13.8903
13.9040
14.8218
19.6221
19.7003
19.7126
19.7527
19.8081
20.0426
20.7115
21.2096
21.2441
21.3729
21.6315
21.7083
21.8525
21.9506
22.0212
22.1077
22.3875
22.5999
26.9695
27.0481
27.1049
27.1468
27.1990
27.2496
27.5211
27.5471
27.5813
27.5890
27.5990
27.6121
27.6728
27.6935
27.7216
27.7351
27.7507
27.7711
27.8192
27.8715
28.0426
28.0708
28.1089
28.2446
28.2622
28.2795
28.3429
28.4201
28.4418
28.7003
37.7935
38.0094
38.0872
38.1762
38.2205
38.3129
67.0853
67.1309
67.1511
67.1876
67.2369
67.3819
68.0562
68.3617
68.4311
68.5716
68.7156
68.7700
68.8357
68.9062
68.9680
69.0394
69.1717
69.3931
98.8130
98.8157
98.8219
98.8245
98.8262
98.8275
98.8293
98.8306
98.8326
98.8333
98.8344
98.8358
98.8421
98.8441
98.8459
98.8472
98.8488
98.8516
98.8539
98.8568
98.8595
98.8615
98.8634
98.8639
98.8648
98.8693
98.8734
98.8758
98.8806
98.8833
98.8869
98.8899
98.8922
98.8933
98.9011
98.9053
98.9155
98.9258
98.9306
98.9396
98.9520
98.9662
115.4704
115.5170
115.5464
115.5677
115.5943
115.6207
115.7556
115.7801
115.8088
115.8126
115.8168
115.8203
115.8256
115.8419
115.8616
115.8775
115.8936
115.9114
115.9334
115.9643
116.0337
116.0418
116.0605
116.1477
116.1631
116.1787
116.2081
116.2485
116.2568
116.3751
123.9001
124.0559
124.1252
124.2313
124.2678
124.3309
225.4617
225.4938
225.5133
225.5453
225.5874
225.6928
226.2753
226.5218
226.5944
226.7161
226.8295
226.8740
226.8946
226.9544
226.9921
227.0530
227.1675
227.3250
510.1775
510.1941
510.2843
510.3549
510.4482
510.4984
