-11.2381
-11.2379
-11.2362
-11.2329
-11.2307
-11.2268
-1.1532
-1.0191
-1.0125
-0.8256
-0.8231
-0.7084
-0.6427
-0.6219
-0.5903
-0.5818
-0.5187
-0.4945
-0.4778
-0.3381
-0.3355
0.0265
0.0303
0.0308
0.0424
0.0428
0.0632
0.0732
0.0888
0.0907
0.0944
0.0970
0.0997
0.1021
0.1031
0.1058
0.1147
0.1169
0.1174
0.1247
0.1261
0.1348
0.1382
0.1393
0.1406
0.1407
0.1582
0.2045
0.2133
0.2135
0.2150
0.2181
0.2315
0.2336
0.2432
0.2498
0.2537
0.2543
0.2606
0.2723
0.2837
0.2843
0.2867
0.2873
0.2889
0.2957
0.2975
0.3011
0.3132
0.3148
0.3213
0.3227
0.3237
0.3303
0.3412
0.3482
0.3521
0.3597
0.3661
0.3742
0.3823
0.3880
0.3898
0.3971
0.4066
0.4088
0.4103
0.4200
0.4281
0.4312
0.4341
0.4387
0.4507
0.4575
0.4686
0.4709
0.4784
0.4855
0.4899
0.4968
0.5023
0.5045
0.5139
0.5186
0.5217
0.5236
0.5318
0.5344
0.5419
0.5503
0.5588
0.5617
0.5736
0.5791
0.5824
0.5935
0.5965
0.6073
0.6397
0.6457
0.6546
0.6561
0.6728
0.6804
0.6850
0.6892
0.7023
0.7041
0.7106
0.7223
0.7236
0.7352
0.7396
0.7428
0.7470
0.7634
0.7657
0.7675
0.7710
0.7749
0.7793
0.7864
0.7921
0.7962
0.8051
0.8180
0.8224
0.8360
0.8395
0.8416
0.8449
0.8507
0.8703
0.8739
0.8841
0.8907
0.9070
0.9126
0.9248
0.9287
0.9319
0.9408
0.9462
0.9502
0.9552
0.9606
0.9662
0.9694
0.9752
0.9943
1.0040
1.0071
1.0138
1.0184
1.0337
1.0429
1.0486
1.0535
1.0872
1.1039
1.1067
1.1110
1.1193
1.1443
1.1559
1.1583
1.1664
1.1687
1.1784
1.1792
1.1870
1.1956
1.1961
1.2157
1.2399
1.2582
1.2626
1.2769
1.2811
1.2834
1.3049
1.3062
1.3210
1.3254
1.3368
1.3420
1.3450
1.3488
1.3530
1.3556
1.3853
1.3966
1.3991
1.4011
1.4122
1.4214
1.4417
1.4525
1.4656
1.4824
1.4906
1.4994
1.5199
1.5255
1.5298
1.5348
1.5368
1.5500
1.5578
1.5607
1.5737
1.5792
1.5891
1.5915
1.5940
1.6043
1.6156
1.6196
1.6394
1.6547
1.6747
1.6931
1.6954
1.7072
1.7146
1.7209
1.7315
1.7450
1.7570
1.7653
1.7784
1.7958
1.8030
1.8281
1.8357
1.8425
1.8488
1.8708
1.8835
1.8999
1.9141
1.9174
1.9386
1.9467
1.9586
1.9641
1.9690
1.9754
1.9878
1.9890
1.9970
2.0264
2.0366
2.0436
2.0494
2.0561
2.0665
2.0796
2.0835
2.1030
2.1069
2.1129
2.1198
2.1315
2.1409
2.1500
2.1506
2.1597
2.1623
2.1721
2.1782
2.2082
2.2179
2.2236
2.2329
2.2370
2.2435
2.2556
2.2617
2.2707
2.2752
2.2890
2.2945
2.2975
2.3061
2.3108
2.3167
2.3328
2.3442
2.3469
2.3523
2.3545
2.3802
2.3884
2.3916
2.4011
2.4043
2.4158
2.4354
2.4419
2.4500
2.4521
2.4644
2.4699
2.4750
2.4888
2.4921
2.5049
2.5173
2.5210
2.5273
2.5307
2.5406
2.5453
2.5537
2.5621
2.5704
2.5731
2.5820
2.5883
2.5930
2.6045
2.6176
2.6329
2.6598
2.6775
2.6878
2.6995
2.7087
2.7231
2.7310
2.7583
2.7673
2.7857
2.7966
2.8049
2.8055
2.8119
2.8236
2.8326
2.8401
2.8507
2.8582
2.8661
2.8858
2.8942
2.9282
2.9344
2.9506
2.9575
2.9747
3.0208
3.0239
3.0273
3.0383
3.0515
3.0558
3.0725
3.0832
3.1045
3.1150
3.1251
3.1469
3.1558
3.1689
3.1763
3.1924
3.1952
3.2108
3.2250
3.2762
3.2797
3.3014
3.3187
3.3242
3.3417
3.3540
3.3751
3.3931
3.4108
3.4165
3.4494
3.4674
3.5139
3.5174
3.5295
3.5368
3.5625
3.5635
3.5951
3.6059
3.6082
3.6215
3.6376
3.6535
3.6982
3.7171
3.7368
3.7597
3.8015
3.8227
3.8294
3.8364
3.8636
3.8801
3.9002
3.9118
3.9215
3.9252
3.9322
3.9450
3.9611
3.9901
3.9966
4.0209
4.0337
4.0409
4.0554
4.0575
4.0724
4.1001
4.1070
4.1140
4.1360
4.1775
4.1968
4.2043
4.2175
4.2286
4.2461
4.2827
4.2929
4.3073
4.3225
4.3367
4.3498
4.3580
4.3621
4.3710
4.3814
4.4047
4.4191
4.4410
4.4649
4.4717
4.4927
4.5066
4.5208
4.5620
4.5737
4.5800
4.5937
4.6093
4.6175
4.6322
4.6445
4.7183
4.7246
4.7930
4.8104
4.8206
4.8423
4.8681
4.8885
4.9046
4.9324
4.9816
4.9904
4.9939
5.0256
5.0546
5.0912
5.1068
5.1293
5.1374
5.3285
5.3481
5.3611
5.3794
5.4047
5.4217
5.4733
5.4922
5.5171
5.5810
5.6445
5.7339
5.7665
5.7804
5.8564
5.8724
5.8824
5.8893
5.9452
5.9734
6.0106
6.0189
6.0499
6.0776
6.0946
6.1115
6.1421
6.1462
6.1702
6.2029
6.2412
6.2445
6.2565
6.2775
6.2885
6.2974
6.3051
6.3227
6.3323
6.3411
6.3524
6.3669
6.3925
6.4168
6.4225
6.4403
6.4448
6.4614
6.4794
6.4873
6.5047
6.5242
6.6042
6.6469
6.6532
6.6827
6.6935
6.7030
6.7313
6.7491
6.7639
6.7715
6.7826
6.7996
6.8184
6.8348
6.8424
6.8509
6.8760
6.8868
6.9128
6.9391
6.9490
6.9666
6.9694
6.9891
7.0062
7.0440
7.0500
7.0550
7.0959
7.1037
7.1093
7.1177
7.1439
7.1522
7.1568
7.1611
7.1798
7.1876
7.1995
7.2154
7.2394
7.2485
7.2931
7.3001
7.3160
7.3453
7.3508
7.3662
7.3834
7.4000
7.4086
7.4165
7.4248
7.4481
7.4715
7.5003
7.5229
7.5723
7.5852
7.6067
7.6221
7.6384
7.6609
7.6680
7.6986
7.7119
7.7248
7.7386
7.7690
7.8043
7.8113
7.8341
7.8443
7.8750
7.9179
7.9216
7.9818
7.9897
8.0137
8.0324
8.0473
8.0663
8.0690
8.1033
8.1715
8.2009
8.2278
8.2505
8.2542
8.2659
8.2823
8.2882
8.3211
8.3683
8.3989
8.4094
8.4533
8.4872
8.4963
8.5180
8.5455
8.5831
8.6113
8.6194
8.6377
8.6553
8.6756
8.6874
8.7138
8.7282
8.7504
8.7650
8.7855
8.8234
8.8741
8.9077
8.9354
8.9562
8.9701
8.9897
8.9977
9.0299
9.0333
9.0520
9.0600
9.1299
9.1878
9.2961
9.3079
9.3416
9.3644
9.3907
9.4044
9.4150
9.4329
9.4495
9.4615
9.4908
9.5238
9.5341
9.5649
9.5837
9.6205
9.6296
9.6446
9.6564
9.7443
9.7633
9.8243
9.8612
9.9236
9.9545
9.9843
10.0074
10.0388
10.0496
10.0665
10.0800
10.0928
10.1141
10.1273
10.1415
10.1785
10.1957
10.2351
10.2728
10.3003
10.3284
10.3586
10.3811
10.4387
10.4981
10.5304
10.5531
10.6198
10.6464
10.6667
10.6910
10.7504
10.8107
10.8537
10.9080
10.9571
11.0375
11.0799
11.1176
11.1517
11.2236
11.2339
11.2860
11.4053
11.5409
11.5832
11.7842
11.9673
12.1645
12.2012
12.2637
12.3418
12.4201
13.5868
13.6972
13.8070
13.9705
14.0133
14.7017
19.6012
19.6995
19.7132
19.7429
19.7893
20.0448
20.7279
21.2103
21.2732
21.3747
21.6717
21.7258
21.8987
21.9672
22.0583
22.1184
22.4553
22.6394
26.9545
27.0442
27.0865
27.1242
27.1939
27.2333
27.5291
27.5635
27.5845
27.5908
27.5985
27.6263
27.6946
27.7128
27.7341
27.7407
27.7600
27.8044
27.8345
27.8875
28.0607
28.0877
28.1177
28.2810
28.3094
28.3206
28.3831
28.4372
28.4620
28.6470
37.7908
38.0539
38.1049
38.2017
38.2395
38.3566
67.0716
67.1308
67.1501
67.1818
67.2234
67.3850
68.0704
68.3514
68.4732
68.5756
68.7459
68.7841
68.8679
68.9185
68.9992
69.0496
69.2180
69.4214
98.8152
98.8179
98.8243
98.8266
98.8296
98.8305
98.8321
98.8333
98.8350
98.8354
98.8370
98.8380
98.8461
98.8488
98.8498
98.8507
98.8530
98.8545
98.8553
98.8594
98.8622
98.8651
98.8665
98.8676
98.8691
98.8742
98.8769
98.8790
98.8854
98.8866
98.8890
98.8909
98.8953
98.8969
98.9042
98.9090
98.9153
98.9317
98.9360
98.9436
98.9529
98.9697
115.4639
115.5163
115.5383
115.5575
115.5933
115.6140
115.7719
115.7857
115.8125
115.8156
115.8197
115.8219
115.8373
115.8553
115.8695
115.8860
115.8980
115.9279
115.9428
115.9743
116.0425
116.0511
116.0657
116.1741
116.1894
116.1980
116.2295
116.2578
116.2688
116.3527
123.8997
124.0955
124.1397
124.2564
124.2884
124.3681
225.4527
225.4943
225.5124
225.5413
225.5769
225.6956
226.2874
226.5137
226.6331
226.7211
226.8572
226.8889
226.9219
226.9654
227.0189
227.0619
227.2055
227.3483
510.1922
510.2295
510.2859
510.4009
510.4694
510.5069
