-11.2302
-11.2296
-11.2296
-11.2283
-11.2283
-11.2276
-1.1567
-1.0184
-1.0184
-0.8268
-0.8268
-0.7149
-0.6441
-0.6233
-0.5906
-0.5906
-0.5069
-0.4957
-0.4957
-0.3386
-0.3386
0.0265
0.0304
0.0304
0.0426
0.0426
0.0656
0.0825
0.0900
0.0900
0.0987
0.0987
0.1000
0.1013
0.1013
0.1055
0.1138
0.1138
0.1172
0.1255
0.1255
0.1348
0.1348
0.1403
0.1419
0.1419
0.1594
0.2136
0.2136
0.2136
0.2193
0.2193
0.2253
0.2314
0.2487
0.2487
0.2563
0.2563
0.2598
0.2869
0.2869
0.2883
0.2917
0.2940
0.2969
0.2969
0.2996
0.2996
0.3191
0.3191
0.3218
0.3218
0.3253
0.3330
0.3492
0.3492
0.3607
0.3651
0.3673
0.3673
0.3706
0.4035
0.4035
0.4109
0.4195
0.4195
0.4320
0.4335
0.4335
0.4374
0.4374
0.4462
0.4563
0.4563
0.4583
0.4763
0.4778
0.4778
0.5036
0.5048
0.5048
0.5151
0.5151
0.5197
0.5197
0.5197
0.5197
0.5200
0.5341
0.5364
0.5658
0.5778
0.5778
0.5789
0.5789
0.5998
0.5998
0.6412
0.6488
0.6513
0.6588
0.6588
0.6820
0.6820
0.6970
0.6970
0.6982
0.7072
0.7132
0.7323
0.7323
0.7372
0.7468
0.7468
0.7594
0.7735
0.7736
0.7736
0.7775
0.7775
0.7864
0.7952
0.7952
0.7997
0.8055
0.8055
0.8311
0.8342
0.8380
0.8380
0.8387
0.8387
0.8643
0.8777
0.8915
0.8915
0.9191
0.9191
0.9248
0.9248
0.9336
0.9556
0.9556
0.9614
0.9614
0.9798
0.9832
0.9897
0.9897
0.9909
0.9909
1.0230
1.0289
1.0289
1.0459
1.0542
1.0542
1.0769
1.0959
1.1014
1.1014
1.1189
1.1440
1.1566
1.1566
1.1572
1.1766
1.1766
1.1803
1.1803
1.1984
1.1984
1.2149
1.2475
1.2475
1.2482
1.2714
1.2747
1.3005
1.3005
1.3269
1.3270
1.3408
1.3487
1.3487
1.3532
1.3532
1.3597
1.3807
1.3807
1.3851
1.3851
1.4049
1.4049
1.4055
1.4055
1.4075
1.4229
1.4508
1.5091
1.5091
1.5290
1.5290
1.5315
1.5315
1.5347
1.5347
1.5700
1.5737
1.5737
1.5811
1.5811
1.5947
1.5986
1.5986
1.5989
1.5989
1.6443
1.6626
1.6755
1.6819
1.7113
1.7264
1.7264
1.7374
1.7640
1.7640
1.7650
1.7857
1.7857
1.8098
1.8098
1.8241
1.8381
1.8658
1.8823
1.8851
1.8958
1.8958
1.9197
1.9197
1.9233
1.9233
1.9332
1.9332
1.9486
1.9830
1.9830
2.0010
2.0229
2.0229
2.0328
2.0352
2.0352
2.0480
2.0764
2.0764
2.0834
2.0834
2.0846
2.1025
2.1130
2.1207
2.1207
2.1325
2.1350
2.1608
2.1608
2.1832
2.1897
2.1897
2.2390
2.2390
2.2440
2.2440
2.2663
2.2776
2.2776
2.2776
2.2904
2.2904
2.2941
2.2941
2.2955
2.2955
2.3118
2.3690
2.3760
2.3861
2.3861
2.3931
2.4007
2.4007
2.4018
2.4044
2.4044
2.4088
2.4088
2.4100
2.4117
2.4267
2.4375
2.4375
2.4515
2.4515
2.4889
2.5040
2.5114
2.5114
2.5181
2.5239
2.5239
2.5566
2.5566
2.5808
2.5808
2.5989
2.5989
2.6072
2.6072
2.6130
2.6406
2.6820
2.6820
2.6991
2.6991
2.7119
2.7301
2.7301
2.7412
2.7412
2.7555
2.7967
2.8000
2.8000
2.8219
2.8229
2.8229
2.8277
2.8277
2.8424
2.8460
2.8775
2.8788
2.8942
2.8973
2.8973
2.9772
2.9772
3.0083
3.0083
3.0207
3.0213
3.0408
3.1051
3.1051
3.1188
3.1188
3.1611
3.1757
3.1757
3.1816
3.1816
3.1904
3.2034
3.2034
3.2035
3.2856
3.2925
3.3088
3.3088
3.3094
3.3094
3.3442
3.3442
3.3732
3.3749
3.3749
3.4351
3.4351
3.4800
3.4945
3.5098
3.5136
3.5257
3.5257
3.5855
3.5855
3.5978
3.5978
3.6170
3.6372
3.6372
3.6573
3.6982
3.7499
3.7499
3.8057
3.8057
3.8079
3.8354
3.8354
3.8939
3.8939
3.9067
3.9093
3.9093
3.9658
3.9658
3.9858
3.9858
4.0076
4.0412
4.0416
4.0416
4.0757
4.0757
4.0924
4.0924
4.1186
4.1197
4.1491
4.1491
4.2323
4.2323
4.2421
4.2421
4.2577
4.2582
4.2909
4.3496
4.3768
4.3806
4.3806
4.3841
4.3972
4.3972
4.4086
4.4086
4.4134
4.4457
4.4457
4.4668
4.4668
4.5119
4.5133
4.5336
4.5336
4.5762
4.5784
4.5784
4.6162
4.6247
4.6247
4.6362
4.7469
4.8022
4.8556
4.8556
4.8782
4.8816
4.9186
4.9186
4.9356
4.9356
4.9509
4.9509
5.0197
5.0470
5.0792
5.0792
5.1113
5.1113
5.1544
5.3847
5.3847
5.4050
5.4257
5.4257
5.5206
5.6336
5.6336
5.6564
5.6564
5.6687
5.7499
5.7676
5.8158
5.8357
5.8357
5.8508
5.8785
5.8831
5.9430
5.9430
5.9646
5.9859
6.0494
6.0494
6.0752
6.0752
6.1250
6.1250
6.1990
6.2428
6.2428
6.2648
6.2793
6.2793
6.3018
6.3137
6.3137
6.3570
6.3685
6.3685
6.3706
6.3784
6.3784
6.4445
6.4445
6.4471
6.4471
6.4727
6.4727
6.4792
6.5060
6.6520
6.6684
6.6684
6.6748
6.7204
6.7339
6.7450
6.7450
6.7638
6.7638
6.8221
6.8221
6.8245
6.8643
6.8643
6.8680
6.8680
6.9336
6.9544
6.9544
6.9593
6.9672
6.9697
6.9697
7.0724
7.1106
7.1117
7.1117
7.1162
7.1178
7.1178
7.1228
7.1228
7.1582
7.1657
7.1977
7.1977
7.2044
7.2044
7.2348
7.2348
7.2712
7.3066
7.3169
7.3169
7.3957
7.4010
7.4034
7.4034
7.4076
7.4076
7.4213
7.4213
7.5092
7.5092
7.5501
7.5501
7.5769
7.6158
7.6861
7.6861
7.7239
7.7239
7.7272
7.7272
7.7336
7.7447
7.7552
7.7552
7.7622
7.8597
7.8782
7.8782
7.9305
7.9655
7.9655
7.9744
8.0085
8.0188
8.0188
8.0895
8.0895
8.1275
8.2487
8.2554
8.2554
8.2836
8.3048
8.3198
8.3198
8.3433
8.3472
8.3472
8.3781
8.3781
8.4967
8.5008
8.5008
8.5546
8.5546
8.5891
8.6200
8.6200
8.6543
8.6587
8.6587
8.6973
8.6973
8.7794
8.7794
8.7847
8.7881
8.9017
8.9017
8.9490
8.9583
8.9583
8.9683
8.9683
9.0319
9.0319
9.0534
9.0648
9.0648
9.0675
9.0847
9.3446
9.3527
9.3527
9.3583
9.4179
9.4338
9.4370
9.4370
9.5023
9.5185
9.5185
9.5299
9.5299
9.5976
9.6216
9.6216
9.6466
9.6648
9.7218
9.7218
9.7533
9.7533
9.8275
9.9162
10.0048
10.0451
10.0451
10.0456
10.0456
10.1280
10.1344
10.1344
10.1488
10.1488
10.2122
10.2122
10.2748
10.2963
10.2963
10.3186
10.3655
10.3880
10.3880
10.5242
10.5242
10.5277
10.5277
10.5977
10.6685
10.7452
10.7452
10.7766
10.7766
10.9044
10.9922
11.0042
11.0747
11.0811
11.0811
11.2686
11.2686
11.3015
11.3937
11.3937
11.5562
11.5562
11.7097
11.7146
12.0988
12.0988
12.2251
12.2251
12.5584
12.5814
13.8835
14.0863
14.0863
14.2450
14.2450
14.2643
19.5047
19.7116
19.7116
19.7320
19.7320
20.0612
20.7637
21.1908
21.3767
21.3767
21.7466
21.7466
22.0116
22.0116
22.1563
22.1563
22.6171
22.7600
26.9249
27.0392
27.0392
27.0438
27.1894
27.1894
27.5457
27.5919
27.5919
27.5982
27.5982
27.6637
27.7564
27.7564
27.7582
27.7646
27.7646
27.8710
27.8710
27.8892
28.1232
28.1232
28.1399
28.3899
28.4295
28.4335
28.4335
28.5045
28.5202
28.5202
37.7836
38.1523
38.1523
38.2750
38.2750
38.4945
67.0025
67.1430
67.1430
67.1805
67.1805
67.4010
68.1005
68.3364
68.5771
68.5771
68.8024
68.8024
68.9544
68.9544
69.0830
69.0830
69.3331
69.5117
98.8200
98.8226
98.8289
98.8311
98.8374
98.8374
98.8383
98.8383
98.8398
98.8398
98.8422
98.8422
98.8564
98.8564
98.8565
98.8565
98.8628
98.8652
98.8658
98.8658
98.8692
98.8692
98.8709
98.8754
98.8782
98.8828
98.8828
98.8858
98.8858
98.8996
98.8996
98.9005
98.9016
98.9053
98.9131
98.9131
98.9194
98.9479
98.9479
98.9555
98.9555
98.9793
115.4521
115.5168
115.5168
115.5204
115.5946
115.5946
115.7967
115.8090
115.8206
115.8206
115.8262
115.8262
115.8726
115.8726
115.9016
115.9016
115.9109
115.9624
115.9624
115.9768
116.0729
116.0729
116.0789
116.2308
116.2574
116.2574
116.2598
116.2878
116.3050
116.3050
123.8971
124.1819
124.1819
124.3238
124.3238
124.4960
225.4008
225.5068
225.5068
225.5427
225.5427
225.7100
226.3126
226.5027
226.7248
226.7248
226.9088
226.9088
226.9976
226.9976
227.0908
227.0908
227.3017
227.4236
510.2130
510.3055
510.3055
510.5278
510.5278
510.5337
