-11.2339
-11.2336
-11.2324
-11.2307
-11.2293
-11.2272
-1.1546
-1.0189
-1.0152
-0.8263
-0.8250
-0.7121
-0.6438
-0.6223
-0.5913
-0.5864
-0.5125
-0.4958
-0.4869
-0.3382
-0.3373
0.0265
0.0303
0.0306
0.0426
0.0427
0.0646
0.0761
0.0896
0.0903
0.0968
0.0980
0.1001
0.1016
0.1020
0.1056
0.1141
0.1158
0.1172
0.1253
0.1258
0.1348
0.1376
0.1403
0.1405
0.1413
0.1591
0.2083
0.2134
0.2141
0.2190
0.2196
0.2315
0.2319
0.2437
0.2491
0.2555
0.2560
0.2602
0.2821
0.2859
0.2867
0.2893
0.2900
0.2917
0.2970
0.2981
0.3001
0.3173
0.3186
0.3216
0.3233
0.3241
0.3283
0.3454
0.3497
0.3514
0.3640
0.3668
0.3712
0.3753
0.4006
0.4013
0.4045
0.4058
0.4095
0.4166
0.4222
0.4316
0.4328
0.4352
0.4417
0.4490
0.4569
0.4690
0.4722
0.4791
0.4799
0.4996
0.5022
0.5039
0.5121
0.5158
0.5174
0.5196
0.5228
0.5258
0.5337
0.5384
0.5539
0.5671
0.5689
0.5777
0.5790
0.5904
0.5961
0.6035
0.6111
0.6428
0.6465
0.6567
0.6580
0.6774
0.6811
0.6899
0.6923
0.7012
0.7059
0.7126
0.7272
0.7336
0.7391
0.7423
0.7451
0.7536
0.7698
0.7719
0.7743
0.7754
0.7771
0.7796
0.7899
0.7954
0.7986
0.8018
0.8184
0.8203
0.8365
0.8384
0.8395
0.8402
0.8435
0.8683
0.8754
0.8892
0.8910
0.9158
0.9169
0.9215
0.9280
0.9404
0.9418
0.9489
0.9580
0.9634
0.9646
0.9682
0.9742
0.9805
0.9900
1.0050
1.0145
1.0226
1.0310
1.0338
1.0441
1.0513
1.0848
1.0879
1.1017
1.1056
1.1149
1.1410
1.1544
1.1565
1.1601
1.1629
1.1732
1.1793
1.1800
1.1973
1.1977
1.2088
1.2159
1.2445
1.2654
1.2726
1.2815
1.2932
1.3029
1.3152
1.3167
1.3275
1.3401
1.3414
1.3476
1.3524
1.3555
1.3693
1.3821
1.3854
1.3913
1.3986
1.4025
1.4098
1.4196
1.4277
1.4353
1.4838
1.4980
1.5063
1.5105
1.5266
1.5298
1.5322
1.5330
1.5408
1.5553
1.5655
1.5705
1.5778
1.5820
1.5888
1.5936
1.5946
1.6002
1.6075
1.6420
1.6677
1.6747
1.6864
1.7037
1.7116
1.7203
1.7313
1.7373
1.7437
1.7564
1.7620
1.7682
1.7800
1.8031
1.8082
1.8463
1.8557
1.8657
1.8678
1.8806
1.8880
1.9049
1.9151
1.9232
1.9386
1.9508
1.9588
1.9691
1.9725
1.9788
1.9878
2.0224
2.0236
2.0325
2.0420
2.0484
2.0506
2.0581
2.0694
2.0808
2.0917
2.0996
2.1113
2.1205
2.1249
2.1293
2.1361
2.1456
2.1526
2.1635
2.1693
2.1773
2.1839
2.2288
2.2325
2.2369
2.2441
2.2488
2.2669
2.2719
2.2750
2.2797
2.2928
2.2943
2.3001
2.3013
2.3083
2.3196
2.3372
2.3396
2.3645
2.3654
2.3676
2.3742
2.3838
2.3869
2.4028
2.4080
2.4127
2.4328
2.4367
2.4379
2.4471
2.4509
2.4576
2.4633
2.4680
2.4824
2.4989
2.5053
2.5132
2.5219
2.5242
2.5330
2.5509
2.5550
2.5681
2.5720
2.5808
2.5870
2.5948
2.6041
2.6244
2.6297
2.6414
2.6626
2.6803
2.6927
2.7127
2.7186
2.7269
2.7308
2.7397
2.7621
2.7784
2.7901
2.8021
2.8178
2.8225
2.8263
2.8307
2.8372
2.8444
2.8540
2.8672
2.8722
2.8911
2.8917
2.9069
2.9610
2.9649
2.9991
3.0145
3.0181
3.0304
3.0406
3.0791
3.0898
3.0960
3.1033
3.1133
3.1351
3.1578
3.1696
3.1748
3.1819
3.1876
3.2053
3.2128
3.2257
3.2344
3.2452
3.2947
3.3007
3.3066
3.3226
3.3406
3.3463
3.3597
3.4062
3.4220
3.4293
3.4563
3.4810
3.4962
3.5165
3.5279
3.5473
3.5587
3.5764
3.5935
3.6019
3.6171
3.6267
3.6334
3.6459
3.6997
3.7349
3.7425
3.7779
3.7951
3.8088
3.8414
3.8518
3.8664
3.8736
3.9075
3.9162
3.9192
3.9323
3.9469
3.9611
3.9790
4.0039
4.0199
4.0284
4.0347
4.0662
4.0672
4.0789
4.0876
4.1008
4.1095
4.1199
4.1369
4.2028
4.2172
4.2191
4.2315
4.2426
4.2565
4.2933
4.3303
4.3405
4.3474
4.3656
4.3671
4.3789
4.3807
4.3953
4.4060
4.4132
4.4291
4.4476
4.4693
4.4782
4.4926
4.5000
4.5203
4.5726
4.5839
4.5892
4.6004
4.6079
4.6128
4.6174
4.6287
4.6810
4.7630
4.8179
4.8424
4.8533
4.8646
4.8836
4.9065
4.9298
4.9482
4.9581
5.0025
5.0211
5.0362
5.0531
5.0772
5.0844
5.1225
5.1418
5.3595
5.3749
5.3811
5.3973
5.4173
5.4765
5.5653
5.5721
5.6046
5.6201
5.6586
5.6995
5.7734
5.7992
5.8422
5.8488
5.8691
5.8826
5.9441
5.9649
5.9805
5.9851
5.9958
6.0496
6.0765
6.0851
6.1021
6.1253
6.1422
6.1791
6.2423
6.2455
6.2586
6.2797
6.2839
6.3026
6.3170
6.3234
6.3297
6.3477
6.3571
6.3721
6.3847
6.3996
6.4283
6.4374
6.4494
6.4565
6.4586
6.4889
6.4962
6.5042
6.6406
6.6571
6.6627
6.6699
6.7064
6.7188
6.7482
6.7508
6.7578
6.7656
6.7983
6.8119
6.8279
6.8421
6.8574
6.8694
6.8717
6.8932
6.9295
6.9510
6.9528
6.9614
6.9677
6.9850
7.0326
7.0516
7.0764
7.0832
7.0910
7.1112
7.1147
7.1232
7.1367
7.1510
7.1606
7.1769
7.1843
7.1958
7.2017
7.2207
7.2405
7.2524
7.3021
7.3050
7.3182
7.3689
7.3735
7.3871
7.3932
7.4018
7.4095
7.4225
7.4517
7.4571
7.4909
7.5262
7.5486
7.5777
7.5946
7.6477
7.6639
7.6784
7.6824
7.6917
7.7115
7.7224
7.7283
7.7534
7.7827
7.7906
7.8103
7.8449
7.8803
7.8890
7.9409
7.9471
7.9886
8.0066
8.0075
8.0185
8.0620
8.0748
8.1138
8.1466
8.2148
8.2522
8.2683
8.2850
8.2872
8.2985
8.3056
8.3149
8.3491
8.3690
8.3872
8.4592
8.4713
8.5017
8.5233
8.5685
8.5774
8.5918
8.6140
8.6244
8.6425
8.6761
8.6782
8.6975
8.7104
8.7360
8.7733
8.7896
8.8326
8.8878
8.8887
8.9341
8.9471
8.9591
8.9809
9.0077
9.0204
9.0333
9.0466
9.0543
9.0648
9.1047
9.2556
9.3307
9.3373
9.3900
9.4007
9.4094
9.4172
9.4338
9.4493
9.4844
9.5042
9.5260
9.5302
9.5780
9.5946
9.6032
9.6318
9.6418
9.6808
9.6917
9.7435
9.7535
9.8381
9.8786
9.9828
9.9983
10.0159
10.0435
10.0559
10.0754
10.1012
10.1080
10.1306
10.1520
10.1743
10.1853
10.2133
10.2258
10.2961
10.3013
10.3414
10.3509
10.3809
10.4300
10.4826
10.5306
10.5782
10.6051
10.6328
10.7018
10.7092
10.7328
10.7714
10.8712
10.9202
10.9348
10.9989
11.0646
11.0954
11.2177
11.2552
11.2600
11.2899
11.4007
11.4145
11.5603
11.6460
11.7327
12.0205
12.1400
12.2088
12.2305
12.4577
12.4766
13.7513
13.9285
14.0003
14.0528
14.1570
14.5008
19.5574
19.7009
19.7132
19.7255
19.7481
20.0489
20.7479
21.1934
21.3274
21.3764
21.7199
21.7405
21.9624
21.9888
22.1086
22.1341
22.5436
22.6977
26.9345
27.0398
27.0586
27.0811
27.1880
27.2037
27.5383
27.5801
27.5884
27.5932
27.5970
27.6459
27.7242
27.7382
27.7475
27.7487
27.7667
27.8412
27.8559
27.8888
28.0887
28.1084
28.1281
28.3368
28.3619
28.3893
28.4292
28.4592
28.4906
28.5728
37.7839
38.1074
38.1295
38.2374
38.2595
38.4287
67.0405
67.1335
67.1463
67.1732
67.1912
67.3902
68.0875
68.3372
68.5293
68.5785
68.7822
68.7964
68.9145
68.9352
69.0419
69.0642
69.2767
69.4640
98.8178
98.8204
98.8268
98.8290
98.8335
98.8343
98.8355
98.8363
98.8375
98.8378
98.8397
98.8404
98.8512
98.8530
98.8540
98.8548
98.8569
98.8583
98.8612
98.8631
98.8644
98.8680
98.8709
98.8714
98.8764
98.8799
98.8802
98.8810
98.8828
98.8930
98.8957
98.8962
98.8984
98.9013
98.9077
98.9137
98.9144
98.9401
98.9434
98.9490
98.9540
98.9742
115.4554
115.5157
115.5255
115.5373
115.5922
115.6005
115.7895
115.7946
115.8169
115.8183
115.8225
115.8231
115.8542
115.8691
115.8823
115.8951
115.9041
115.9476
115.9546
115.9755
116.0560
116.0629
116.0718
116.2039
116.2259
116.2306
116.2526
116.2677
116.2863
116.3224
123.8955
124.1427
124.1609
124.2894
124.3084
124.4352
225.4297
225.4977
225.5095
225.5354
225.5514
225.7005
226.3019
226.5028
226.6832
226.7252
226.8901
226.9024
226.9623
226.9804
227.0553
227.0745
227.2540
227.3835
510.2047
510.2710
510.2925
510.4687
510.5000
510.5194
