-11.2308
-11.2304
-11.2298
-11.2290
-11.2283
-11.2279
-1.1562
-1.0186
-1.0176
-0.8268
-0.8264
-0.7145
-0.6442
-0.6230
-0.5910
-0.5897
-0.5072
-0.4962
-0.4943
-0.3385
-0.3384
0.0265
0.0304
0.0305
0.0425
0.0426
0.0655
0.0817
0.0900
0.0900
0.0984
0.0986
0.1001
0.1012
0.1014
0.1055
0.1138
0.1141
0.1172
0.1255
0.1256
0.1347
0.1351
0.1402
0.1417
0.1418
0.1594
0.2128
0.2136
0.2138
0.2193
0.2198
0.2259
0.2314
0.2479
0.2488
0.2562
0.2563
0.2598
0.2866
0.2868
0.2879
0.2915
0.2937
0.2960
0.2969
0.2994
0.2995
0.3189
0.3196
0.3216
0.3218
0.3250
0.3326
0.3489
0.3494
0.3591
0.3650
0.3672
0.3676
0.3708
0.4031
0.4037
0.4105
0.4185
0.4190
0.4309
0.4320
0.4325
0.4347
0.4372
0.4463
0.4522
0.4564
0.4614
0.4719
0.4768
0.4782
0.5033
0.5043
0.5050
0.5146
0.5159
0.5185
0.5194
0.5200
0.5203
0.5275
0.5343
0.5366
0.5668
0.5772
0.5779
0.5786
0.5794
0.5990
0.6002
0.6407
0.6449
0.6509
0.6585
0.6588
0.6814
0.6818
0.6957
0.6965
0.6989
0.7070
0.7131
0.7316
0.7336
0.7374
0.7458
0.7480
0.7558
0.7727
0.7736
0.7739
0.7771
0.7777
0.7845
0.7944
0.7952
0.7995
0.8049
0.8075
0.8320
0.8345
0.8355
0.8375
0.8380
0.8390
0.8647
0.8774
0.8912
0.8914
0.9187
0.9191
0.9232
0.9257
0.9344
0.9539
0.9549
0.9614
0.9620
0.9781
0.9816
0.9864
0.9881
0.9902
0.9946
1.0205
1.0235
1.0287
1.0457
1.0522
1.0542
1.0783
1.0949
1.1010
1.1018
1.1185
1.1429
1.1566
1.1567
1.1573
1.1703
1.1761
1.1799
1.1804
1.1983
1.1984
1.2151
1.2428
1.2473
1.2540
1.2717
1.2758
1.2997
1.3008
1.3261
1.3270
1.3408
1.3475
1.3484
1.3508
1.3530
1.3593
1.3800
1.3807
1.3856
1.3856
1.3983
1.4044
1.4049
1.4074
1.4085
1.4242
1.4602
1.5075
1.5091
1.5273
1.5286
1.5311
1.5314
1.5339
1.5347
1.5668
1.5729
1.5758
1.5798
1.5811
1.5935
1.5974
1.5977
1.5989
1.6001
1.6438
1.6628
1.6767
1.6820
1.7127
1.7240
1.7275
1.7377
1.7509
1.7615
1.7641
1.7831
1.7848
1.8089
1.8102
1.8176
1.8391
1.8648
1.8809
1.8845
1.8937
1.9040
1.9121
1.9144
1.9294
1.9310
1.9330
1.9345
1.9495
1.9816
1.9825
1.9976
2.0230
2.0280
2.0330
2.0352
2.0395
2.0476
2.0697
2.0739
2.0807
2.0841
2.0882
2.1032
2.1132
2.1204
2.1222
2.1320
2.1354
2.1595
2.1602
2.1825
2.1873
2.1900
2.2380
2.2385
2.2435
2.2446
2.2644
2.2759
2.2772
2.2777
2.2882
2.2906
2.2945
2.2955
2.2960
2.2975
2.3113
2.3659
2.3763
2.3820
2.3848
2.3890
2.3896
2.3928
2.3955
2.4032
2.4069
2.4088
2.4129
2.4182
2.4240
2.4284
2.4381
2.4389
2.4495
2.4541
2.4878
2.5028
2.5098
2.5128
2.5171
2.5231
2.5255
2.5535
2.5588
2.5778
2.5793
2.5960
2.5976
2.6054
2.6076
2.6143
2.6402
2.6769
2.6786
2.6958
2.6986
2.7105
2.7306
2.7338
2.7384
2.7409
2.7522
2.7931
2.7954
2.7998
2.8227
2.8241
2.8260
2.8279
2.8289
2.8427
2.8451
2.8765
2.8775
2.8938
2.8939
2.8970
2.9744
2.9765
3.0071
3.0091
3.0197
3.0214
3.0396
3.1031
3.1053
3.1160
3.1162
3.1521
3.1700
3.1766
3.1804
3.1855
3.1876
3.1968
3.2031
3.2060
3.2772
3.2814
3.3052
3.3071
3.3083
3.3120
3.3414
3.3436
3.3470
3.3734
3.3944
3.4314
3.4343
3.4798
3.4924
3.5036
3.5131
3.5260
3.5285
3.5806
3.5854
3.5959
3.5990
3.6169
3.6343
3.6360
3.6550
3.6977
3.7481
3.7502
3.8005
3.8048
3.8076
3.8356
3.8374
3.8883
3.8919
3.9067
3.9086
3.9104
3.9610
3.9644
3.9804
3.9865
4.0060
4.0380
4.0383
4.0406
4.0723
4.0768
4.0894
4.0916
4.1160
4.1197
4.1424
4.1466
4.2300
4.2306
4.2358
4.2409
4.2548
4.2575
4.2911
4.3478
4.3739
4.3779
4.3785
4.3801
4.3889
4.3938
4.4103
4.4128
4.4145
4.4379
4.4493
4.4669
4.4675
4.5066
4.5221
4.5303
4.5334
4.5753
4.5784
4.5826
4.6128
4.6238
4.6245
4.6354
4.7385
4.7963
4.8477
4.8575
4.8743
4.8822
4.9118
4.9177
4.9351
4.9372
4.9498
4.9591
5.0166
5.0493
5.0723
5.0792
5.1074
5.1115
5.1519
5.3813
5.3827
5.4018
5.4196
5.4245
5.5153
5.6222
5.6352
5.6463
5.6548
5.6727
5.7361
5.7677
5.8165
5.8356
5.8369
5.8526
5.8788
5.8937
5.9418
5.9469
5.9657
5.9851
6.0487
6.0509
6.0765
6.0781
6.1234
6.1255
6.1959
6.2422
6.2432
6.2636
6.2788
6.2789
6.3048
6.3120
6.3137
6.3529
6.3630
6.3669
6.3745
6.3770
6.3788
6.4410
6.4433
6.4467
6.4481
6.4707
6.4750
6.4801
6.5043
6.6541
6.6652
6.6679
6.6719
6.7191
6.7367
6.7393
6.7475
6.7618
6.7645
6.8165
6.8218
6.8233
6.8603
6.8645
6.8668
6.8687
6.9277
6.9486
6.9556
6.9581
6.9643
6.9679
6.9716
7.0669
7.1036
7.1070
7.1108
7.1133
7.1141
7.1167
7.1188
7.1304
7.1568
7.1606
7.1948
7.1965
7.2010
7.2032
7.2311
7.2349
7.2673
7.3063
7.3138
7.3181
7.3932
7.3963
7.4007
7.4009
7.4038
7.4091
7.4193
7.4266
7.4995
7.5073
7.5452
7.5520
7.5769
7.6110
7.6804
7.6833
7.7183
7.7206
7.7215
7.7262
7.7306
7.7314
7.7546
7.7615
7.7624
7.8571
7.8668
7.8799
7.9251
7.9607
7.9625
7.9758
8.0072
8.0168
8.0180
8.0846
8.0864
8.1244
8.2298
8.2478
8.2658
8.2807
8.3026
8.3135
8.3172
8.3374
8.3386
8.3501
8.3724
8.3795
8.4930
8.4952
8.4973
8.5481
8.5640
8.5868
8.6183
8.6214
8.6445
8.6493
8.6636
8.6951
8.6977
8.7641
8.7763
8.7838
8.7875
8.8913
8.8989
8.9471
8.9546
8.9547
8.9570
8.9696
9.0295
9.0308
9.0486
9.0606
9.0637
9.0670
9.0822
9.3283
9.3472
9.3533
9.3666
9.4154
9.4276
9.4352
9.4383
9.4932
9.5105
9.5211
9.5253
9.5328
9.5982
9.6133
9.6245
9.6436
9.6577
9.7140
9.7176
9.7493
9.7519
9.8277
9.9119
10.0009
10.0386
10.0402
10.0440
10.0504
10.1205
10.1258
10.1328
10.1416
10.1530
10.2040
10.2132
10.2617
10.2758
10.3122
10.3149
10.3613
10.3772
10.3878
10.5064
10.5155
10.5269
10.5421
10.5959
10.6641
10.7396
10.7423
10.7703
10.7771
10.8959
10.9838
10.9952
11.0691
11.0747
11.0808
11.2661
11.2686
11.2919
11.3713
11.3990
11.5299
11.5620
11.6972
11.7143
12.0801
12.1090
12.2218
12.2224
12.5475
12.5667
13.8693
14.0535
14.0959
14.1921
14.2420
14.3013
19.5097
19.7075
19.7116
19.7283
19.7332
20.0571
20.7611
21.1885
21.3700
21.3773
21.7447
21.7465
22.0054
22.0070
22.1469
22.1515
22.6059
22.7481
26.9245
27.0382
27.0403
27.0462
27.1877
27.1894
27.5445
27.5900
27.5908
27.5967
27.5971
27.6603
27.7525
27.7554
27.7560
27.7590
27.7660
27.8665
27.8694
27.8893
28.1158
28.1212
28.1366
28.3846
28.4143
28.4284
28.4398
28.4950
28.5140
28.5250
37.7824
38.1434
38.1487
38.2673
38.2725
38.4846
67.0061
67.1396
67.1431
67.1773
67.1813
67.3977
68.0985
68.3342
68.5708
68.5786
68.8010
68.8020
68.9488
68.9504
69.0748
69.0790
69.3244
69.5022
98.8196
98.8222
98.8285
98.8307
98.8366
98.8371
98.8375
98.8381
98.8393
98.8394
98.8417
98.8419
98.8552
98.8557
98.8559
98.8562
98.8619
98.8640
98.8647
98.8659
98.8679
98.8699
98.8703
98.8748
98.8777
98.8816
98.8825
98.8849
98.8854
98.8983
98.8992
98.8999
98.9008
98.9047
98.9116
98.9131
98.9185
98.9464
98.9475
98.9540
98.9552
98.9782
115.4516
115.5160
115.5171
115.5213
115.5934
115.5944
115.7957
115.8066
115.8196
115.8198
115.8251
115.8252
115.8685
115.8728
115.8991
115.9005
115.9094
115.9606
115.9615
115.9766
116.0694
116.0712
116.0768
116.2272
116.2516
116.2567
116.2587
116.2839
116.3007
116.3059
123.8956
124.1741
124.1784
124.3167
124.3212
124.4870
225.4034
225.5037
225.5070
225.5398
225.5433
225.7072
226.3110
226.5008
226.7194
226.7260
226.9073
226.9085
226.9926
226.9940
227.0836
227.0872
227.2942
227.4153
510.2112
510.2985
510.3031
510.5184
510.5244
510.5295
