-230.49522358
-230.48885720
-230.47340991
-230.47093568
-230.45669040
-230.44945270
-230.44902561
-230.44082671
-230.43371618
-230.43336841
-230.42776737
-230.42712369
-230.42423979
-230.42229793
-230.41317021
-230.41182485
-230.40980880
-230.40698365
-230.40377827
-230.40014300
-230.38375517
-230.38339891
-230.38104892
-230.37928427
-230.37646162
-230.37509310
-230.36998264
-230.36924951
-230.36768429
-230.36421802
-230.36310214
-230.36188323
-230.36172722
-230.35520845
-230.35469865
-230.35169304
-230.35062465
-230.34997252
-230.34765204
-230.34632017
-230.34548720
-230.34508787
-230.34436414
-230.33463339
-230.33444493
-230.33157867
-230.32942511
-230.32914176
-230.32720933
-230.32551421
-230.32518391
-230.31917680
-230.31511218
-230.31439324
-230.31328062
-230.31078056
-230.30991481
-230.30927646
-230.30749428
-230.30653282
-230.30524308
-230.30391158
-230.30264863
-230.29931060
-230.29800829
-230.29568847
-230.29360729
-230.29118207
-230.28717647
-230.28601480
-230.27755017
-230.27463646
-230.27260285
-230.26889180
-230.26598824
-230.26536032
-230.26333556
-230.26179606
-230.26163485
-230.25743123
-230.25350687
-230.25179938
-230.25029494
-230.24868222
-230.24724078
-230.24639642
-230.24535475
-230.24398035
-230.24355213
-230.24265256
-230.24185982
-230.24027250
-230.23926116
-230.23759723
-230.23714320
-230.23597918
-230.23507395
-230.23333119
-230.23200349
-230.22957033
-230.22927398
-230.22844299
-230.22778363
-230.22650390
-230.22553355
-230.22490316
-230.22333477
-230.22226586
-230.22162830
-230.21992286
-230.21923413
-230.21763042
-230.21617812
-230.21574521
-230.21537605
-230.21506400
-230.21128572
-230.21100137
-230.20984281
-230.20733165
-230.20619110
-230.20541875
-230.20486305
-230.20393223
-230.20310245
-230.20196150
-230.20119265
-230.20057886
-230.19933898
-230.19873706
-230.19725215
-230.19708772
-230.19687614
-230.19562451
-230.19532071
-230.19474450
-230.19319394
-230.19278120
-230.19222363
-230.19141516
-230.18990636
-230.18739317
-230.18726768
-230.18625603
-230.18577244
-230.18500244
-230.18444835
-230.18362973
-230.18297157
-230.18177368
-230.18152807
-230.17804017
-230.17584583
-230.17512535
-230.17393843
-230.17299881
-230.17261507
-230.17240653
-230.17167070
-230.16912468
-230.16833825
-230.16764647
-230.16646102
-230.16532131
-230.16375867
-230.16358255
-230.16266466
-230.16161022
-230.16103394
-230.16045545
-230.15987445
-230.15851370
-230.15802824
-230.15666925
-230.15560683
-230.15507929
-230.15388371
-230.15244815
-230.15160266
-230.15137394
-230.15054977
-230.14893909
-230.14626223
-230.14507423
-230.14427213
-230.14338918
-230.14162970
-230.14068688
-230.13705905
-230.13672894
-230.13595938
-230.13506165
-230.13405638
-230.13231918
-230.13144017
-230.12960278
-230.12871723
-230.12847291
-230.12800419
-230.12548111
-230.12526870
-230.12338969
-230.12252019
-230.12064814
-230.11981014
-230.11936510
-230.11864166
-230.11819450
-230.11698507
-230.11620089
-230.11607826
-230.11550235
-230.11408713
-230.11335627
-230.11277945
-230.11171397
-230.11115202
-230.11033536
-230.10917939
-230.10831065
-230.10424572
-230.10388449
-230.10288900
-230.10185582
-230.10165220
-230.10001224
-230.09982971
-230.09930579
-230.09910700
-230.09821832
-230.09708304
-230.09687931
-230.09611460
-230.09565041
-230.09360334
-230.09319641
-230.09256279
-230.09135500
-230.09020838
-230.08990281
-230.08870668
-230.08848061
-230.08714956
-230.08676628
-230.08632853
-230.08412007
-230.08365023
-230.08255527
-230.08227966
-230.08074110
-230.08046489
-230.07903084
-230.07852814
-230.07744898
-230.07699866
-230.07574494
-230.07496575
-230.07450300
-230.07291925
-230.07211409
-230.07117405
-230.06960512
-230.06905049
-230.06872415
-230.06810735
-230.06776959
-230.06715578
-230.06618691
-230.06616805
-230.06517369
-230.06483156
-230.06407552
-230.06374806
-230.06346315
-230.06277781
-230.06116138
-230.06029195
-230.06002381
-230.05969340
-230.05905381
-230.05832240
-230.05762395
-230.05691846
-230.05600475
-230.05564422
-230.05515666
-230.05470297
-230.05384179
-230.05329303
-230.05218521
-230.05119134
-230.05048159
-230.04917669
-230.04872758
-230.04786200
-230.04665077
-230.04586823
-230.04566286
-230.04455013
-230.04423902
-230.04307995
-230.04304253
-230.04245430
-230.03957977
-230.03915770
-230.03879920
-230.03765972
-230.03680947
-230.03617772
-230.03582789
-230.03529787
-230.03336292
-230.03315956
-230.03204569
-230.03130387
-230.03074358
-230.02996063
-230.02970408
-230.02904158
-230.02772120
-230.02743540
-230.02599647
-230.02536595
-230.02510140
-230.02385254
-230.02295359
-230.02210624
-230.02037295
-230.01914909
-230.01870609
-230.01702153
-230.01651661
-230.01508281
-230.01469496
-230.01313316
-230.01238610
-230.01071917
-230.01016745
-230.00939025
-230.00688002
-230.00639284
-230.00455180
-230.00435352
-230.00365572
-230.00230862
-230.00197925
-230.00110833
-230.00034708
-229.99922776
-229.99902654
-229.99822574
-229.99741330
-229.99725798
-229.99667106
-229.99592134
-229.99390409
-229.99338240
-229.99281836
-229.99110151
-229.99044945
-229.98927717
-229.98871327
-229.98832984
-229.98770604
-229.98645362
-229.98538583
-229.98358143
-229.98321822
-229.98144133
-229.98049067
-229.97917842
-229.97827813
-229.97752601
-229.97709465
-229.97699878
-229.97640574
-229.97536665
-229.97487898
-229.97426851
-229.97192016
-229.97103469
-229.97034302
-229.96918887
-229.96845652
-229.96791276
-229.96776803
-229.96593853
-229.96479989
-229.96379464
-229.96290298
-229.96162228
-229.96085784
-229.95997989
-229.95906943
-229.95725069
-229.95677408
-229.95618716
-229.95593656
-229.95579765
-229.95529753
-229.95450062
-229.95328204
-229.95320018
-229.95256047
-229.95164820
-229.95139718
-229.95025835
-229.94944323
-229.94849236
-229.94818933
-229.94772167
-229.94715840
-229.94508127
-229.94381284
-229.94279723
-229.94233429
-229.93990972
-229.93952920
-229.93882758
-229.93817483
-229.93745126
-229.93651166
-229.93591945
-229.93572701
-229.93456982
-229.93413377
-229.93346708
-229.93270665
-229.93172424
-229.93087159
-229.93059421
-229.92985602
-229.92932737
-229.92854988
-229.92778237
-229.92719197
-229.92675951
-229.92629271
-229.92524770
-229.92455724
-229.92374934
-229.92328301
-229.92175895
-229.92046799
-229.92014162
-229.91925084
-229.91842986
-229.91696107
-229.91622314
-229.91544774
-229.91469009
-229.91423381
-229.91290172
-229.91229645
-229.91177954
-229.91059128
-229.90997612
-229.90936649
-229.90859081
-229.90753379
-229.90709554
-229.90563016
-229.90543429
-229.90497246
-229.90424390
-229.90290206
-229.90196734
-229.90144715
-229.89991882
-229.89938548
-229.89918844
-229.89893891
-229.89788152
-229.89647076
-229.89592562
-229.89466583
-229.89326243
-229.89243588
-229.89213072
-229.89176387
-229.88977719
-229.88910849
-229.88735615
-229.88697725
-229.88617103
-229.88521774
-229.88483984
-229.88419498
-229.88233823
-229.88210780
-229.88112735
-229.87988430
-229.87937918
-229.87903780
-229.87821122
-229.87702044
-229.87660275
-229.87477106
-229.87463756
-229.87438093
-229.87364934
-229.87331831
-229.87224365
-229.87145165
-229.87036678
-229.86948218
-229.86875739
-229.86822961
-229.86810978
-229.86720828
-229.86622472
-229.86578343
-229.86536515
-229.86466017
-229.86402065
-229.86366428
-229.86350545
-229.86322496
-229.86266219
-229.86258507
-229.86147164
-229.86123333
-229.86046522
-229.85991011
-229.85879745
-229.85798838
-229.85752331
-229.85722544
-229.85704195
-229.85588567
-229.85511761
-229.85468734
-229.85391679
-229.85331113
-229.85295815
-229.85272740
-229.85099828
-229.85057831
-229.85002567
-229.84936323
-229.84877746
-229.84774658
-229.84745718
-229.84658901
-229.84500787
-229.84370713
-229.84332071
-229.84290088
-229.84241789
-229.84218187
-229.84173693
-229.84093751
-229.83972888
-229.83887523
-229.83813548
-229.83792409
-229.83745431
-229.83658785
-229.83553568
-229.83469609
-229.83462062
-229.83351340
-229.83298164
-229.83212626
-229.83182295
-229.83094586
-229.83028701
-229.82923956
-229.82857654
-229.82763010
-229.82690973
-229.82686049
-229.82538922
-229.82522437
-229.82254821
-229.82129218
-229.82038207
-229.81913427
-229.81879079
-229.81859591
-229.81809363
-229.81637314
-229.81627517
-229.81528948
-229.81496545
-229.81433214
-229.81326265
-229.81241734
-229.81198830
-229.81085048
-229.81035447
-229.80967842
-229.80842036
-229.80799979
-229.80715533
-229.80659408
-229.80574174
-229.80387831
-229.80358710
-229.80214729
-229.80172910
-229.80031772
-229.79791453
-229.79679869
-229.79562954
-229.79504533
-229.79462487
-229.79388208
-229.79178497
-229.79155438
-229.79035098
-229.78912860
-229.78871959
-229.78787837
-229.78711016
-229.78589621
-229.78403685
-229.78379073
-229.78348552
-229.78298499
-229.78175663
-229.77975406
-229.77912530
-229.77786483
-229.77644798
-229.77609294
-229.77452961
-229.77316480
-229.77193968
-229.77120115
-229.77010541
-229.76967052
-229.76751480
-229.76683505
-229.76613743
-229.76468642
-229.76320094
-229.76271348
-229.76138384
-229.76109885
-229.76025151
-229.75935817
-229.75826939
-229.75727129
-229.75660406
-229.75525657
-229.75516169
-229.75378597
-229.75355820
-229.75226519
-229.75172022
-229.75027158
-229.75006393
-229.74917016
-229.74872481
-229.74838001
-229.74809129
-229.74711343
-229.74679660
-229.74587546
-229.74487070
-229.74457074
-229.74449690
-229.74336454
-229.74299463
-229.74264928
-229.74242537
-229.74189809
-229.74083328
-229.74047238
-229.74031032
-229.73963984
-229.73845203
-229.73807942
-229.73755706
-229.73689416
-229.73660323
-229.73611164
-229.73582377
-229.73518873
-229.73500641
-229.73449986
-229.73334007
-229.73300124
-229.73231442
-229.73178381
-229.73169988
-229.73125120
-229.73022558
-229.72958413
-229.72908452
-229.72777724
-229.72757349
-229.72663371
-229.72590694
-229.72489488
-229.72465529
-229.72433444
-229.72395361
-229.72349893
-229.72248113
-229.72217593
-229.72135201
-229.72092027
-229.72058906
-229.71956237
-229.71834896
-229.71820507
-229.71693559
-229.71594399
-229.71494890
-229.71441358
-229.71394822
-229.71279854
-229.71213962
-229.71148998
-229.71035642
-229.70997675
-229.70881322
-229.70842219
-229.70768546
-229.70659697
-229.70637925
-229.70535692
-229.70500562
-229.70433989
-229.70408773
-229.70287119
-229.70207131
-229.70153453
-229.70043021
-229.69967965
-229.69825965
-229.69794683
-229.69718273
-229.69644659
-229.69634127
-229.69529797
-229.69483479
-229.69444715
-229.69375629
-229.69336941
-229.69253455
-229.69202421
-229.69117761
-229.69049858
-229.68985380
-229.68964402
-229.68867695
-229.68793030
-229.68706666
-229.68573325
-229.68501510
-229.68436266
-229.68408497
-229.68329741
-229.68244626
-229.68146124
-229.68082226
-229.68002994
-229.67934357
-229.67877741
-229.67783467
-229.67691844
-229.67564674
-229.67510647
-229.67439939
-229.67356783
-229.67329755
-229.67150038
-229.67129327
-229.67062451
-229.67000614
-229.66977758
-229.66900594
-229.66826863
-229.66807581
-229.66786391
-229.66699272
-229.66636120
-229.66567623
-229.66504560
-229.66488820
-229.66437474
-229.66321143
-229.66211205
-229.66181695
-229.66142487
-229.66045350
-229.66011026
-229.65910078
-229.65873456
-229.65787886
-229.65715476
-229.65642724
-229.65641034
-229.65558993
-229.65521831
-229.65461883
-229.65341771
-229.65247553
-229.65174029
-229.65085248
-229.65071169
-229.65002501
-229.64931005
-229.64849401
-229.64803182
-229.64716753
-229.64671845
-229.64639324
-229.64482781
-229.64377046
-229.64362024
-229.64282446
-229.64211776
-229.64144524
-229.64066457
-229.64002920
-229.63930920
-229.63912760
-229.63669965
-229.63631028
-229.63555374
-229.63504541
-229.63417349
-229.63322067
-229.63235103
-229.63199225
-229.63132784
-229.63051548
-229.62980021
-229.62894373
-229.62846939
-229.62773356
-229.62739962
-229.62684007
-229.62636513
-229.62608557
-229.62504951
-229.62491996
-229.62452949
-229.62335264
-229.62270644
-229.62213106
-229.62185443
-229.62109205
-229.62097170
-229.61921181
-229.61862625
-229.61818627
-229.61802111
-229.61715539
-229.61639371
-229.61581746
-229.61550375
-229.61474116
-229.61450154
-229.61435504
-229.61382660
-229.61256676
-229.61174807
-229.61046241
-229.61032770
-229.60963433
-229.60876202
-229.60787596
-229.60746493
-229.60554450
-229.60454629
-229.60438009
-229.60363634
-229.60343274
-229.60279101
-229.60102417
-229.59996385
-229.59921729
-229.59876358
-229.59850989
-229.59787954
-229.59730899
-229.59661875
-229.59531707
-229.59518133
-229.59435895
-229.59369714
-229.59208075
-229.59103496
-229.59049592
-229.59017624
-229.58972577
-229.58854733
-229.58714062
-229.58588979
-229.58530811
-229.58449003
-229.58351206
-229.58202100
-229.58083300
-229.57969170
-229.57949267
-229.57902015
-229.57803172
-229.57724710
-229.57636822
-229.57529174
-229.57465694
-229.57360674
-229.57261072
-229.57147144
-229.56999079
-229.56869516
-229.56797547
-229.56661349
-229.56577005
-229.56508052
-229.56449789
-229.56323117
-229.56304448
-229.56046152
-229.55957482
-229.55895250
-229.55847479
-229.55831515
-229.55714382
-229.55576719
-229.55522940
-229.55430575
-229.55376798
-229.55336324
-229.55254227
-229.55240127
-229.55156151
-229.55087865
-229.55067232
-229.55009772
-229.54887351
-229.54815231
-229.54735583
-229.54715569
-229.54574245
-229.54567874
-229.54518679
-229.54423251
-229.54401867
-229.54359327
-229.54292131
-229.54266125
-229.54185304
-229.54124255
-229.54074377
-229.53992595
-229.53902603
-229.53826304
-229.53724913
-229.53700242
-229.53612491
-229.53478303
-229.53405765
-229.53373300
-229.53317414
-229.53218954
-229.53140395
-229.53021347
-229.53007516
-229.52864920
-229.52811518
-229.52734284
-229.52667639
-229.52641698
-229.52560316
-229.52436244
-229.52338061
-229.52302159
-229.52175520
-229.52094894
-229.52021936
-229.52001297
-229.51912894
-229.51831165
-229.51775553
-229.51703063
-229.51672143
-229.51557067
-229.51502646
-229.51387764
-229.51366244
-229.51285782
-229.51270974
-229.51168361
-229.51105024
-229.51046877
-229.50950848
-229.50895203
-229.50843960
-229.50800309
-229.50764490
-229.50736428
-229.50709163
-229.50656229
-229.50609422
-229.50554264
-229.50495962
-229.50423652
-229.50329605
-229.50288287
-229.50245167
-229.50184998
-229.50150231
-229.50114645
-229.49966706
-229.49898525
-229.49859504
-229.49745280
-229.49663666
-229.49602762
-229.49542836
-229.49494770
-229.49350518
-229.49311676
-229.49231286
-229.49116994
-229.49000585
-229.48952443
-229.48934541
-229.48864723
-229.48804538
-229.48707589
-229.48647199
-229.48621831
-229.48476298
-229.48408223
-229.48335057
-229.48280434
-229.48219185
-229.48087985
-229.48009391
-229.47947258
-229.47868015
-229.47784616
-229.47751274
-229.47728449
-229.47693929
-229.47531362
-229.47464911
-229.47420851
-229.47297179
-229.47273137
-229.47174207
-229.47154347
-229.46899000
-229.46846326
-229.46716924
-229.46651913
-229.46481199
-229.46471610
-229.46373135
-229.46274040
-229.46144183
-229.46088422
-229.46016247
-229.45847719
-229.45703617
-229.45658673
-229.45547641
-229.45465494
-229.45291843
-229.45171345
-229.45076225
-229.44994731
-229.44898159
-229.44753082
-229.44725245
-229.44594454
-229.44547458
-229.44405508
-229.44311765
-229.44225535
-229.44156958
-229.44140084
-229.43903629
-229.43842675
-229.43566987
-229.43425906
-229.43414130
-229.43355882
-229.43246900
-229.43238241
-229.43087862
-229.43028139
-229.42847300
-229.42814520
-229.42793233
-229.42705927
-229.42640275
-229.42535191
-229.42489232
-229.42443244
-229.42368083
-229.42257358
-229.42189498
-229.41958733
-229.41842979
-229.41822092
-229.41680312
-229.41620364
-229.41490038
-229.41434611
-229.41364441
-229.41338263
-229.41189269
-229.41166853
-229.41071486
-229.41031448
-229.40951672
-229.40814725
-229.40719778
-229.40666323
-229.40571599
-229.40515248
-229.40454829
-229.40440099
-229.40362812
-229.40331694
-229.40169424
-229.40113080
-229.40048517
-229.40009423
-229.39879388
-229.39782800
-229.39668868
-229.39569854
-229.39504576
-229.39431754
-229.39252810
-229.39189468
-229.39044561
-229.38969947
-229.38900985
-229.38843804
-229.38799864
-229.38590748
-229.38515334
-229.38510902
-229.38396284
-229.38230202
-229.38219027
-229.38188006
-229.38069143
-229.37996362
-229.37967814
-229.37936599
-229.37784379
-229.37705748
-229.37661556
-229.37553789
-229.37526035
-229.37396404
-229.37366553
-229.37239719
-229.37054571
-229.37004618
-229.36969748
-229.36925979
-229.36799540
-229.36622281
-229.36616867
-229.36500950
-229.36467191
-229.36300809
-229.36225623
-229.36154698
-229.36057594
-229.36004530
-229.35913600
-229.35762883
-229.35569708
-229.35463442
-229.35343548
-229.35131158
-229.35047596
-229.34865775
-229.34810833
-229.34725883
-229.34629639
-229.34568334
-229.34504230
-229.34421551
-229.34296577
-229.34224117
-229.34067400
-229.34052034
-229.33948254
-229.33878400
-229.33789928
-229.33725878
-229.33600749
-229.33537735
-229.33455665
-229.33312294
-229.33207227
-229.33166675
-229.32932879
-229.32881921
-229.32773870
-229.32624279
-229.32566673
-229.32404145
-229.32266806
-229.32124415
-229.32091289
-229.32042282
-229.31954702
-229.31871274
-229.31747365
-229.31706682
-229.31525131
-229.31461250
-229.31394463
-229.31364573
-229.31188666
-229.31154710
-229.31049348
-229.30985429
-229.30817572
-229.30758488
-229.30736489
-229.30629204
-229.30505921
-229.30392987
-229.30331295
-229.30190652
-229.30067541
-229.29927528
-229.29713405
-229.29556838
-229.29500871
-229.29411562
-229.29342273
-229.29189065
-229.29155504
-229.29017932
-229.28904461
-229.28693132
-229.28647863
-229.28597086
-229.28545919
-229.28512187
-229.28370341
-229.28270114
-229.28038139
-229.27951753
-229.27932800
-229.27833566
-229.27732924
-229.27679056
-229.27486592
-229.27398905
-229.27326764
-229.27154984
-229.26946264
-229.26913966
-229.26770307
-229.26598499
-229.26489977
-229.26400790
-229.26294602
-229.26251919
-229.26042790
-229.25836643
-229.25594509
-229.25560632
-229.25408591
-229.25252298
-229.25113485
-229.25079469
-229.24986922
-229.24698171
-229.24496935
-229.24246361
-229.24031711
-229.23704085
-229.23610419
-229.23495433
-229.23363703
-229.23316993
-229.23241248
-229.23014476
-229.22924099
-229.22904524
-229.22786235
-229.22541052
-229.22316295
-229.22223961
-229.22087221
-229.21899127
-229.21796512
-229.21641761
-229.21580313
-229.21478367
-229.21412900
-229.21359288
-229.21288305
-229.21150132
-229.21013904
-229.20765199
-229.20729562
-229.20669735
-229.20558780
-229.20521748
-229.20427504
-229.20261779
-229.20164160
-229.20073891
-229.20006631
-229.19817300
-229.19740322
-229.19598666
-229.19481518
-229.19445666
-229.19328201
-229.19056923
-229.18967384
-229.18756363
-229.18640198
-229.18421978
-229.18392148
-229.18269574
-229.18122822
-229.17940049
-229.17869377
-229.17697872
-229.17684958
-229.17502240
-229.17413680
-229.17224677
-229.17159489
-229.16971241
-229.16870483
-229.16745121
-229.16671307
-229.16624663
-229.16343223
-229.16239515
-229.16104804
-229.15985545
-229.15844822
-229.15796861
-229.15625560
-229.15513202
-229.15407653
-229.15317494
-229.15167150
-229.15031151
-229.14803414
-229.14781870
-229.14525526
-229.14508629
-229.14456508
-229.14219930
-229.14097534
-229.14008295
-229.13909193
-229.13828892
-229.13679633
-229.13489448
-229.13432941
-229.13315250
-229.13213254
-229.13049970
-229.12881947
-229.12733083
-229.12709784
-229.12479152
-229.12371472
-229.12196447
-229.12080742
-229.12022632
-229.11838049
-229.11625933
-229.11487439
-229.11277825
-229.11037685
-229.10989666
-229.10776573
-229.10735716
-229.10537456
-229.10339149
-229.10254932
-229.10045219
-229.09952408
-229.09848973
-229.09694088
-229.09512350
-229.09418421
-229.09348237
-229.09143440
-229.08848225
-229.08760036
-229.08586359
-229.08341169
-229.08046096
-229.07877150
-229.07681690
-229.07570097
-229.07349545
-229.07217583
-229.07169469
-229.06792183
-229.06710609
-229.06634199
-229.06429630
-229.06368715
-229.06002059
-229.05904988
-229.05729290
-229.05695399
-229.05450038
-229.05324995
-229.05265174
-229.05186901
-229.05022334
-229.04913613
-229.04859803
-229.04786621
-229.04537904
-229.04443446
-229.04246181
-229.04199753
-229.04059224
-229.03833309
-229.03630709
-229.03521876
-229.03281420
-229.03233596
-229.03114936
-229.02848020
-229.02630345
-229.02503292
-229.02274071
-229.01914842
-229.01855747
-229.01637475
-229.01574066
-229.01198848
-229.01069938
-229.01040537
-229.00784904
-229.00700995
-229.00567376
-229.00521170
-229.00224865
-229.00028972
-228.99893109
-228.99856633
-228.99669550
-228.99526140
-228.99439696
-228.99309482
-228.99213523
-228.99116260
-228.99031945
-228.98863704
-228.98573748
-228.98554350
-228.98528759
-228.98456927
-228.98263317
-228.98145636
-228.98099461
-228.98014136
-228.97942301
-228.97613160
-228.97563007
-228.97469345
-228.97207634
-228.97079317
-228.97008491
-228.96869110
-228.96683359
-228.96550819
-228.96399259
-228.96181101
-228.96086259
-228.95992580
-228.95867448
-228.95811774
-228.95569438
-228.95448679
-228.95381627
-228.94983700
-228.94904928
-228.94576120
-228.94492223
-228.94374469
-228.94034562
-228.93849004
-228.93742217
-228.93507630
-228.93255259
-228.93154242
-228.93105804
-228.93066973
-228.92851782
-228.92759296
-228.92662667
-228.92592247
-228.92541047
-228.92488300
-228.92306210
-228.92096260
-228.91948254
-228.91931857
-228.91857361
-228.91667876
-228.91644954
-228.91549846
-228.91419471
-228.91343806
-228.91216506
-228.91010205
-228.90937103
-228.90785158
-228.90408183
-228.90274523
-228.90105925
-228.89896821
-228.89821208
-228.89715491
-228.89431673
-228.89299064
-228.89220960
-228.89028997
-228.88758970
-228.88497291
-228.88430881
-228.88326510
-228.88304666
-228.87986617
-228.87857842
-228.87631281
-228.87448605
-228.87339109
-228.87277150
-228.87078120
-228.86805322
-228.86713264
-228.86451457
-228.86405405
-228.86244924
-228.86141466
-228.86064303
-228.85601011
-228.85335249
-228.85320684
-228.85100582
-228.85025621
-228.84959076
-228.84866804
-228.84642322
-228.84576978
-228.84544597
-228.84427713
-228.84243662
-228.84143390
-228.84060505
-228.83929414
-228.83846175
-228.83733173
-228.83712396
-228.83579154
-228.83519055
-228.83408479
-228.83306453
-228.83282060
-228.83160436
-228.83100185
-228.83076479
-228.82718396
-228.82633573
-228.82554005
-228.82393296
-228.82254221
-228.82162415
-228.82019684
-228.81890998
-228.81778446
-228.81652586
-228.81471103
-228.81337881
-228.81137782
-228.80941473
-228.80775975
-228.80761457
-228.80614993
-228.80473521
-228.80429835
-228.80267363
-228.80215932
-228.80117569
-228.80030111
-228.79929231
-228.79732457
-228.79575560
-228.79424782
-228.79256337
-228.79138318
-228.79067688
-228.78936203
-228.78703684
-228.78628133
-228.78457298
-228.78200426
-228.78129105
-228.77876872
-228.77721593
-228.77553061
-228.77292548
-228.77129689
-228.77120946
-228.76869914
-228.76827320
-228.76730848
-228.76546286
-228.76425448
-228.76189019
-228.76146340
-228.75956472
-228.75803577
-228.75542716
-228.75441070
-228.75353628
-228.75205148
-228.74987982
-228.74772177
-228.74682087
-228.74517171
-228.74387592
-228.74322138
-228.74105830
-228.73758482
-228.73651461
-228.73526413
-228.73425448
-228.73172685
-228.73017139
-228.72931605
-228.72723755
-228.72625000
-228.72472017
-228.72377013
-228.72216306
-228.72101101
-228.71960580
-228.71822533
-228.71669922
-228.71530181
-228.71378685
-228.71178213
-228.71164991
-228.71063395
-228.70906566
-228.70753479
-228.70696632
-228.70542776
-228.70358230
-228.70332426
-228.70222159
-228.69936370
-228.69833013
-228.69776356
-228.69604272
-228.69325511
-228.69315900
-228.69073538
-228.68999358
-228.68872274
-228.68664769
-228.68565269
-228.68260746
-228.68170984
-228.68138140
-228.68030081
-228.67938088
-228.67894186
-228.67814019
-228.67638179
-228.67456111
-228.67427775
-228.67316356
-228.66966616
-228.66918000
-228.66757552
-228.66556217
-228.66412884
-228.66338468
-228.66303918
-228.66202153
-228.66162008
-228.65869896
-228.65793163
-228.65715688
-228.65383786
-228.65329452
-228.65178819
-228.65096650
-228.65075546
-228.64719643
-228.64564797
-228.64463111
-228.64290147
-228.64234117
-228.64169381
-228.64051422
-228.63965704
-228.63891127
-228.63831960
-228.63689890
-228.63564711
-228.63355693
-228.63329649
-228.63145274
-228.63028419
-228.62791635
-228.62645125
-228.62545380
-228.62225009
-228.62196447
-228.62054970
-228.61786947
-228.61683969
-228.61265234
-228.61118832
-228.61044443
-228.60820585
-228.60800414
-228.60652202
-228.60560785
-228.60414829
-228.60368755
-228.60186515
-228.59869903
-228.59821744
-228.59595542
-228.59578411
-228.59466057
-228.59332937
-228.59141731
-228.58997795
-228.58748457
-228.58695130
-228.58504040
-228.58460975
-228.58176411
-228.57922128
-228.57862264
-228.57679891
-228.57594471
-228.57329067
-228.57219157
-228.57092585
-228.56858959
-228.56703477
-228.56616006
-228.56567615
-228.56486244
-228.56229877
-228.55895364
-228.55763975
-228.55616925
-228.55589327
-228.55541215
-228.55314369
-228.55143597
-228.54999119
-228.54823444
-228.54781910
-228.54620523
-228.54511677
-228.54262516
-228.54153847
-228.54080004
-228.54011730
-228.53910178
-228.53646703
-228.53473351
-228.53348183
-228.53087897
-228.52942933
-228.52630698
-228.52463503
-228.52339601
-228.52251061
-228.52125023
-228.52044299
-228.51822493
-228.51585813
-228.51438297
-228.51400274
-228.51321460
-228.51256456
-228.51113699
-228.50918150
-228.50894768
-228.50738904
-228.50458636
-228.50221321
-228.50123571
-228.49906298
-228.49804470
-228.49735762
-228.49422009
-228.49403908
-228.49264185
-228.49091764
-228.49017426
-228.48754006
-228.48573304
-228.48441029
-228.48202469
-228.48150452
-228.48075786
-228.47833396
-228.47777411
-228.47653754
-228.47550495
-228.47311815
-228.47200316
-228.47097214
-228.47075680
-228.47005297
-228.46818229
-228.46670430
-228.46412650
-228.46251484
-228.46190604
-228.46052718
-228.45777906
-228.45515325
-228.45485746
-228.45418225
-228.45340868
-228.45132337
-228.44911704
-228.44892850
-228.44755657
-228.44694833
-228.44611182
-228.44378999
-228.44230324
-228.44122220
-228.43982937
-228.43854023
-228.43714498
-228.43537783
-228.43420654
-228.43370895
-228.43320449
-228.43114119
-228.42929660
-228.42779170
-228.42734854
-228.42533575
-228.42477898
-228.42445636
-228.42412954
-228.42055076
-228.41970135
-228.41895457
-228.41802392
-228.41622540
-228.41445855
-228.41372115
-228.41184630
-228.41179807
-228.40971626
-228.40826934
-228.40720887
-228.40600290
-228.40383304
-228.40216470
-228.40100052
-228.40001187
-228.39932806
-228.39770931
-228.39522108
-228.39375613
-228.39315759
-228.39162393
-228.38985129
-228.38885854
-228.38766101
-228.38744328
-228.38414869
-228.38239665
-228.38171855
-228.38032335
-228.37813684
-228.37592903
-228.37486773
-228.37352989
-228.37283177
-228.37186125
-228.36931198
-228.36773732
-228.36666011
-228.36606677
-228.36562164
-228.36436458
-228.36248254
-228.36091235
-228.35918095
-228.35752636
-228.35558457
-228.35365724
-228.35347833
-228.35173746
-228.34948537
-228.34873664
-228.34596225
-228.34529048
-228.34327319
-228.34155441
-228.34024139
-228.33957842
-228.33815767
-228.33739711
-228.33437730
-228.33412429
-228.33119605
-228.32967680
-228.32869748
-228.32536276
-228.32442066
-228.32366834
-228.32202155
-228.32028734
-228.31920977
-228.31511784
-228.31283719
-228.31151228
-228.31048335
-228.30796373
-228.30699520
-228.30532779
-228.30475216
-228.30313928
-228.30279426
-228.30224389
-228.30058563
-228.29852522
-228.29703023
-228.29591708
-228.29573384
-228.29511141
-228.29409499
-228.29328621
-228.29057773
-228.28898939
-228.28722054
-228.28586459
-228.28509090
-228.28467610
-228.28315976
-228.28191056
-228.28069779
-228.27875120
-228.27641409
-228.27563244
-228.27420197
-228.27107621
-228.26969123
-228.26922289
-228.26806685
-228.26657433
-228.26624158
-228.26505417
-228.26406272
-228.26143667
-228.26028697
-228.25972051
-228.25842918
-228.25738728
-228.25597409
-228.25364727
-228.25252738
-228.25195020
-228.25098521
-228.24962977
-228.24872991
-228.24686984
-228.24580406
-228.24489294
-228.24374806
-228.24109834
-228.23989380
-228.23772559
-228.23724047
-228.23539064
-228.23248799
-228.23045037
-228.22889872
-228.22695138
-228.22611598
-228.22412953
-228.22281721
-228.22246121
-228.22069585
-228.21944609
-228.21752586
-228.21605508
-228.21429109
-228.21205072
-228.21017160
-228.20869801
-228.20768486
-228.20689019
-228.20557053
-228.20499370
-228.20222788
-228.20152216
-228.20088150
-228.19876180
-228.19730351
-228.19574331
-228.19510564
-228.19448097
-228.19190247
-228.18995329
-228.18901023
-228.18875861
-228.18808122
-228.18543566
-228.18447671
-228.18325018
-228.18213918
-228.18041565
-228.17983491
-228.17758356
-228.17682384
-228.17541594
-228.17404192
-228.17312635
-228.17264179
-228.16910132
-228.16757040
-228.16688802
-228.16498962
-228.16365811
-228.16241308
-228.16070327
-228.15846648
-228.15694687
-228.15446817
-228.15309138
-228.15184320
-228.15126496
-228.14946742
-228.14873760
-228.14685081
-228.14472322
-228.14201039
-228.14117837
-228.14003367
-228.13852943
-228.13811259
-228.13775182
-228.13489774
-228.13135274
-228.12996646
-228.12751962
-228.12514278
-228.12391619
-228.12039463
-228.11899748
-228.11832333
-228.11748626
-228.11436318
-228.11347708
-228.11047861
-228.10988782
-228.10672955
-228.10597888
-228.10551634
-228.10268762
-228.10204756
-228.10094939
-228.09958722
-228.09689656
-228.09443809
-228.09287568
-228.09222648
-228.08928944
-228.08751279
-228.08506449
-228.08413754
-228.08353943
-228.08178584
-228.08051059
-228.07825615
-228.07724710
-228.07364871
-228.07277635
-228.07120508
-228.06912679
-228.06732322
-228.06427081
-228.06366656
-228.06206762
-228.05985454
-228.05770345
-228.05667442
-228.05502550
-228.05159056
-228.05059448
-228.04870835
-228.04689186
-228.04473173
-228.04292508
-228.04113679
-228.03933747
-228.03810853
-228.03610545
-228.03376788
-228.03055246
-228.02919764
-228.02535749
-228.02438908
-228.02364306
-228.02188046
-228.02088205
-228.01970685
-228.01853630
-228.01696118
-228.01577549
-228.01510278
-228.01236029
-228.00892472
-228.00688534
-228.00432736
-228.00138990
-227.99931245
-227.99894598
-227.99387877
-227.99262635
-227.99248756
-227.99030459
-227.98917934
-227.98822286
-227.98663985
-227.98629645
-227.98267320
-227.98212409
-227.97987795
-227.97788279
-227.97471744
-227.97089774
-227.96888262
-227.96777167
-227.96585221
-227.96426230
-227.96188093
-227.96099604
-227.95976663
-227.95732620
-227.95535565
-227.95422456
-227.95271833
-227.95200155
-227.95093626
-227.94790914
-227.94692134
-227.94345929
-227.94150685
-227.94047067
-227.93863339
-227.93815925
-227.93695223
-227.93284036
-227.93044381
-227.92956257
-227.92635057
-227.92355929
-227.92154741
-227.92026424
-227.91957447
-227.91664477
-227.91127614
-227.91017934
-227.90711175
-227.90677088
-227.90549241
-227.90345187
-227.89972050
-227.89819491
-227.89455241
-227.88962444
-227.88883527
-227.88865580
-227.88600678
-227.88542846
-227.88344207
-227.87924339
-227.87826204
-227.87708162
-227.87422611
-227.87160502
-227.86985902
-227.86403870
-227.86278415
-227.86094583
-227.86014478
-227.85641036
-227.85232201
-227.85061972
-227.85005298
-227.84833038
-227.84807951
-227.84533676
-227.84105421
-227.84000876
-227.83692219
-227.83257058
-227.83095003
-227.83024640
-227.82800522
-227.82356238
-227.82237202
-227.81587791
-227.81560555
-227.81303654
-227.81218363
-227.81051743
-227.80705736
-227.80364692
-227.80129207
-227.79894080
-227.79718398
-227.79592339
-227.79318829
-227.79022589
-227.78628881
-227.78418669
-227.78056128
-227.77839299
-227.77673941
-227.77200726
-227.77097512
-227.76861915
-227.76711935
-227.76448445
-227.76340338
-227.76124649
-227.75825015
-227.75409654
-227.74962251
-227.74753495
-227.74175614
-227.74056712
-227.73971595
-227.73774447
-227.73603422
-227.73378072
-227.73327830
-227.73093942
-227.72825330
-227.72578177
-227.72304155
-227.71964090
-227.71705091
-227.71462839
-227.71201654
-227.71093009
-227.70866076
-227.70737157
-227.70625939
-227.70082087
-227.69662953
-227.69544165
-227.69274323
-227.69054161
-227.68643820
-227.68174989
-227.68062497
-227.67968867
-227.67594578
-227.67289420
-227.67087698
-227.66999566
-227.66720667
-227.66332944
-227.66073262
-227.65755432
-227.65515294
-227.65057263
-227.64664574
-227.64611774
-227.64399924
-227.64114031
-227.63998140
-227.63024954
-227.62672821
-227.62540923
-227.62282293
-227.62055217
-227.61960611
-227.61821624
-227.61345358
-227.61272660
-227.61071839
-227.60909667
-227.60720639
-227.60506095
-227.60413857
-227.60194263
-227.59996740
-227.59554017
-227.59418457
-227.58998261
-227.58858261
-227.58396926
-227.57732544
-227.57399232
-227.57016119
-227.56777428
-227.56479740
-227.56375224
-227.56167041
-227.55899461
-227.55784671
-227.55361346
-227.55062842
-227.55032610
-227.54524066
-227.54210387
-227.53790929
-227.53750534
-227.53579614
-227.52995084
-227.52772549
-227.52541331
-227.52194986
-227.51812580
-227.51551718
-227.51472242
-227.51291491
-227.50951932
-227.50661771
-227.50461598
-227.49620305
-227.49379814
-227.49246608
-227.48959267
-227.48700214
-227.48252160
-227.48140679
-227.47656341
-227.47321983
-227.46776903
-227.46284608
-227.45630303
-227.45158961
-227.45135863
-227.45023357
-227.44914346
-227.44622879
-227.44616447
-227.44243820
-227.44101362
-227.43726758
-227.43651882
-227.43578177
-227.43148826
-227.42436049
-227.42061270
-227.41716008
-227.41347339
-227.41068340
-227.40702412
-227.40357320
-227.40043159
-227.39720061
-227.39157996
-227.38854699
-227.38569431
-227.38414156
-227.38061976
-227.37930271
-227.37582817
-227.37413089
-227.36966756
-227.36808236
-227.36411646
-227.36031432
-227.35621634
-227.35349509
-227.35010090
-227.34734200
-227.34405789
-227.33492756
-227.32723378
-227.32351785
-227.32132953
-227.31819588
-227.31595357
-227.31246086
-227.30735099
-227.30470163
-227.30109314
-227.29643987
-227.29404063
-227.29088724
-227.28426140
-227.28391042
-227.28212780
-227.27929449
-227.27502399
-227.27300141
-227.27108061
-227.26384301
-227.25910857
-227.25611529
-227.24858318
-227.24395050
-227.24069255
-227.23904080
-227.23636890
-227.22515038
-227.22268459
-227.21708785
-227.21250655
-227.20670138
-227.20283230
-227.20067093
-227.19599526
-227.19322596
-227.19009497
-227.18711861
-227.17921742
-227.17856884
-227.17494884
-227.17192752
-227.16688527
-227.16587170
-227.16116622
-227.15792744
-227.15463678
-227.14787377
-227.14518388
-227.13941343
-227.12969346
-227.12860772
-227.12362192
-227.12167030
-227.11888999
-227.11474702
-227.10885481
-227.09393797
-227.09234759
-227.08887886
-227.08265729
-227.08116055
-227.07604646
-227.07162340
-227.06976306
-227.06243894
-227.06206254
-227.06030320
-227.05821704
-227.04818287
-227.04429267
-227.03780975
-227.03378477
-227.02543367
-227.01507473
-227.01282930
-227.00930451
-226.99870311
-226.99294354
-226.98569019
-226.96787527
-226.95924606
-226.95605593
-226.95167869
-226.94924221
-226.94139402
-226.94020693
-226.92893645
-226.92874762
-226.92231360
-226.91640247
-226.90742155
-226.90409490
-226.89513816
-226.89195710
-226.89012014
-226.87601876
-226.87519190
-226.86536058
-226.85434073
-226.83831026
-226.83535406
-226.83060397
-226.82401126
-226.81966438
-226.81782585
-226.81707486
-226.81455732
-226.81308849
-226.80606243
-226.80066163
-226.79480548
-226.77805829
-226.76734723
-226.75945664
-226.74982320
-226.74130148
-226.73281203
-226.72135133
-226.71629531
-226.70103193
-226.69110151
-226.67399924
-226.67005876
-226.64962419
-226.64310035
-226.63238148
-226.62892374
-226.60343869
-226.60071276
-226.58814709
-226.57779947
-226.57455277
-226.56009158
-226.55449690
-226.53534361
-226.50716234
-226.47912908
-226.43946324
-226.43062577
-226.41911567
-226.40299783
-226.38648627
-226.32021945
-226.31757252
-226.30196133
-226.27526792
-226.14410999
-226.13787837
-226.01644057
-225.94351460
-225.94097193
-225.79848151
-225.77946355
-225.76020680
-225.69069535
-225.68302653
-225.66814039
-225.60998452
-225.56163002
-225.44954365
-225.44642615
-225.27158100
-225.26306020
-225.14134278
-219.85522693
-219.85022184
-219.84763339
-219.84601539
-219.84437011
-219.84302064
-219.68425002
-219.68057123
-219.67947986
-219.67853833
-219.67524412
-219.65804556
-219.63278181
-219.63040114
-219.62513174
-219.62503509
-219.62273902
-219.61835038
-219.56512994
-219.56491663
-219.56370605
-219.56143696
-219.56125095
-219.56033837
-219.55993605
-219.55701172
-219.55637895
-219.55376883
-219.55261902
-219.55233891
-219.55195417
-219.55017811
-219.54861604
-219.54811442
-219.54740986
-219.54601187
-219.54102865
-219.53727139
-219.53701510
-219.53358876
-219.53276532
-219.53153923
-219.53110050
-219.52931020
-219.52739839
-219.52515277
-219.52376064
-219.52300642
-219.52221957
-219.52076064
-219.52035329
-219.52012080
-219.51841902
-219.51812928
-219.51109641
-219.50940733
-219.50747808
-219.50702923
-219.50517554
-219.50432304
-219.50370593
-219.50077967
-219.49871327
-219.49600995
-219.49452607
-219.49347691
-219.49317328
-219.49230803
-219.49183114
-219.49138334
-219.49030410
-219.49000076
-219.48804558
-219.48756613
-219.48737106
-219.48707474
-219.48479666
-219.48398020
-219.48347688
-219.48267228
-219.48217426
-219.48159235
-219.47945951
-219.47761105
-219.47647252
-219.47592219
-219.47530393
-219.47491080
-219.47436653
-219.47371392
-219.47357668
-219.47257249
-219.47034530
-219.46965486
-219.46907618
-219.46791640
-219.45717755
-219.45513934
-219.45474183
-219.45337606
-219.45212333
-219.45139714
-219.44936488
-219.44904072
-219.44885588
-219.44810668
-219.44641445
-219.44576040
-219.44549827
-219.44473528
-219.44421974
-219.44268794
-219.44230194
-219.44164308
-219.44072414
-219.43949148
-219.43916708
-219.43897529
-219.43725889
-219.43686069
-219.43598337
-219.43497153
-219.43411203
-219.43334682
-219.43278719
-219.43245036
-219.43232170
-219.42893218
-219.42597211
-219.42494316
-219.42418138
-219.42369598
-219.42344386
-219.42302131
-219.42232422
-219.42093623
-219.41942138
-219.41832904
-219.41788837
-219.41775996
-219.41742136
-219.41547930
-219.41486676
-219.41330700
-219.41292491
-219.41285938
-219.41212739
-219.41050171
-219.40848194
-219.40780635
-219.40749601
-219.40379033
-219.40341885
-219.40291535
-219.40082111
-219.40066096
-219.40019214
-219.39999517
-219.39942687
-219.39810898
-219.39607283
-219.39560369
-219.39511074
-219.39498570
-219.39420028
-219.39167398
-219.39094837
-219.38941433
-219.38678214
-219.38571755
-219.38448286
-219.38295565
-219.38102267
-219.37833963
-219.37789163
-219.37595873
-219.37133597
-219.36929695
-219.36830511
-219.36413630
-219.36055143
-219.35938879
-219.35864244
-219.35818049
-219.35691625
-219.35662010
-219.35443450
-219.35406751
-219.35319969
-219.35109083
-219.35021951
-219.34979690
-219.34959148
-219.34949749
-219.34642966
-219.34499908
-219.34419398
-219.34058675
-219.32980418
-219.32520524
-219.32350363
-219.32234722
-219.32009694
-219.31920076
-219.31888546
-219.31650950
-219.31637563
-219.31628932
-219.31412967
-219.31405382
-219.31251365
-219.31177139
-219.31056075
-219.30926909
-219.30779251
-219.30680756
-219.30613591
-219.30564076
-219.30478625
-219.30170172
-219.30132286
-219.30049241
-219.29814126
-219.29735309
-219.29705318
-219.29245453
-219.29154348
-219.29145537
-219.28889192
-219.28575492
-219.28326847
-219.28075468
-219.27796350
-219.27470880
-219.27213354
-219.27080134
-219.27042718
-219.26923261
-219.26697009
-219.26425841
-219.26295735
-219.26237782
-219.25691032
-219.25595578
-219.25516186
-219.25477303
-219.25286241
-219.25150985
-219.25086660
-219.24999577
-219.24927997
-219.24860928
-219.24220439
-219.24210485
-219.24157846
-219.23411501
-219.22950203
-219.22635852
-219.22578014
-219.22548364
-219.22357155
-219.22276269
-219.21996955
-219.21878566
-219.21837319
-219.21809887
-219.21702618
-219.21558895
-219.21345276
-219.21093161
-219.21018616
-219.20713237
-219.20619386
-219.20400730
-219.20349404
-219.20322287
-219.20138141
-219.19765308
-219.19675789
-219.19597552
-219.19577278
-219.19487432
-219.19229890
-219.19197984
-219.19100965
-219.19077679
-219.19033623
-219.18905011
-219.18744727
-219.18574688
-219.18479027
-219.18366037
-219.18242637
-219.18195338
-219.17866725
-219.17614694
-219.17317014
-219.17272865
-219.16998051
-219.16954386
-219.16776226
-219.16556774
-219.16447994
-219.16407380
-219.15964318
-219.15927905
-219.15732221
-219.15661708
-219.15528517
-219.15278406
-219.15059532
-219.15036031
-219.13336403
-219.12806012
-219.12516150
-219.12441837
-219.12295968
-219.12187769
-219.12087611
-219.12039532
-219.12009980
-219.11892003
-219.11660535
-219.11510647
-219.11474809
-219.11438775
-219.11419148
-219.11414040
-219.11202429
-219.10608058
-219.10512184
-219.10340812
-219.10229501
-219.09971482
-219.09831409
-219.09231882
-219.08849682
-219.08771727
-219.08548081
-219.08340089
-219.08308797
-219.08246379
-219.08054181
-219.07986619
-219.07927450
-219.07924466
-219.07884947
-219.07809761
-219.07770966
-219.07598473
-219.07379468
-219.07349360
-219.07298523
-219.07250472
-219.06702729
-219.06629321
-219.06176913
-219.06083113
-219.06010828
-219.05897538
-219.05610851
-219.05556338
-219.05393303
-219.05123893
-219.05031612
-219.04772564
-219.03291627
-219.03202612
-219.02917726
-219.02625181
-219.02581530
-219.02552460
-219.02479397
-219.02410410
-219.02238181
-219.01881548
-219.01840654
-219.01815754
-219.01813433
-219.01688719
-219.01613607
-219.01545030
-219.01305035
-219.01079599
-219.00937800
-219.00838724
-219.00407873
-219.00374309
-219.00092022
-219.00054351
-219.00039788
-218.99821729
-218.99689511
-218.99655988
-218.99443781
-218.99371685
-218.98979820
-218.98610534
-218.98587771
-218.98291327
-218.98117824
-218.98033042
-218.97157124
-218.96999224
-218.96927184
-218.96575024
-218.96473061
-218.96427451
-218.96095489
-218.96047195
-218.95939249
-218.95709197
-218.95620051
-218.95600948
-218.95388856
-218.95324356
-218.94838184
-218.94827808
-218.94817678
-218.94788761
-218.94699208
-218.94680796
-218.94665817
-218.94540369
-218.94245193
-218.94127394
-218.93858757
-218.93805555
-218.93734543
-218.93608397
-218.93005733
-218.92615672
-218.92530879
-218.92074741
-218.91937617
-218.91517256
-218.91313371
-218.91018392
-218.90689416
-218.90394595
-218.90350257
-218.90110350
-218.90053151
-218.89977663
-218.89777680
-218.89751538
-218.89633423
-218.89595729
-218.89552096
-218.89031078
-218.88991980
-218.88853413
-218.88707519
-218.88296076
-218.87921085
-218.87273797
-218.86367548
-218.86064211
-218.86046828
-218.85939747
-218.85871722
-218.85546691
-218.85365041
-218.85321565
-218.85253588
-218.85083130
-218.84856949
-218.84537522
-218.84139610
-218.83392086
-218.83150714
-218.83005754
-218.82955367
-218.82589802
-218.82449493
-218.82265128
-218.82227921
-218.82154701
-218.81784951
-218.81763560
-218.81500383
-218.81407736
-218.81239386
-218.81138752
-218.80192864
-218.80133078
-218.79991977
-218.79767425
-218.79730878
-218.79548595
-218.79543507
-218.79440289
-218.79367794
-218.78923880
-218.78880982
-218.78581328
-218.78140039
-218.78135498
-218.77940845
-218.77865258
-218.77620782
-218.77558676
-218.77438884
-218.77296749
-218.77194985
-218.77120868
-218.76772155
-218.76219218
-218.76185239
-218.76158201
-218.76039636
-218.75999030
-218.75961293
-218.75715135
-218.75485904
-218.75453206
-218.75257617
-218.75089396
-218.74809036
-218.74620407
-218.74421800
-218.74157722
-218.73558389
-218.73170131
-218.73015486
-218.72845591
-218.72775595
-218.72740685
-218.72683550
-218.72402501
-218.71925887
-218.71856433
-218.71832420
-218.71605583
-218.71525513
-218.71477480
-218.71324789
-218.71284612
-218.70549765
-218.70344077
-218.70303102
-218.70055992
-218.69850971
-218.69825900
-218.69792348
-218.69181578
-218.68815480
-218.68635617
-218.68183539
-218.68113030
-218.67670313
-218.67342783
-218.65682383
-218.65578007
-218.65311226
-218.65301429
-218.65031989
-218.64877954
-218.62563850
-218.62554377
-218.62346422
-218.62070965
-218.61838236
-218.61568265
-218.61339444
-218.61051159
-218.60528771
-218.60396298
-218.58523791
-218.58162128
-218.58012401
-218.57754675
-218.57695371
-218.57289228
-218.57256386
-218.57192808
-218.57127722
-218.56998443
-218.56768478
-218.56633690
-218.56514187
-218.56321769
-218.55514717
-218.55429866
-218.54830834
-218.54727201
-218.53698146
-218.53386324
-218.49189521
-218.48920166
-218.48374922
-218.47647488
-218.47515668
-218.47354750
-218.45678674
-218.45254586
-218.45091036
-218.45004871
-218.44466009
-218.44048225
-218.43266959
-218.42669662
-218.42331908
-218.41510575
-218.40986286
-218.40636235
-218.37787320
-218.37018677
-218.36755424
-218.36687346
-218.35461869
-218.34957655
-218.32277005
-218.31701462
-218.31344794
-218.30431883
-218.30381830
-218.30211868
-218.30164417
-218.30065538
-218.29957490
-218.29824794
-218.29514534
-218.29366127
-218.28548603
-218.28201251
-218.28115028
-218.27887337
-218.27874373
-218.27595735
-218.26915793
-218.26403471
-218.26080823
-218.25589163
-218.25168659
-218.24266525
-218.24088209
-218.23776520
-218.23711563
-218.23628497
-218.23358573
-218.22793220
-218.22436939
-218.22043627
-218.21631019
-218.21497515
-218.20834697
-218.20331697
-218.20116304
-218.19368071
-218.19210617
-218.19119602
-218.19046797
-218.18879184
-218.17586498
-218.17141065
-218.17007454
-218.16802597
-218.16793326
-218.16450489
-218.15567120
-218.15384774
-218.14677564
-218.14469045
-218.14107172
-218.14025554
-218.13841138
-218.13717830
-218.13097232
-218.13026746
-218.12548488
-218.12298146
-218.12208944
-218.11708521
-218.11459879
-218.11184491
-218.11046937
-218.10210005
-218.07868783
-218.07765830
-218.07734284
-218.07642156
-218.07271249
-218.07115860
-218.07078694
-218.07012267
-218.07004880
-218.06784691
-218.06346407
-218.06293516
-218.06122010
-218.06028909
-218.05603597
-218.05470851
-218.05431530
-218.05199584
-218.05175871
-218.04988855
-218.04777909
-218.04594494
-218.04549794
-218.03975061
-218.03882505
-218.03638957
-218.03499097
-218.03215570
-218.02838277
-218.02198970
-218.01769135
-218.01718596
-218.01460468
-218.01219207
-218.00862272
-218.00732352
-218.00568342
-218.00517877
-218.00203860
-218.00173323
-217.99988301
-217.99811159
-217.99540774
-217.99371308
-217.99153057
-217.98907150
-217.98667058
-217.98585277
-217.98359834
-217.97587019
-217.97456985
-217.97416279
-217.97091616
-217.97080152
-217.94568153
-217.94369286
-217.94137994
-217.93795764
-217.93469175
-217.93362865
-217.92695020
-217.92339736
-217.91835456
-217.91799741
-217.91662546
-217.91570983
-217.91419790
-217.91154510
-217.90869947
-217.90867283
-217.90664223
-217.90220449
-217.89669097
-217.89646671
-217.89301579
-217.89206222
-217.88331461
-217.87654408
-217.86161033
-217.86080896
-217.86002867
-217.85938752
-217.85782848
-217.85639624
-217.84973198
-217.84441852
-217.84193575
-217.83915422
-217.83510798
-217.83045693
-217.81816035
-217.81722723
-217.80639147
-217.80564928
-217.80501204
-217.80304975
-217.79847875
-217.79765925
-217.79570386
-217.79417730
-217.79285156
-217.77807036
-217.76982565
-217.76719285
-217.76605191
-217.76520606
-217.76471019
-217.76343605
-217.76097170
-217.75911357
-217.75549611
-217.75492520
-217.75114862
-217.74807972
-217.74681752
-217.74207336
-217.74121819
-217.74037825
-217.73523651
-217.73403686
-217.73176715
-217.73115006
-217.72485761
-217.72411254
-217.72107760
-217.71950327
-217.70210677
-217.69995355
-217.69796408
-217.69682601
-217.69474329
-217.68680543
-217.65381686
-217.65310520
-217.65299337
-217.65195277
-217.64677657
-217.64325505
-217.64208995
-217.63051007
-217.62535330
-217.62293393
-217.62083592
-217.62004076
-217.61158462
-217.61069845
-217.60835934
-217.60821432
-217.60772084
-217.60498387
-217.60294784
-217.60038229
-217.59363379
-217.58994324
-217.58961566
-217.58792167
-217.58706118
-217.58623244
-217.56968918
-217.56868526
-217.56623971
-217.56596528
-217.55641265
-217.55214634
-217.54647047
-217.54471265
-217.54279141
-217.54267238
-217.54023671
-217.53993161
-217.53872385
-217.53764169
-217.53325463
-217.52908035
-217.52775461
-217.52297146
-217.51961878
-217.51506499
-217.51148531
-217.50256831
-217.48893836
-217.47251293
-217.47160467
-217.46973570
-217.46930938
-217.46895007
-217.46181430
-217.45944181
-217.45713476
-217.45447485
-217.45274890
-217.45256709
-217.45049266
-217.44861987
-217.44584705
-217.44159365
-217.43666297
-217.42338498
-217.39923138
-217.39337119
-217.39091317
-217.39037341
-217.37641279
-217.36848716
-217.35763140
-217.34630782
-217.34008438
-217.33495935
-217.33443114
-217.33045320
-217.32703715
-217.32639473
-217.32310993
-217.31891239
-217.31574325
-217.31337951
-217.31231421
-217.31014860
-217.30696329
-217.30688543
-217.30357484
-217.30309392
-217.30172646
-217.30131520
-217.30086813
-217.29988849
-217.29885229
-217.29814142
-217.28548646
-217.28413299
-217.27875457
-217.27831870
-217.27769098
-217.27608285
-217.19770472
-217.19108800
-217.17520701
-217.17219266
-217.16288991
-217.12096047
-217.12040375
-217.11643092
-217.11586365
-217.11158635
-217.11139116
-217.08191101
-217.07737073
-217.07404294
-217.07261056
-217.07162716
-217.06736115
-217.06115513
-217.04282244
-217.03853664
-217.02129402
-217.01852131
-217.01467137
-216.98903264
-216.97920106
-216.97780377
-216.97645745
-216.97371256
-216.96766397
-216.96343662
-216.95157914
-216.94841778
-216.94494842
-216.93572228
-216.92904009
-216.92227371
-216.92194736
-216.91606687
-216.91204029
-216.88312314
-216.87975448
-216.86906386
-216.82110224
-216.81816582
-216.81052624
-216.80832791
-216.80707419
-216.78472537
-216.78312680
-216.77988485
-216.77154204
-216.76974169
-216.76789717
-216.74914900
-216.74639304
-216.74626852
-216.74309413
-216.74262946
-216.73475130
-216.73379720
-216.71993387
-216.69544029
-216.69380783
-216.68807385
-216.68718328
-216.67097116
-216.66413259
-216.65042823
-216.64257560
-216.62784668
-216.62601166
-216.61119790
-216.61049252
-216.59762719
-216.58485080
-216.58103177
-216.57923978
-216.57619983
-216.56883435
-216.56275168
-216.54752415
-216.52666804
-216.52513943
-216.51914433
-216.43038841
-216.42744066
-216.42614655
-216.41604272
-216.41557577
-216.39928425
-216.26326748
-216.25100445
-216.24783063
-216.24746780
-216.23574532
-216.22247642
-216.19582307
-216.19087691
-216.19046995
-216.18475154
-216.17493328
-216.17009999
-215.96708969
-215.95245053
-215.94774785
-215.93811068
-215.93617462
-215.93039336
-215.07939640
-215.07611929
-215.07362934
-215.07078795
-215.06910555
-215.06255017
