-230.49985326
-230.49347858
-230.47907493
-230.47771787
-230.46283818
-230.45570128
-230.45541115
-230.44739878
-230.43787471
-230.43730001
-230.43284700
-230.43249070
-230.43102807
-230.42873929
-230.41916889
-230.41794887
-230.41538586
-230.41381367
-230.40689222
-230.40461808
-230.38989927
-230.38945135
-230.38693466
-230.38277172
-230.38238919
-230.37806167
-230.37579689
-230.37448171
-230.37304868
-230.36974321
-230.36907978
-230.36838055
-230.36800263
-230.36169545
-230.36125884
-230.35837344
-230.35697636
-230.35674734
-230.35310924
-230.35239947
-230.35161588
-230.35132986
-230.35088810
-230.34095457
-230.33803794
-230.33729075
-230.33537418
-230.33493579
-230.33140515
-230.33106350
-230.33075803
-230.32503470
-230.32098778
-230.31817463
-230.31740178
-230.31612874
-230.31555043
-230.31486569
-230.31159750
-230.31088082
-230.31013628
-230.30965390
-230.30870145
-230.30499644
-230.30309071
-230.30073718
-230.29961950
-230.29639385
-230.29072063
-230.28947514
-230.28245406
-230.27984364
-230.27701671
-230.27607297
-230.27510469
-230.26831690
-230.26675203
-230.26587727
-230.26429368
-230.26182766
-230.25738206
-230.25532066
-230.25412667
-230.25311516
-230.25293416
-230.25139755
-230.24985316
-230.24768661
-230.24721336
-230.24712125
-230.24621011
-230.24547041
-230.24414797
-230.24284337
-230.24180594
-230.24131203
-230.24002798
-230.23906117
-230.23764364
-230.23602463
-230.23453193
-230.23386512
-230.23244832
-230.23176091
-230.22964160
-230.22920725
-230.22797986
-230.22782024
-230.22587670
-230.22464609
-230.22341530
-230.22155653
-230.22078408
-230.22053139
-230.22003057
-230.21915865
-230.21618166
-230.21550105
-230.21447576
-230.21276062
-230.21177611
-230.21117241
-230.21049541
-230.21028011
-230.20956478
-230.20893615
-230.20797035
-230.20682127
-230.20551822
-230.20386226
-230.20326171
-230.20244953
-230.20222738
-230.20092071
-230.20071259
-230.20017342
-230.19958610
-230.19853642
-230.19794553
-230.19745182
-230.19471877
-230.19394058
-230.19300045
-230.19205646
-230.19197742
-230.19083353
-230.19016866
-230.18967370
-230.18776949
-230.18648338
-230.18614448
-230.18274409
-230.18217216
-230.18079510
-230.18058160
-230.17869863
-230.17802562
-230.17786893
-230.17525694
-230.17507123
-230.17375112
-230.17271855
-230.17115551
-230.17053367
-230.16910477
-230.16862100
-230.16808370
-230.16622029
-230.16585912
-230.16569439
-230.16464227
-230.16368431
-230.16310357
-230.16246830
-230.16188952
-230.16105940
-230.16033320
-230.15908474
-230.15704470
-230.15644719
-230.15411809
-230.15320775
-230.15094885
-230.15084791
-230.14923831
-230.14808814
-230.14620725
-230.14560166
-230.14516552
-230.14249019
-230.14170449
-230.14127966
-230.14026002
-230.13871365
-230.13718260
-230.13656825
-230.13588670
-230.13543618
-230.13384356
-230.13274773
-230.13203555
-230.12780573
-230.12697274
-230.12588019
-230.12531919
-230.12456157
-230.12340152
-230.12264505
-230.12222457
-230.12206908
-230.12104384
-230.12014342
-230.11955689
-230.11908434
-230.11816908
-230.11765115
-230.11619427
-230.11569749
-230.11487974
-230.10966230
-230.10947543
-230.10846652
-230.10744603
-230.10666214
-230.10600122
-230.10536594
-230.10518318
-230.10404228
-230.10368179
-230.10306595
-230.10283523
-230.10199810
-230.10185578
-230.10115483
-230.10046512
-230.09859470
-230.09798819
-230.09701349
-230.09373300
-230.09358410
-230.09255538
-230.09196348
-230.09162738
-230.09121810
-230.08958217
-230.08887970
-230.08835317
-230.08781605
-230.08720962
-230.08579889
-230.08479355
-230.08403886
-230.08305743
-230.08245587
-230.08211055
-230.08128414
-230.07973722
-230.07889619
-230.07764911
-230.07693628
-230.07578597
-230.07514337
-230.07435300
-230.07342484
-230.07280479
-230.07265620
-230.07169809
-230.07108139
-230.07073603
-230.07018068
-230.06958424
-230.06925471
-230.06885628
-230.06865963
-230.06712056
-230.06619437
-230.06551419
-230.06419668
-230.06403041
-230.06343033
-230.06281978
-230.06255621
-230.06223310
-230.06122942
-230.06097765
-230.06055314
-230.05962378
-230.05859103
-230.05814856
-230.05691305
-230.05673774
-230.05523331
-230.05442897
-230.05389015
-230.05323258
-230.05245611
-230.05064519
-230.04976782
-230.04945347
-230.04893021
-230.04871103
-230.04800441
-230.04744403
-230.04617653
-230.04543323
-230.04530170
-230.04443079
-230.04234014
-230.04155884
-230.04034964
-230.03979731
-230.03794153
-230.03771597
-230.03680189
-230.03607592
-230.03514915
-230.03498922
-230.03434550
-230.03365671
-230.03286557
-230.03266177
-230.03194430
-230.03041265
-230.02998800
-230.02956239
-230.02917899
-230.02692210
-230.02587878
-230.02514116
-230.02329806
-230.02169425
-230.02133708
-230.02078820
-230.01997426
-230.01806166
-230.01759158
-230.01564764
-230.01380359
-230.01356283
-230.01326102
-230.01039728
-230.00998210
-230.00991880
-230.00909226
-230.00827432
-230.00726124
-230.00572023
-230.00552052
-230.00460263
-230.00430620
-230.00340964
-230.00319770
-230.00211693
-230.00044703
-229.99954830
-229.99909495
-229.99851234
-229.99683532
-229.99556873
-229.99450550
-229.99384067
-229.99347822
-229.99269778
-229.99243369
-229.99100393
-229.98978532
-229.98838599
-229.98728174
-229.98600147
-229.98572004
-229.98365219
-229.98335518
-229.98271044
-229.98242611
-229.98194527
-229.98077306
-229.98060419
-229.97928643
-229.97764047
-229.97509661
-229.97442094
-229.97373305
-229.97304049
-229.97213010
-229.97110761
-229.96988460
-229.96985236
-229.96779005
-229.96715390
-229.96713737
-229.96583656
-229.96517969
-229.96451164
-229.96231972
-229.96199008
-229.96166420
-229.96139212
-229.96109956
-229.96086175
-229.96011767
-229.95959423
-229.95898484
-229.95700068
-229.95624520
-229.95613892
-229.95566974
-229.95455639
-229.95401865
-229.95292280
-229.95161962
-229.95123054
-229.95038090
-229.94839986
-229.94760024
-229.94677151
-229.94658515
-229.94484427
-229.94405874
-229.94370805
-229.94265007
-229.94237066
-229.94137805
-229.94096722
-229.93995402
-229.93974980
-229.93909494
-229.93874683
-229.93725653
-229.93673207
-229.93605141
-229.93566074
-229.93520459
-229.93445203
-229.93361703
-229.93264865
-229.93258271
-229.93183525
-229.93121967
-229.93085061
-229.92989459
-229.92949436
-229.92875046
-229.92660710
-229.92621643
-229.92558603
-229.92196342
-229.92104054
-229.92061815
-229.91981459
-229.91937392
-229.91919747
-229.91787680
-229.91736072
-229.91644264
-229.91502630
-229.91489853
-229.91415993
-229.91389473
-229.91328461
-229.91158038
-229.91099186
-229.91069035
-229.90992470
-229.90821969
-229.90776634
-229.90712244
-229.90559657
-229.90551562
-229.90479138
-229.90421461
-229.90355913
-229.90330568
-229.90272841
-229.90061910
-229.90007446
-229.89910375
-229.89820254
-229.89747029
-229.89708536
-229.89679837
-229.89606217
-229.89512106
-229.89426645
-229.89165645
-229.89059969
-229.88850471
-229.88830931
-229.88777731
-229.88677233
-229.88606334
-229.88557251
-229.88544380
-229.88470505
-229.88401467
-229.88299886
-229.88266476
-229.88092059
-229.88049712
-229.88021015
-229.87952690
-229.87875045
-229.87865197
-229.87656390
-229.87575487
-229.87489807
-229.87418754
-229.87370912
-229.87285825
-229.87253198
-229.87173732
-229.87122718
-229.87050197
-229.87032739
-229.86988516
-229.86941779
-229.86879208
-229.86800666
-229.86780558
-229.86761670
-229.86751134
-229.86659215
-229.86631493
-229.86585864
-229.86540113
-229.86370164
-229.86356167
-229.86274307
-229.86215083
-229.86138489
-229.86081954
-229.86029149
-229.85848393
-229.85813825
-229.85757213
-229.85706312
-229.85690922
-229.85620044
-229.85545093
-229.85490896
-229.85470312
-229.85281954
-229.85150521
-229.85127572
-229.85089325
-229.84973791
-229.84854150
-229.84806476
-229.84790087
-229.84632406
-229.84599756
-229.84487617
-229.84451351
-229.84443384
-229.84367383
-229.84293603
-229.84189304
-229.84170236
-229.84084397
-229.84054188
-229.84031542
-229.83957299
-229.83904055
-229.83845052
-229.83801169
-229.83696518
-229.83587538
-229.83456010
-229.83375293
-229.83303318
-229.83260451
-229.83104984
-229.83035163
-229.83028670
-229.83006501
-229.82728958
-229.82667813
-229.82611819
-229.82556299
-229.82411123
-229.82331373
-229.82292473
-229.82195541
-229.82144045
-229.82041331
-229.81983464
-229.81777666
-229.81740853
-229.81713380
-229.81684683
-229.81625764
-229.81497338
-229.81419549
-229.81348716
-229.81235110
-229.81179737
-229.81107351
-229.81002715
-229.80906053
-229.80830732
-229.80815571
-229.80693985
-229.80461174
-229.80442634
-229.80168963
-229.80042986
-229.80016611
-229.79890655
-229.79637579
-229.79600254
-229.79524988
-229.79396271
-229.79367606
-229.79303974
-229.79279351
-229.79189936
-229.79052670
-229.78953478
-229.78863681
-229.78710928
-229.78684630
-229.78577902
-229.78496389
-229.78299028
-229.78113801
-229.78077812
-229.77969144
-229.77743794
-229.77661241
-229.77620327
-229.77546608
-229.77504103
-229.77419626
-229.77193493
-229.77143657
-229.77101711
-229.76959945
-229.76802246
-229.76752105
-229.76641987
-229.76583402
-229.76449658
-229.76317567
-229.76227850
-229.76184239
-229.76106095
-229.75970286
-229.75959042
-229.75847505
-229.75777844
-229.75613736
-229.75561646
-229.75352620
-229.75282999
-229.75238105
-229.75110897
-229.75045954
-229.75015581
-229.74951325
-229.74901693
-229.74857127
-229.74841947
-229.74780212
-229.74740715
-229.74721760
-229.74663529
-229.74617368
-229.74580251
-229.74505403
-229.74465708
-229.74436325
-229.74395008
-229.74362276
-229.74291770
-229.74216960
-229.74153297
-229.74127847
-229.74050867
-229.73993263
-229.73989609
-229.73924284
-229.73909744
-229.73787439
-229.73746299
-229.73693662
-229.73625493
-229.73608960
-229.73543778
-229.73510082
-229.73465922
-229.73392190
-229.73348935
-229.73226933
-229.73165332
-229.73061716
-229.73039470
-229.72969748
-229.72936258
-229.72888663
-229.72842332
-229.72839211
-229.72721709
-229.72640790
-229.72633732
-229.72542161
-229.72533293
-229.72462148
-229.72314434
-229.72290270
-229.72059585
-229.72036610
-229.71979802
-229.71942119
-229.71912264
-229.71853315
-229.71786884
-229.71755117
-229.71712842
-229.71490750
-229.71464724
-229.71405986
-229.71376183
-229.71256459
-229.71180793
-229.71109489
-229.71075052
-229.71003615
-229.70883928
-229.70851038
-229.70770415
-229.70654970
-229.70544686
-229.70462818
-229.70336892
-229.70309513
-229.70288611
-229.70223602
-229.70136504
-229.70079146
-229.70012944
-229.69995801
-229.69932235
-229.69863857
-229.69778174
-229.69609950
-229.69571109
-229.69562230
-229.69502010
-229.69447746
-229.69326184
-229.69323929
-229.69187192
-229.68926190
-229.68909915
-229.68879789
-229.68820404
-229.68766305
-229.68633703
-229.68576530
-229.68454352
-229.68417736
-229.68259557
-229.68250570
-229.68164982
-229.68085787
-229.67972541
-229.67914779
-229.67893104
-229.67769847
-229.67681442
-229.67676282
-229.67598007
-229.67564943
-229.67519864
-229.67463711
-229.67410746
-229.67384735
-229.67363164
-229.67282990
-229.67208823
-229.67175899
-229.67112599
-229.67016441
-229.66935131
-229.66909521
-229.66841981
-229.66749210
-229.66725197
-229.66677433
-229.66547762
-229.66388768
-229.66250470
-229.66207692
-229.66116874
-229.66092124
-229.66065021
-229.65966621
-229.65951038
-229.65856567
-229.65738714
-229.65724686
-229.65696156
-229.65602844
-229.65523250
-229.65468225
-229.65387536
-229.65354289
-229.65326889
-229.65207662
-229.65153628
-229.65063360
-229.65015219
-229.64912264
-229.64808821
-229.64707209
-229.64691207
-229.64675546
-229.64618866
-229.64475083
-229.64413181
-229.64338855
-229.64235474
-229.64185025
-229.64003844
-229.63979796
-229.63918215
-229.63890159
-229.63822967
-229.63749148
-229.63661479
-229.63577409
-229.63555553
-229.63455037
-229.63405024
-229.63322599
-229.63255750
-229.63217508
-229.63159279
-229.63130968
-229.63073568
-229.63037221
-229.62994285
-229.62963099
-229.62869505
-229.62738661
-229.62664875
-229.62662628
-229.62557253
-229.62512373
-229.62485449
-229.62387434
-229.62334042
-229.62281392
-229.62238313
-229.62138237
-229.62097708
-229.61995157
-229.61947555
-229.61869654
-229.61839428
-229.61802214
-229.61776635
-229.61717199
-229.61551619
-229.61530433
-229.61452814
-229.61435560
-229.61333892
-229.61242526
-229.61033312
-229.60973119
-229.60881594
-229.60799814
-229.60771064
-229.60712931
-229.60691511
-229.60532183
-229.60507694
-229.60445442
-229.60342762
-229.60277292
-229.60109796
-229.60067494
-229.60027065
-229.59917774
-229.59883473
-229.59870871
-229.59692316
-229.59672126
-229.59587764
-229.59534143
-229.59427411
-229.59411970
-229.59292710
-229.59096920
-229.59006083
-229.58912637
-229.58795154
-229.58457094
-229.58348934
-229.58314182
-229.58202145
-229.58137486
-229.58087205
-229.58022868
-229.57931753
-229.57806948
-229.57786152
-229.57728715
-229.57572741
-229.57424605
-229.57376284
-229.57287381
-229.57165915
-229.57053077
-229.56950568
-229.56925922
-229.56791905
-229.56589264
-229.56438755
-229.56400094
-229.56338147
-229.56233776
-229.56183126
-229.56116363
-229.56066490
-229.55986382
-229.55911024
-229.55851033
-229.55830068
-229.55702989
-229.55632987
-229.55615740
-229.55543645
-229.55493863
-229.55412862
-229.55385607
-229.55266061
-229.55226563
-229.55111499
-229.55084693
-229.55051495
-229.55040954
-229.54993701
-229.54894456
-229.54860919
-229.54840553
-229.54691606
-229.54645716
-229.54569065
-229.54440753
-229.54407082
-229.54234298
-229.54132570
-229.54060609
-229.54037003
-229.53951654
-229.53891903
-229.53805685
-229.53773918
-229.53627079
-229.53597173
-229.53586831
-229.53488891
-229.53409076
-229.53307471
-229.53288328
-229.53219369
-229.53117106
-229.53045093
-229.52930203
-229.52885732
-229.52798804
-229.52747798
-229.52664519
-229.52658875
-229.52581403
-229.52446280
-229.52402136
-229.52329472
-229.52135070
-229.52103391
-229.52034794
-229.52006271
-229.51904976
-229.51849049
-229.51793535
-229.51698377
-229.51678766
-229.51637431
-229.51597641
-229.51528258
-229.51475709
-229.51363113
-229.51340005
-229.51319216
-229.51265603
-229.51247433
-229.51219122
-229.51196229
-229.51170116
-229.51048414
-229.51014131
-229.50990949
-229.50928917
-229.50831166
-229.50778923
-229.50727487
-229.50654267
-229.50524454
-229.50479269
-229.50415977
-229.50331012
-229.50320632
-229.50071526
-229.50068205
-229.50011266
-229.49970424
-229.49750715
-229.49725703
-229.49690580
-229.49545873
-229.49485855
-229.49430154
-229.49371146
-229.49326462
-229.49246119
-229.49174072
-229.49096691
-229.49041653
-229.48945850
-229.48859660
-229.48795311
-229.48721178
-229.48628811
-229.48513267
-229.48491367
-229.48463667
-229.48433902
-229.48301584
-229.48227654
-229.48085977
-229.47898389
-229.47882999
-229.47842676
-229.47732529
-229.47662946
-229.47587746
-229.47465970
-229.47437948
-229.47272724
-229.47199978
-229.47060404
-229.47013759
-229.46972367
-229.46818164
-229.46732232
-229.46618499
-229.46610600
-229.46522429
-229.46486647
-229.46286788
-229.46184888
-229.46059590
-229.45955075
-229.45915106
-229.45787930
-229.45679996
-229.45503282
-229.45333693
-229.45267323
-229.45204189
-229.45140775
-229.45009632
-229.44812427
-229.44741047
-229.44703953
-229.44668923
-229.44623425
-229.44555329
-229.44516438
-229.44344020
-229.44274549
-229.44045506
-229.43990583
-229.43860676
-229.43836192
-229.43694831
-229.43645402
-229.43518081
-229.43383263
-229.43324264
-229.43250660
-229.43195019
-229.43096720
-229.43073875
-229.43007089
-229.42904243
-229.42899532
-229.42836013
-229.42773780
-229.42572956
-229.42432318
-229.42322055
-229.42189267
-229.42141466
-229.42102888
-229.42010359
-229.41876050
-229.41768719
-229.41674121
-229.41669809
-229.41635529
-229.41571120
-229.41354381
-229.41296512
-229.41268910
-229.41198253
-229.41085541
-229.41032874
-229.40985750
-229.40936166
-229.40865218
-229.40741207
-229.40669528
-229.40637781
-229.40562461
-229.40527892
-229.40431291
-229.40385067
-229.40282936
-229.40202024
-229.40046821
-229.39877422
-229.39812385
-229.39694510
-229.39574949
-229.39502114
-229.39370148
-229.39310544
-229.39274891
-229.39118136
-229.39050267
-229.38972626
-229.38898449
-229.38769236
-229.38695799
-229.38628102
-229.38598949
-229.38432359
-229.38399506
-229.38313435
-229.38233213
-229.38192320
-229.38169172
-229.38001267
-229.37951346
-229.37932580
-229.37799574
-229.37733023
-229.37576825
-229.37486519
-229.37405534
-229.37369715
-229.37252000
-229.37216042
-229.37090554
-229.37009373
-229.36884679
-229.36805629
-229.36714720
-229.36612558
-229.36522467
-229.36394175
-229.36285099
-229.36227710
-229.36059306
-229.35839183
-229.35734203
-229.35694174
-229.35435559
-229.35371559
-229.35223390
-229.35200705
-229.35055309
-229.34964832
-229.34810997
-229.34732584
-229.34653349
-229.34617144
-229.34451667
-229.34353256
-229.34318643
-229.34274447
-229.34144068
-229.34082605
-229.33969257
-229.33854623
-229.33788041
-229.33602187
-229.33519850
-229.33443537
-229.33376230
-229.33311672
-229.33052147
-229.32956532
-229.32906471
-229.32797392
-229.32687135
-229.32632511
-229.32582349
-229.32445435
-229.32344403
-229.32259555
-229.32236237
-229.32132320
-229.32050461
-229.31968059
-229.31890317
-229.31853223
-229.31698022
-229.31629646
-229.31492955
-229.31403785
-229.31341083
-229.31298673
-229.31198293
-229.30915574
-229.30875826
-229.30764065
-229.30594544
-229.30554028
-229.30429810
-229.30137944
-229.30030201
-229.29960332
-229.29875629
-229.29760190
-229.29612954
-229.29516478
-229.29427374
-229.29372142
-229.29268780
-229.29118805
-229.29068422
-229.29020695
-229.28915978
-229.28860486
-229.28776583
-229.28639580
-229.28623610
-229.28528091
-229.28279444
-229.28096883
-229.28040477
-229.27920485
-229.27776262
-229.27730958
-229.27694539
-229.27626913
-229.27580571
-229.27439702
-229.27377155
-229.27197090
-229.27023123
-229.26930223
-229.26601919
-229.26517548
-229.26469141
-229.26422269
-229.26345229
-229.26110619
-229.25968659
-229.25810778
-229.25684742
-229.25453118
-229.25296098
-229.25089427
-229.24945235
-229.24798670
-229.24314853
-229.24101920
-229.23959966
-229.23858205
-229.23714690
-229.23691260
-229.23428175
-229.23294221
-229.23169026
-229.23118728
-229.22966107
-229.22770893
-229.22634681
-229.22527191
-229.22478793
-229.22313822
-229.22168276
-229.22072573
-229.21982637
-229.21946987
-229.21840820
-229.21700137
-229.21576774
-229.21462524
-229.21413187
-229.21355269
-229.21174402
-229.21069157
-229.20985322
-229.20923662
-229.20821430
-229.20696940
-229.20638096
-229.20555926
-229.20423742
-229.20374706
-229.20184197
-229.20175400
-229.20110644
-229.19919935
-229.19822472
-229.19653055
-229.19605654
-229.19485989
-229.19222395
-229.19089081
-229.18971884
-229.18775537
-229.18604925
-229.18455784
-229.18260801
-229.18125338
-229.17992630
-229.17860274
-229.17842134
-229.17692402
-229.17572247
-229.17445115
-229.17394843
-229.17219780
-229.17154011
-229.16871804
-229.16775538
-229.16664989
-229.16575441
-229.16456578
-229.16417171
-229.16236476
-229.16221606
-229.16064598
-229.15954468
-229.15822201
-229.15633345
-229.15560982
-229.15306236
-229.15181927
-229.14839792
-229.14697225
-229.14663913
-229.14482666
-229.14441183
-229.14251498
-229.14220810
-229.14062162
-229.13951754
-229.13756061
-229.13694470
-229.13578617
-229.13445275
-229.13390749
-229.13314126
-229.13284045
-229.13126213
-229.12969583
-229.12911547
-229.12792465
-229.12685329
-229.12521894
-229.12431033
-229.12177615
-229.11994257
-229.11855735
-229.11700870
-229.11540702
-229.11161837
-229.11033986
-229.10936796
-229.10836399
-229.10599866
-229.10461983
-229.10408226
-229.10283821
-229.10215500
-229.10016865
-229.09976040
-229.09675520
-229.09545963
-229.09479162
-229.09205041
-229.09090807
-229.08936809
-229.08552046
-229.08405608
-229.08315875
-229.08203706
-229.08038138
-229.07847243
-229.07754541
-229.07609929
-229.07426301
-229.07280237
-229.07036816
-229.06989250
-229.06556912
-229.06468376
-229.06031045
-229.05985201
-229.05839423
-229.05666423
-229.05550842
-229.05424808
-229.05148576
-229.05089216
-229.05039862
-229.05005587
-229.04897419
-229.04861220
-229.04646131
-229.04509976
-229.04487059
-229.04422518
-229.04179932
-229.04110567
-229.03869388
-229.03658936
-229.03568645
-229.03487665
-229.03396197
-229.02732692
-229.02693303
-229.02567840
-229.02335931
-229.02184163
-229.01968912
-229.01608439
-229.01501227
-229.01416632
-229.01352433
-229.01223157
-229.01125820
-229.00930506
-229.00703616
-229.00541868
-229.00454123
-229.00308868
-229.00077388
-229.00063644
-228.99745334
-228.99716297
-228.99664083
-228.99528802
-228.99453303
-228.99273103
-228.99198911
-228.99100495
-228.99066501
-228.99017267
-228.98884603
-228.98757706
-228.98686372
-228.98411686
-228.98300149
-228.98244678
-228.98168425
-228.97871828
-228.97700926
-228.97632798
-228.97515944
-228.97379924
-228.97190348
-228.97010408
-228.96906697
-228.96725865
-228.96677623
-228.96520712
-228.96430988
-228.96337072
-228.96135076
-228.96072039
-228.95907933
-228.95786160
-228.95712276
-228.95646727
-228.95325451
-228.95217494
-228.94903163
-228.94771192
-228.94406068
-228.94003359
-228.93930437
-228.93798611
-228.93649280
-228.93508961
-228.93375550
-228.93366131
-228.93194054
-228.93122009
-228.93007595
-228.92944653
-228.92903334
-228.92721490
-228.92664778
-228.92518166
-228.92470486
-228.92383521
-228.92194547
-228.92166813
-228.92091514
-228.92003666
-228.91898754
-228.91754496
-228.91728445
-228.91444938
-228.91291869
-228.90822511
-228.90485777
-228.90384006
-228.90352916
-228.90264962
-228.90091531
-228.89830179
-228.89662149
-228.89602589
-228.89494652
-228.89378183
-228.89271948
-228.89057653
-228.89010209
-228.88855527
-228.88588240
-228.88373111
-228.88104805
-228.87801049
-228.87562393
-228.87515692
-228.87260561
-228.87001572
-228.86952590
-228.86646020
-228.86620226
-228.86461919
-228.86385478
-228.86109315
-228.85919646
-228.85784730
-228.85632733
-228.85517254
-228.85448375
-228.85390551
-228.85313315
-228.85197064
-228.85135740
-228.84997022
-228.84861508
-228.84783058
-228.84701337
-228.84564141
-228.84512327
-228.84366760
-228.84317717
-228.84236884
-228.84125927
-228.84119093
-228.83895744
-228.83858357
-228.83686173
-228.83467967
-228.83433433
-228.83320298
-228.83290580
-228.83219609
-228.83060466
-228.82694525
-228.82562714
-228.82531634
-228.82422641
-228.82285515
-228.82148089
-228.82045052
-228.81916476
-228.81718490
-228.81569049
-228.81370165
-228.81296345
-228.81164229
-228.81012246
-228.80873364
-228.80727053
-228.80479686
-228.80343905
-228.80164432
-228.80019782
-228.79923942
-228.79899769
-228.79643320
-228.79337426
-228.79288498
-228.79189484
-228.79068367
-228.78869144
-228.78728748
-228.78686648
-228.78423752
-228.78358935
-228.78003649
-228.77888790
-228.77808011
-228.77711874
-228.77607416
-228.77558221
-228.77365101
-228.77259870
-228.77140116
-228.76892183
-228.76849389
-228.76727549
-228.76545515
-228.76479222
-228.76454827
-228.76215906
-228.76060060
-228.75795274
-228.75705982
-228.75487529
-228.75426397
-228.75341640
-228.75244933
-228.75057722
-228.74983926
-228.74682710
-228.74595943
-228.74282510
-228.74161635
-228.74107796
-228.73814138
-228.73694776
-228.73573860
-228.73416631
-228.73211884
-228.73190220
-228.72977888
-228.72851130
-228.72659385
-228.72616226
-228.72467175
-228.72407545
-228.72279624
-228.72063726
-228.71915375
-228.71841398
-228.71595311
-228.71563979
-228.71387617
-228.71341061
-228.71078888
-228.70938082
-228.70609353
-228.70532181
-228.70492234
-228.70362220
-228.70233083
-228.70136549
-228.69856473
-228.69714127
-228.69585749
-228.69442549
-228.69378477
-228.69287815
-228.69169429
-228.69045952
-228.69006019
-228.68868325
-228.68796558
-228.68655160
-228.68519439
-228.68423668
-228.68152571
-228.68101446
-228.67917152
-228.67867106
-228.67681795
-228.67448600
-228.67155319
-228.67031933
-228.66948940
-228.66723190
-228.66598566
-228.66565233
-228.66479935
-228.66304140
-228.66244897
-228.66170947
-228.65925671
-228.65851713
-228.65750778
-228.65689050
-228.65573648
-228.65523026
-228.65395139
-228.65237539
-228.65079514
-228.64901352
-228.64817053
-228.64715872
-228.64601256
-228.64531813
-228.64389938
-228.64378474
-228.64245561
-228.64004246
-228.63671603
-228.63629953
-228.63433405
-228.63131784
-228.63116033
-228.62579267
-228.62338130
-228.62287404
-228.62066076
-228.61987311
-228.61824066
-228.61728713
-228.61629607
-228.61550327
-228.61369885
-228.61295980
-228.61088810
-228.61031432
-228.60905912
-228.60661276
-228.60343553
-228.60314975
-228.60221467
-228.60080509
-228.60013167
-228.59746423
-228.59645026
-228.59469501
-228.59197748
-228.59141211
-228.59083485
-228.59032116
-228.58910448
-228.58793871
-228.58550547
-228.58481873
-228.58174959
-228.58030395
-228.57748196
-228.57710862
-228.57549758
-228.57436781
-228.57401268
-228.57160467
-228.57042097
-228.57012790
-228.56644423
-228.56519115
-228.56333955
-228.56090412
-228.55946791
-228.55801268
-228.55687977
-228.55310798
-228.55132777
-228.55025177
-228.54915361
-228.54729827
-228.54678200
-228.54441246
-228.54335462
-228.54211737
-228.54094251
-228.53977237
-228.53876812
-228.53799938
-228.53724616
-228.53313559
-228.53203415
-228.53092222
-228.53059591
-228.52802153
-228.52733064
-228.52606080
-228.52434374
-228.52321186
-228.52217412
-228.52085231
-228.52027901
-228.51803538
-228.51616622
-228.51601055
-228.51361277
-228.51036687
-228.50945701
-228.50736550
-228.50610389
-228.50507968
-228.50339127
-228.50150333
-228.49997774
-228.49897384
-228.49729182
-228.49543288
-228.49251310
-228.49074008
-228.48882288
-228.48814547
-228.48747876
-228.48584075
-228.48515864
-228.48435247
-228.48265902
-228.48095559
-228.48011309
-228.47990537
-228.47841603
-228.47735566
-228.47640171
-228.47383403
-228.47324506
-228.47104494
-228.47074899
-228.46916536
-228.46779588
-228.46637562
-228.46517372
-228.46395742
-228.46186493
-228.46026882
-228.45963848
-228.45834514
-228.45765097
-228.45578011
-228.45315105
-228.45173695
-228.44948590
-228.44862403
-228.44764024
-228.44660348
-228.44475624
-228.44396351
-228.44263794
-228.44176716
-228.43964795
-228.43910879
-228.43840786
-228.43630672
-228.43513684
-228.43409313
-228.43285913
-228.43181684
-228.43072026
-228.42968711
-228.42918115
-228.42812943
-228.42801384
-228.42549029
-228.42450727
-228.42412663
-228.42356041
-228.42172945
-228.42113164
-228.42005114
-228.41864692
-228.41686871
-228.41376294
-228.41310032
-228.41192639
-228.40964828
-228.40778389
-228.40537693
-228.40411103
-228.40208762
-228.40106448
-228.39992018
-228.39939430
-228.39601781
-228.39495885
-228.39197813
-228.39118425
-228.38875476
-228.38831485
-228.38572944
-228.38280438
-228.37924025
-228.37880279
-228.37782172
-228.37695651
-228.37671674
-228.37561075
-228.37353685
-228.37293278
-228.37216380
-228.37131726
-228.37055495
-228.36863622
-228.36682985
-228.36663361
-228.36487975
-228.36396922
-228.36327961
-228.36201282
-228.36162354
-228.36040064
-228.35906205
-228.35649347
-228.35636461
-228.35201533
-228.35017211
-228.34894393
-228.34850615
-228.34755175
-228.34512385
-228.34311838
-228.34061614
-228.33924654
-228.33820944
-228.33774813
-228.33612782
-228.33549049
-228.33389588
-228.33073639
-228.32801789
-228.32742058
-228.32452067
-228.32385982
-228.32102457
-228.31982560
-228.31835280
-228.31721984
-228.31430323
-228.31314108
-228.31258595
-228.31059226
-228.31028167
-228.30858028
-228.30637696
-228.30546383
-228.30516618
-228.30457187
-228.30418411
-228.30188740
-228.30095771
-228.29873581
-228.29765129
-228.29646365
-228.29560710
-228.29450300
-228.29279093
-228.29167460
-228.28878797
-228.28708839
-228.28628467
-228.28484146
-228.28250067
-228.28058716
-228.27920150
-228.27773707
-228.27661024
-228.27510647
-228.27405388
-228.27200025
-228.27108267
-228.26995532
-228.26806074
-228.26746823
-228.26596490
-228.26465822
-228.26340439
-228.26248013
-228.26216640
-228.26068277
-228.26009885
-228.25871316
-228.25759542
-228.25647275
-228.25529100
-228.25382791
-228.25304275
-228.25208463
-228.25161528
-228.25030262
-228.24922638
-228.24706606
-228.24477591
-228.24056116
-228.23963580
-228.23761096
-228.23729137
-228.23630800
-228.23546819
-228.23382437
-228.23299692
-228.23110177
-228.22846472
-228.22646393
-228.22596167
-228.22494383
-228.22336760
-228.21972565
-228.21789893
-228.21653913
-228.21495908
-228.21384995
-228.21333950
-228.21219317
-228.20879144
-228.20838148
-228.20721268
-228.20712758
-228.20437666
-228.20214110
-228.20077659
-228.19900672
-228.19738458
-228.19661027
-228.19556183
-228.19183741
-228.19132211
-228.19007451
-228.18877990
-228.18825248
-228.18775746
-228.18688393
-228.18664949
-228.18428951
-228.18108323
-228.17992111
-228.17879613
-228.17873511
-228.17816592
-228.17564136
-228.17530013
-228.17515106
-228.17277542
-228.17239860
-228.17063802
-228.17002440
-228.16827045
-228.16550291
-228.16486469
-228.16274380
-228.16088488
-228.16019802
-228.15917657
-228.15707685
-228.15375210
-228.15253514
-228.15181635
-228.15146919
-228.15123316
-228.15001260
-228.14779281
-228.14651507
-228.14376392
-228.14242321
-228.14020992
-228.13950282
-228.13765625
-228.13329575
-228.12862652
-228.12619560
-228.12462934
-228.12319131
-228.12171310
-228.12119316
-228.11759955
-228.11595724
-228.11500632
-228.11339100
-228.11273023
-228.10951269
-228.10859988
-228.10766133
-228.10475628
-228.10384939
-228.10109447
-228.09981135
-228.09867735
-228.09701877
-228.09479677
-228.09293039
-228.09166256
-228.09124218
-228.08911208
-228.08516961
-228.08442373
-228.08292731
-228.07909114
-228.07895404
-228.07799490
-228.07629632
-228.07519444
-228.07434603
-228.07137828
-228.06858436
-228.06623114
-228.06455143
-228.06347121
-228.06128907
-228.05929661
-228.05792207
-228.05736390
-228.05480405
-228.05261369
-228.05085567
-228.04810291
-228.04788028
-228.04692378
-228.04194532
-228.04052549
-228.03952479
-228.03700601
-228.03401033
-228.03293123
-228.03049302
-228.02701716
-228.02639498
-228.02377275
-228.02150251
-228.02008571
-228.01909250
-228.01823691
-228.01808212
-228.01727068
-228.01459252
-228.01267058
-228.01171882
-228.00847696
-228.00761198
-228.00489162
-228.00117288
-228.00028570
-227.99984560
-227.99867877
-227.99254795
-227.99102063
-227.98933292
-227.98774143
-227.98716485
-227.98547649
-227.98407720
-227.98228117
-227.98162365
-227.97935527
-227.97441118
-227.97433350
-227.97136936
-227.96954703
-227.96860764
-227.96596608
-227.96418963
-227.96182013
-227.96098243
-227.96021700
-227.95794599
-227.95504714
-227.95292864
-227.95114313
-227.94781316
-227.94667809
-227.94432190
-227.94302299
-227.94247841
-227.94123396
-227.94109646
-227.93940822
-227.93636105
-227.93529787
-227.93378203
-227.93239737
-227.93106606
-227.92310597
-227.92124238
-227.91889859
-227.91741432
-227.91356445
-227.91159318
-227.90715156
-227.90398330
-227.90237772
-227.89933940
-227.89815151
-227.89311084
-227.89152661
-227.88946897
-227.88905537
-227.88530379
-227.88326289
-227.88114452
-227.87899764
-227.87834793
-227.87593165
-227.87543440
-227.87480755
-227.87271006
-227.86857331
-227.86425263
-227.86253538
-227.85974372
-227.85761924
-227.85432717
-227.85365011
-227.84981794
-227.84916766
-227.84763999
-227.84714256
-227.84303633
-227.84077918
-227.83838716
-227.83679019
-227.83545558
-227.83229695
-227.83091647
-227.82914547
-227.82533907
-227.82489527
-227.82267070
-227.81906857
-227.81632531
-227.81358462
-227.81065257
-227.80917433
-227.80379398
-227.80184779
-227.79973897
-227.79691552
-227.79571119
-227.79490249
-227.79169596
-227.78577859
-227.77958333
-227.77747990
-227.77657987
-227.77320033
-227.77176688
-227.76960256
-227.76695926
-227.76583668
-227.76357607
-227.76256024
-227.76027669
-227.75942836
-227.75413220
-227.75286580
-227.74821848
-227.74664407
-227.74487419
-227.74224798
-227.74011141
-227.73648730
-227.73385821
-227.73072323
-227.72761618
-227.72512633
-227.72383079
-227.71988823
-227.71782209
-227.71658602
-227.71443352
-227.71094486
-227.70811937
-227.70678543
-227.69858673
-227.69510309
-227.69211454
-227.69054219
-227.68665288
-227.68610206
-227.68513511
-227.68320971
-227.68109604
-227.68003868
-227.67852235
-227.67246895
-227.66989730
-227.66719253
-227.66497335
-227.66291201
-227.66058862
-227.65797040
-227.65621631
-227.65483330
-227.65383788
-227.64976574
-227.64837509
-227.64679951
-227.64537658
-227.64189874
-227.63737852
-227.62571153
-227.62235058
-227.61805884
-227.61741446
-227.61694421
-227.61338088
-227.61170212
-227.61083017
-227.60777541
-227.60570527
-227.60484185
-227.60220009
-227.59980178
-227.59722219
-227.59430503
-227.59363865
-227.58735752
-227.58628649
-227.58417380
-227.57899932
-227.57414021
-227.56997403
-227.56462849
-227.56394158
-227.56232152
-227.56035102
-227.55925220
-227.55577870
-227.55232404
-227.54981660
-227.54710798
-227.54223599
-227.53931431
-227.53546488
-227.53044989
-227.52817397
-227.52249686
-227.52201266
-227.52053709
-227.51864977
-227.51552184
-227.51304486
-227.51136134
-227.50774507
-227.50543589
-227.50426891
-227.50161161
-227.49952124
-227.49885352
-227.49595795
-227.49109914
-227.48545025
-227.48299421
-227.48113532
-227.47789545
-227.47126984
-227.46952177
-227.46699774
-227.46405168
-227.46053193
-227.45390035
-227.45075613
-227.44855893
-227.44509184
-227.44490311
-227.44053663
-227.44002389
-227.43910630
-227.43760864
-227.43547412
-227.43181447
-227.42723320
-227.42205920
-227.41907025
-227.41432381
-227.41107962
-227.41018493
-227.40690658
-227.40130685
-227.39097379
-227.38556320
-227.38486637
-227.38061070
-227.37793614
-227.37559277
-227.37320838
-227.37263485
-227.36841880
-227.36235834
-227.36068820
-227.35849522
-227.35239603
-227.35070500
-227.34872868
-227.34547383
-227.34417378
-227.33888824
-227.33607377
-227.32961451
-227.32789664
-227.32489253
-227.32211539
-227.31899794
-227.31454767
-227.31307781
-227.30776443
-227.30680350
-227.30148792
-227.29745074
-227.29239776
-227.29059846
-227.28777568
-227.27274744
-227.26899685
-227.26763818
-227.26701176
-227.26470562
-227.26087775
-227.26022972
-227.25799553
-227.24985583
-227.24424568
-227.24361939
-227.23936053
-227.23273154
-227.23028294
-227.21831870
-227.21728038
-227.21074690
-227.20874513
-227.20602658
-227.20193851
-227.19955876
-227.19546939
-227.19290783
-227.19119251
-227.18752849
-227.17743042
-227.17069760
-227.16936530
-227.16638336
-227.16223758
-227.16099471
-227.15622139
-227.15521109
-227.14468403
-227.14052330
-227.13526930
-227.13027087
-227.12627005
-227.12235961
-227.11875275
-227.11827714
-227.10834293
-227.10645812
-227.09743103
-227.09387887
-227.08467482
-227.08074187
-227.07625679
-227.07232861
-227.07189593
-227.07043161
-227.06396078
-227.06311086
-227.05591609
-227.05470152
-227.04393174
-227.03916574
-227.03030559
-227.02835371
-227.02519844
-227.01774785
-227.00986930
-226.99735601
-226.99650425
-226.99070856
-226.98711815
-226.98050823
-226.97490829
-226.97292665
-226.96457621
-226.94493300
-226.93956031
-226.93451310
-226.93272465
-226.92163952
-226.91851671
-226.91641211
-226.90989958
-226.90508432
-226.90227114
-226.90003020
-226.89865529
-226.88838608
-226.87463273
-226.85751427
-226.85475620
-226.85063892
-226.83771837
-226.82964699
-226.82046131
-226.81757938
-226.81468204
-226.80458138
-226.80346572
-226.80023306
-226.79777218
-226.79157124
-226.79005317
-226.78840591
-226.78181444
-226.78044949
-226.77017811
-226.74599806
-226.74210240
-226.73946082
-226.72569925
-226.70441363
-226.69798003
-226.68542554
-226.68397866
-226.66221340
-226.65490766
-226.63017156
-226.61519563
-226.60261779
-226.59795630
-226.58540038
-226.58480654
-226.57294258
-226.57038376
-226.56698068
-226.52388570
-226.52006840
-226.50337502
-226.47698165
-226.44409880
-226.42167246
-226.40343922
-226.39699328
-226.39440340
-226.37885298
-226.28606364
-226.28489451
-226.28235799
-226.26921815
-226.10808716
-226.10348662
-225.98139447
-225.87556752
-225.87404612
-225.72561941
-225.71202620
-225.69789087
-225.62100160
-225.61564109
-225.60138088
-225.54186768
-225.49218395
-225.38110227
-225.37914548
-225.20267994
-225.19655911
-225.07365511
-219.85988378
-219.85631451
-219.85467022
-219.85345324
-219.85220033
-219.85112554
-219.68826022
-219.68577600
-219.68485991
-219.68300197
-219.68120093
-219.66932904
-219.63805483
-219.63620385
-219.63312753
-219.63222980
-219.63038727
-219.62867068
-219.57273063
-219.57260051
-219.57144338
-219.57006032
-219.56907392
-219.56873156
-219.56723417
-219.56380472
-219.56364462
-219.56188756
-219.56097610
-219.56074912
-219.56014713
-219.55905688
-219.55886861
-219.55784343
-219.55681007
-219.55578850
-219.54775374
-219.54510002
-219.54493694
-219.54213116
-219.54110120
-219.54069179
-219.53763147
-219.53640149
-219.53490345
-219.53340882
-219.53181267
-219.53151824
-219.53092887
-219.53051110
-219.52964014
-219.52913428
-219.52844985
-219.52754463
-219.51841310
-219.51710689
-219.51575032
-219.51411890
-219.51337878
-219.51332887
-219.51025795
-219.50521103
-219.50355688
-219.50134709
-219.50083426
-219.50023537
-219.49961005
-219.49933275
-219.49848815
-219.49832989
-219.49748294
-219.49699502
-219.49567229
-219.49563358
-219.49512743
-219.49462185
-219.49284243
-219.49277507
-219.49144214
-219.49120588
-219.49004338
-219.48994126
-219.48712181
-219.48678181
-219.48602025
-219.48539830
-219.48469164
-219.48446752
-219.48386667
-219.48310435
-219.48295725
-219.48236688
-219.48045401
-219.48014488
-219.47907010
-219.47885226
-219.46443439
-219.46269849
-219.46217401
-219.46164261
-219.46033770
-219.45986730
-219.45844137
-219.45836356
-219.45777050
-219.45564987
-219.45520029
-219.45489266
-219.45448562
-219.45244688
-219.45149034
-219.45063782
-219.44851191
-219.44841533
-219.44795566
-219.44770816
-219.44704972
-219.44640115
-219.44609233
-219.44597717
-219.44542131
-219.44365492
-219.44304805
-219.44223175
-219.44156840
-219.44148956
-219.43813997
-219.43520214
-219.43218721
-219.43176526
-219.43143411
-219.43108087
-219.43102744
-219.43046876
-219.42942878
-219.42910574
-219.42782067
-219.42754701
-219.42648567
-219.42567946
-219.42506646
-219.42465240
-219.42381447
-219.42308707
-219.42301248
-219.42174430
-219.42114581
-219.41975235
-219.41893535
-219.41743767
-219.41463020
-219.41201833
-219.41153378
-219.41042042
-219.40947116
-219.40925021
-219.40899057
-219.40791665
-219.40716583
-219.40486762
-219.40444304
-219.40380514
-219.40331056
-219.40275261
-219.40243011
-219.40125671
-219.39817147
-219.39654873
-219.39603216
-219.39235726
-219.39132279
-219.39037055
-219.38934099
-219.38668900
-219.38326295
-219.38158334
-219.37813464
-219.37686339
-219.37585071
-219.37398486
-219.36706605
-219.36672530
-219.36468965
-219.36385670
-219.36375552
-219.36308987
-219.36265989
-219.36258312
-219.36183878
-219.35916393
-219.35846278
-219.35754557
-219.35715228
-219.35708662
-219.35508030
-219.35357962
-219.35297834
-219.35121888
-219.33481938
-219.33019166
-219.33013417
-219.32902279
-219.32600283
-219.32563103
-219.32556308
-219.32485094
-219.32459410
-219.32420601
-219.32146260
-219.32064829
-219.31975228
-219.31849585
-219.31754924
-219.31731371
-219.31584599
-219.31514102
-219.31428576
-219.31421425
-219.31372220
-219.31023844
-219.30917053
-219.30817454
-219.30800331
-219.30753452
-219.30582675
-219.30247810
-219.30196486
-219.30136626
-219.29167360
-219.28953448
-219.28562520
-219.28543212
-219.28398982
-219.28001200
-219.27702953
-219.27700905
-219.27520576
-219.27236864
-219.27162896
-219.27041080
-219.26746926
-219.26655508
-219.26485069
-219.26363615
-219.26210248
-219.26155859
-219.25914860
-219.25882831
-219.25874603
-219.25751499
-219.25716604
-219.25371544
-219.25129453
-219.24687905
-219.24653123
-219.24070389
-219.23457656
-219.23279616
-219.23256096
-219.23149743
-219.23079868
-219.22917463
-219.22875297
-219.22713066
-219.22691214
-219.22682556
-219.22619431
-219.22493441
-219.22228311
-219.22010722
-219.21950877
-219.21638730
-219.21575643
-219.21276838
-219.20858983
-219.20807298
-219.20778185
-219.20584298
-219.20375130
-219.20292469
-219.20204768
-219.20169748
-219.20119008
-219.20102147
-219.20089781
-219.20010338
-219.19775316
-219.19662063
-219.19537435
-219.19435509
-219.19237385
-219.19197876
-219.19112359
-219.18988649
-219.18393719
-219.18189921
-219.18039616
-219.17923176
-219.17769727
-219.17705673
-219.17662378
-219.17384654
-219.17285056
-219.17210035
-219.16909652
-219.16792295
-219.16753948
-219.16743555
-219.16740555
-219.16485299
-219.16344075
-219.16305949
-219.13746091
-219.13396654
-219.13132582
-219.13058823
-219.13004825
-219.12898058
-219.12867736
-219.12813110
-219.12774840
-219.12704397
-219.12326551
-219.12265535
-219.12240278
-219.12216945
-219.12111507
-219.12056981
-219.11905999
-219.11534997
-219.11123884
-219.11100561
-219.11022047
-219.10777554
-219.10758857
-219.10414602
-219.09382041
-219.09355111
-219.09224088
-219.09088357
-219.08991138
-219.08972527
-219.08800221
-219.08746547
-219.08736254
-219.08720070
-219.08708405
-219.08664559
-219.08580909
-219.08460933
-219.08356346
-219.08336432
-219.08304750
-219.08271464
-219.06967585
-219.06957445
-219.06656644
-219.06634263
-219.06479088
-219.06200386
-219.06167090
-219.06129598
-219.05980776
-219.05829721
-219.05588177
-219.05402827
-219.03937449
-219.03914278
-219.03621623
-219.03494487
-219.03493313
-219.03341865
-219.03322934
-219.03275367
-219.03083924
-219.02825039
-219.02816877
-219.02728152
-219.02148003
-219.02059135
-219.01969438
-219.01843211
-219.01788993
-219.01535792
-219.01445910
-219.01392224
-219.00983179
-219.00905486
-219.00850989
-219.00803040
-219.00573198
-219.00465231
-219.00319288
-219.00080857
-219.00063508
-218.99995844
-218.99522690
-218.99487702
-218.99328615
-218.99304740
-218.99050351
-218.98811275
-218.97940498
-218.97808693
-218.97613601
-218.97439977
-218.97357627
-218.96966593
-218.96907288
-218.96702911
-218.96700513
-218.96448254
-218.96281410
-218.96260367
-218.95958225
-218.95929677
-218.95911281
-218.95876966
-218.95565965
-218.95427166
-218.95374393
-218.95307670
-218.95293491
-218.94930057
-218.94808841
-218.94793713
-218.94754955
-218.94432028
-218.94391948
-218.94316075
-218.93811322
-218.93558811
-218.92938589
-218.92565625
-218.92455991
-218.92115558
-218.91592327
-218.91530589
-218.91439396
-218.90873351
-218.90788920
-218.90659876
-218.90510735
-218.90475705
-218.90200845
-218.90196832
-218.90112335
-218.90033408
-218.89709061
-218.89706006
-218.89613259
-218.89600232
-218.89210692
-218.88638613
-218.88507216
-218.87866988
-218.86945634
-218.86718993
-218.86581260
-218.86580715
-218.86414692
-218.86253268
-218.86112563
-218.85851876
-218.85810371
-218.85741102
-218.85649666
-218.85524479
-218.84242042
-218.83941757
-218.83508248
-218.83375134
-218.83212271
-218.83198512
-218.83139940
-218.83110180
-218.82419265
-218.82396435
-218.82253164
-218.81989604
-218.81970448
-218.81962521
-218.81710087
-218.81677503
-218.81100701
-218.80765847
-218.80249456
-218.80128955
-218.80089907
-218.80019845
-218.79962099
-218.79837168
-218.79790625
-218.79691493
-218.79622296
-218.79215735
-218.79093585
-218.79052566
-218.79031584
-218.78887920
-218.78679780
-218.78445571
-218.78389489
-218.78189160
-218.77984838
-218.77848823
-218.77807400
-218.77166755
-218.76947010
-218.76931188
-218.76831902
-218.76794309
-218.76641611
-218.76532604
-218.76196909
-218.76185247
-218.75948786
-218.75918444
-218.75640545
-218.75586101
-218.75358409
-218.75265307
-218.74441659
-218.73929914
-218.73910144
-218.73828080
-218.73778233
-218.73722692
-218.73300868
-218.72919688
-218.72709016
-218.72614341
-218.72490016
-218.72401967
-218.72263682
-218.72209975
-218.72106582
-218.72087355
-218.71674705
-218.71257231
-218.70707932
-218.70519977
-218.70236282
-218.70184060
-218.70115065
-218.69781974
-218.69368154
-218.69047349
-218.68793104
-218.68667723
-218.68490133
-218.68149751
-218.65441038
-218.65401881
-218.65335091
-218.65269112
-218.65070070
-218.64991833
-218.62660997
-218.62566542
-218.62361183
-218.62107203
-218.61989559
-218.61887785
-218.60727713
-218.60678942
-218.60207648
-218.60145603
-218.58943973
-218.58461797
-218.58422761
-218.58281651
-218.58171821
-218.57975809
-218.57762953
-218.57722096
-218.57695588
-218.57567465
-218.57441358
-218.57400209
-218.57163000
-218.56918189
-218.56631331
-218.55337398
-218.55036116
-218.55011477
-218.54397185
-218.54333006
-218.49474759
-218.49263027
-218.48678350
-218.48239526
-218.47989058
-218.47905295
-218.45619024
-218.45434359
-218.45314808
-218.45225502
-218.44721526
-218.44547068
-218.43274568
-218.42852458
-218.42617702
-218.41977003
-218.41604432
-218.41287398
-218.39489695
-218.38841629
-218.38665844
-218.38600371
-218.37685678
-218.37362464
-218.32445350
-218.32129660
-218.31789804
-218.31089282
-218.31042943
-218.30661438
-218.30619069
-218.30589639
-218.30473335
-218.30391995
-218.29969467
-218.29907861
-218.29641989
-218.29304664
-218.29238015
-218.29072335
-218.28924951
-218.28514392
-218.28232266
-218.26819372
-218.26680176
-218.26420499
-218.26207204
-218.25503649
-218.24388939
-218.24143248
-218.24026526
-218.23940759
-218.23612647
-218.22796408
-218.22643912
-218.22315059
-218.21884100
-218.21832279
-218.21549264
-218.21378672
-218.20942129
-218.20437538
-218.20290185
-218.19960344
-218.19884167
-218.19757909
-218.17821326
-218.17455652
-218.17430960
-218.17397558
-218.17335992
-218.16966065
-218.15781122
-218.15504153
-218.15406212
-218.15066528
-218.14823295
-218.14806132
-218.13718991
-218.13474156
-218.13209624
-218.13136178
-218.12704981
-218.12525004
-218.12524312
-218.12429818
-218.12356219
-218.12179827
-218.12175648
-218.11450229
-218.08617499
-218.08528128
-218.08256610
-218.08087044
-218.07987540
-218.07960508
-218.07781418
-218.07708559
-218.07651320
-218.07616057
-218.07179959
-218.07100684
-218.06945035
-218.06934059
-218.06571440
-218.06460518
-218.06207849
-218.06156332
-218.06078653
-218.06012019
-218.05935514
-218.05874639
-218.05867823
-218.05282462
-218.04624805
-218.04522748
-218.04173233
-218.04034782
-218.03726688
-218.03525640
-218.03098415
-218.03063584
-218.02799945
-218.02488706
-218.02331342
-218.02111678
-218.01919613
-218.01728429
-218.01538302
-218.01209486
-218.01148446
-218.00998120
-218.00899731
-218.00613124
-218.00575021
-218.00467820
-218.00080497
-217.99809460
-217.98473513
-217.97740293
-217.97689872
-217.97610910
-217.97333271
-217.97212456
-217.94388525
-217.94257081
-217.94137398
-217.94099133
-217.93775342
-217.93377932
-217.93141349
-217.93025576
-217.92992208
-217.92754587
-217.92489418
-217.92005628
-217.91186858
-217.91110589
-217.91097718
-217.90159457
-217.90073741
-217.89934770
-217.89729276
-217.89596726
-217.89362457
-217.89288548
-217.88661865
-217.87730632
-217.87136921
-217.87067447
-217.86699823
-217.86625877
-217.86433158
-217.86343942
-217.85073594
-217.85013438
-217.84837660
-217.84273592
-217.83912609
-217.83668547
-217.82143641
-217.81543583
-217.81352954
-217.81323905
-217.81296524
-217.80632957
-217.80116976
-217.79990841
-217.79934382
-217.79811632
-217.79710844
-217.78460585
-217.77196699
-217.77193182
-217.77104584
-217.76955331
-217.76662081
-217.76584101
-217.76575660
-217.76250009
-217.76184698
-217.75956117
-217.75839688
-217.75328017
-217.74859987
-217.74543674
-217.74413111
-217.74343598
-217.74225194
-217.74142121
-217.73963249
-217.73720195
-217.73245924
-217.73136656
-217.72843160
-217.72436727
-217.70636690
-217.70458425
-217.70364990
-217.70235957
-217.69863062
-217.69561442
-217.64706111
-217.64565921
-217.64503315
-217.64477146
-217.64395227
-217.64198096
-217.63469784
-217.63351488
-217.62609232
-217.62543498
-217.62423235
-217.62124815
-217.61856397
-217.61644909
-217.61546810
-217.61511574
-217.61280066
-217.60555326
-217.60478101
-217.60236550
-217.60074540
-217.59441135
-217.59393936
-217.58574724
-217.58378747
-217.58296188
-217.58206704
-217.57433401
-217.57077954
-217.57063056
-217.56754007
-217.56044340
-217.55484336
-217.55478051
-217.55421940
-217.55335838
-217.55311796
-217.55105309
-217.54949503
-217.54781418
-217.54591493
-217.54310273
-217.53784626
-217.53737646
-217.53064648
-217.52814245
-217.52579397
-217.52450185
-217.48983304
-217.47728385
-217.47602947
-217.47588952
-217.47549825
-217.47465841
-217.46683950
-217.46580605
-217.46416809
-217.46345897
-217.45902070
-217.45871115
-217.45868586
-217.45633086
-217.45077418
-217.44655688
-217.44282132
-217.43421575
-217.39884511
-217.39419603
-217.39349053
-217.39281342
-217.38242116
-217.37893504
-217.35173768
-217.34733360
-217.34086176
-217.33547582
-217.33373287
-217.33144586
-217.33000735
-217.32593708
-217.32323565
-217.32150717
-217.31994775
-217.31701471
-217.31597256
-217.31507515
-217.31443129
-217.31125463
-217.31098086
-217.30950981
-217.30702778
-217.30459489
-217.30365826
-217.30190155
-217.30012839
-217.29763931
-217.28294431
-217.27955088
-217.27660517
-217.27585270
-217.27468960
-217.27327673
-217.18759752
-217.18303330
-217.16636453
-217.16595486
-217.15869162
-217.12998161
-217.12937623
-217.12715233
-217.12610364
-217.12296804
-217.12277600
-217.08647244
-217.06710930
-217.06375366
-217.06041640
-217.05972597
-217.05738291
-217.05305287
-217.01977869
-217.01360339
-217.01057775
-217.00574388
-216.99526792
-216.97128122
-216.96725642
-216.96350944
-216.96140869
-216.95717547
-216.95206353
-216.94640929
-216.93585889
-216.93502320
-216.93469405
-216.92512731
-216.91703908
-216.91606511
-216.91136147
-216.91107743
-216.90694261
-216.89116905
-216.87419900
-216.87102993
-216.80683218
-216.80186123
-216.79464333
-216.79346492
-216.79200361
-216.77419428
-216.77289898
-216.76943781
-216.76527039
-216.76076352
-216.75413666
-216.75281706
-216.74858814
-216.74280868
-216.73603196
-216.73572335
-216.71902290
-216.71807172
-216.71502568
-216.68754718
-216.68740499
-216.68348444
-216.68213869
-216.66534688
-216.65893397
-216.65068043
-216.64390080
-216.64230953
-216.64075431
-216.62773275
-216.59456264
-216.58666557
-216.58235438
-216.57752000
-216.57706771
-216.57426824
-216.57286296
-216.56935425
-216.55958085
-216.53495018
-216.53320157
-216.52963954
-216.40152531
-216.39937777
-216.39824014
-216.39209587
-216.39053551
-216.37983555
-216.25011129
-216.24199131
-216.23790178
-216.23658658
-216.22903577
-216.21855521
-216.18574629
-216.18127926
-216.17711303
-216.17533367
-216.17264739
-216.16985059
-215.92695327
-215.91692964
-215.91537043
-215.90835444
-215.90770577
-215.90321463
-215.01259799
-215.01039192
-215.00851488
-215.00675923
-215.00494237
-215.00117622
