-230.49780678
-230.49142271
-230.47654001
-230.47465959
-230.46007162
-230.45289216
-230.45254078
-230.44445135
-230.43611116
-230.43563201
-230.43056151
-230.43009344
-230.42796813
-230.42574398
-230.41654678
-230.41518015
-230.41287938
-230.41072797
-230.40570726
-230.40275680
-230.38708740
-230.38669043
-230.38378462
-230.38139254
-230.37962543
-230.37727905
-230.37319552
-230.37157365
-230.37124825
-230.36726802
-230.36637746
-230.36545012
-230.36517059
-230.35876716
-230.35828498
-230.35535444
-230.35406564
-230.35375262
-230.35068107
-230.34968870
-230.34886900
-230.34852662
-230.34795425
-230.33810393
-230.33644213
-230.33470722
-230.33268541
-230.33226559
-230.32967986
-230.32861907
-230.32829533
-230.32238062
-230.31830076
-230.31636794
-230.31579795
-230.31354276
-230.31305791
-230.31234763
-230.30973966
-230.30919578
-230.30781930
-230.30714302
-230.30626657
-230.30236067
-230.30084099
-230.29852450
-230.29695996
-230.29306164
-230.28967904
-230.28861180
-230.28027209
-230.27730941
-230.27489763
-230.27302659
-230.27067872
-230.26662624
-230.26548166
-230.26432919
-230.26361937
-230.26016343
-230.25515547
-230.25334727
-230.25206347
-230.25154475
-230.25062164
-230.24877494
-230.24792537
-230.24667998
-230.24603899
-230.24486447
-230.24372036
-230.24274716
-230.24246410
-230.24121828
-230.23969909
-230.23855160
-230.23782886
-230.23678160
-230.23511648
-230.23311788
-230.23229307
-230.23145339
-230.23032280
-230.22947210
-230.22781659
-230.22736633
-230.22587701
-230.22533198
-230.22353667
-230.22283673
-230.22197688
-230.21977505
-230.21865193
-230.21841922
-230.21803912
-230.21755055
-230.21400670
-230.21357862
-230.21248473
-230.21027585
-230.20918629
-230.20821895
-230.20778577
-230.20729199
-230.20670013
-230.20550376
-230.20497083
-230.20432045
-230.20246397
-230.20149752
-230.20068934
-230.20030455
-230.19930009
-230.19891817
-230.19816492
-230.19761190
-230.19668427
-230.19621898
-230.19558790
-230.19507438
-230.19281544
-230.19071232
-230.19010699
-230.18964315
-230.18930675
-230.18805618
-230.18771614
-230.18696344
-230.18515153
-230.18483962
-230.18391169
-230.18069687
-230.17886598
-230.17778732
-230.17688651
-230.17654366
-230.17599518
-230.17497369
-230.17443920
-230.17213117
-230.17147803
-230.17035516
-230.16908327
-230.16902091
-230.16714655
-230.16650917
-230.16564396
-230.16411961
-230.16380633
-230.16347310
-230.16257424
-230.16129648
-230.16095027
-230.16000372
-230.15912127
-230.15841335
-230.15732077
-230.15589569
-230.15437116
-230.15401613
-230.15278223
-230.15188809
-230.14910826
-230.14828846
-230.14653897
-230.14625162
-230.14439752
-230.14378809
-230.14137409
-230.13968187
-230.13926593
-230.13856627
-230.13752494
-230.13581939
-230.13455092
-230.13335396
-230.13244520
-230.13225798
-230.13128497
-230.12928435
-230.12894475
-230.12593886
-230.12509589
-230.12347634
-230.12270196
-230.12221212
-230.12169549
-230.12043642
-230.11975294
-230.11960153
-230.11911573
-230.11824006
-230.11703890
-230.11627061
-230.11594755
-230.11503036
-230.11389459
-230.11333445
-230.11187990
-230.10922714
-230.10713762
-230.10648395
-230.10543477
-230.10446030
-230.10356829
-230.10322835
-230.10247513
-230.10195564
-230.10161966
-230.10100809
-230.10014298
-230.09970364
-230.09901815
-230.09874687
-230.09706498
-230.09633609
-230.09549511
-230.09533454
-230.09220137
-230.09204455
-230.09081606
-230.09036188
-230.08975206
-230.08930371
-230.08802590
-230.08665304
-230.08621721
-230.08549962
-230.08505313
-230.08355851
-230.08219458
-230.08208388
-230.08116369
-230.08051115
-230.07973415
-230.07892669
-230.07751536
-230.07741229
-230.07580991
-230.07494545
-230.07381626
-230.07257758
-230.07209759
-230.07135916
-230.07069201
-230.07040372
-230.06955047
-230.06896561
-230.06874378
-230.06795070
-230.06767576
-230.06676337
-230.06671714
-230.06650966
-230.06520057
-230.06404689
-230.06318505
-230.06243026
-230.06210429
-230.06138744
-230.06085490
-230.06022287
-230.05968746
-230.05879404
-230.05867897
-230.05791823
-230.05755608
-230.05656513
-230.05572516
-230.05472493
-230.05411732
-230.05307164
-230.05228347
-230.05142685
-230.05099913
-230.05062191
-230.04872500
-230.04775858
-230.04742899
-230.04724130
-230.04618846
-230.04559048
-230.04525462
-230.04300500
-230.04281736
-230.04233980
-230.04141068
-230.03965099
-230.03891732
-230.03830997
-230.03741589
-230.03603447
-230.03559359
-230.03489677
-230.03431519
-230.03338931
-230.03269179
-230.03217277
-230.03189558
-230.03057437
-230.03045579
-230.02919718
-230.02799587
-230.02769634
-230.02734452
-230.02650096
-230.02435446
-230.02331628
-230.02294236
-230.02131057
-230.01906262
-230.01898402
-230.01782034
-230.01760400
-230.01617000
-230.01585174
-230.01361919
-230.01234698
-230.01203708
-230.00917502
-230.00865451
-230.00850521
-230.00745063
-230.00665227
-230.00558537
-230.00451362
-230.00343482
-230.00300293
-230.00220888
-230.00214460
-230.00162961
-230.00061224
-230.00015929
-229.99868843
-229.99822692
-229.99660230
-229.99640067
-229.99518866
-229.99316919
-229.99276913
-229.99219101
-229.99133581
-229.99098109
-229.99049503
-229.98903253
-229.98782733
-229.98619230
-229.98555182
-229.98381064
-229.98339779
-229.98156963
-229.98113482
-229.98024643
-229.97987108
-229.97975126
-229.97882736
-229.97842360
-229.97706516
-229.97641098
-229.97374864
-229.97300756
-229.97224643
-229.97138408
-229.97049398
-229.96979226
-229.96941027
-229.96819922
-229.96617328
-229.96588841
-229.96549039
-229.96404497
-229.96351768
-229.96228137
-229.96166586
-229.95965934
-229.95962845
-229.95889683
-229.95877432
-229.95856971
-229.95805870
-229.95716295
-229.95665278
-229.95527441
-229.95486336
-229.95415010
-229.95401891
-229.95269369
-229.95201965
-229.95084836
-229.95023437
-229.94979851
-229.94888678
-229.94705505
-229.94610116
-229.94513109
-229.94477323
-229.94257405
-229.94184663
-229.94160651
-229.94066479
-229.94021340
-229.93927963
-229.93880895
-229.93788479
-229.93749417
-229.93706293
-229.93641709
-229.93516314
-229.93432464
-229.93356076
-229.93340861
-229.93280396
-229.93241477
-229.93122027
-229.93036780
-229.93022212
-229.92960945
-229.92878411
-229.92827121
-229.92713787
-229.92704331
-229.92680303
-229.92438200
-229.92344831
-229.92281322
-229.92108768
-229.92005797
-229.91920089
-229.91831668
-229.91761799
-229.91728449
-229.91617015
-229.91536751
-229.91482061
-229.91353470
-229.91280756
-229.91249473
-229.91202837
-229.91077847
-229.90997234
-229.90957101
-229.90876721
-229.90750937
-229.90692143
-229.90675197
-229.90494510
-229.90464871
-229.90400946
-229.90271591
-229.90224166
-229.90164488
-229.90152054
-229.90068988
-229.89881263
-229.89834470
-229.89714086
-229.89587077
-229.89518260
-229.89506950
-229.89459547
-229.89329341
-229.89237419
-229.89105259
-229.88949785
-229.88824350
-229.88773439
-229.88655003
-229.88608356
-229.88529731
-229.88434872
-229.88356489
-229.88312889
-229.88237138
-229.88151327
-229.88101989
-229.88024502
-229.87929028
-229.87799605
-229.87763504
-229.87717729
-229.87657574
-229.87643707
-229.87469212
-229.87381527
-229.87227209
-229.87213381
-229.87172744
-229.87070526
-229.87053963
-229.86955500
-229.86911803
-229.86828611
-229.86786999
-229.86768372
-229.86686615
-229.86667400
-229.86581874
-229.86577207
-229.86535581
-229.86512802
-229.86450827
-229.86440745
-229.86350133
-229.86321787
-229.86157807
-229.86101686
-229.86054276
-229.85998860
-229.85927316
-229.85864284
-229.85782457
-229.85706162
-229.85655449
-229.85586154
-229.85536626
-229.85522057
-229.85372640
-229.85309544
-229.85296934
-229.85242007
-229.85073026
-229.84998919
-229.84977833
-229.84908122
-229.84793669
-229.84626749
-229.84594449
-229.84557164
-229.84483082
-229.84444193
-229.84372141
-229.84333387
-229.84237877
-229.84127312
-229.84104570
-229.84005656
-229.83970517
-229.83931922
-229.83826867
-229.83796485
-229.83747816
-229.83660282
-229.83605095
-229.83525312
-229.83475423
-229.83363432
-229.83265065
-229.83152573
-229.83096870
-229.83060358
-229.82931791
-229.82925514
-229.82826995
-229.82802038
-229.82530311
-229.82401849
-229.82374123
-229.82221405
-229.82183455
-229.82125175
-229.82060756
-229.81998088
-229.81917745
-229.81800913
-229.81755313
-229.81647780
-229.81545929
-229.81517528
-229.81475286
-229.81338778
-229.81287285
-229.81280926
-229.81106188
-229.81059457
-229.81001379
-229.80941672
-229.80827646
-229.80665211
-229.80630335
-229.80543749
-229.80417787
-229.80365778
-229.80103116
-229.79950584
-229.79782399
-229.79776305
-229.79720978
-229.79541099
-229.79424747
-229.79370008
-229.79252950
-229.79170794
-229.79101498
-229.79058420
-229.78947148
-229.78886306
-229.78685312
-229.78670219
-229.78589157
-229.78494412
-229.78400794
-229.78267241
-229.78184564
-229.78003814
-229.77882679
-229.77827952
-229.77576499
-229.77544724
-229.77427438
-229.77369698
-229.77301990
-229.77240855
-229.76963210
-229.76935178
-229.76818704
-229.76809824
-229.76566679
-229.76517061
-229.76446588
-229.76334658
-229.76311089
-229.76117337
-229.76048705
-229.75997852
-229.75923328
-229.75752215
-229.75738134
-229.75611624
-229.75599393
-229.75451781
-229.75385411
-229.75221607
-229.75156831
-229.75106781
-229.74994669
-229.74980742
-229.74947463
-229.74866230
-229.74792040
-229.74715931
-229.74692363
-229.74668421
-229.74639448
-229.74541815
-229.74517714
-229.74487985
-229.74457580
-229.74365176
-229.74315667
-229.74301879
-229.74204993
-229.74188312
-229.74103690
-229.74074980
-229.73951134
-229.73900878
-229.73894240
-229.73863860
-229.73840493
-229.73747802
-229.73718483
-229.73672590
-229.73537652
-229.73507886
-229.73461921
-229.73406799
-229.73392488
-229.73349907
-229.73310709
-229.73208936
-229.73189050
-229.73033453
-229.72976425
-229.72881930
-229.72846694
-229.72765646
-229.72719584
-229.72684287
-229.72657369
-229.72626171
-229.72512806
-229.72477870
-229.72392437
-229.72350988
-229.72301744
-229.72270330
-229.72101351
-229.72087401
-229.71885671
-229.71841905
-229.71737587
-229.71722653
-229.71661291
-229.71618795
-229.71527404
-229.71481883
-229.71375018
-229.71200550
-229.71189349
-229.71137602
-229.71094759
-229.70982436
-229.70887579
-229.70855195
-229.70789899
-229.70780498
-229.70718174
-229.70611865
-229.70556043
-229.70407758
-229.70357710
-229.70244830
-229.70106022
-229.70047023
-229.70042873
-229.69970887
-229.69915045
-229.69817531
-229.69792329
-229.69726247
-229.69691354
-229.69648102
-229.69510062
-229.69439813
-229.69422471
-229.69308518
-229.69274151
-229.69245448
-229.69221591
-229.69084349
-229.68928729
-229.68801106
-229.68746152
-229.68720212
-229.68629092
-229.68577677
-229.68438207
-229.68390694
-229.68337715
-229.68201763
-229.68158216
-229.68114528
-229.68048835
-229.67921354
-229.67759487
-229.67728900
-229.67667757
-229.67617164
-229.67567835
-229.67444283
-229.67384939
-229.67351141
-229.67305221
-229.67249569
-229.67163147
-229.67128483
-229.67118125
-229.67047957
-229.67019115
-229.66948469
-229.66858423
-229.66794654
-229.66740925
-229.66713219
-229.66602640
-229.66502821
-229.66473989
-229.66395438
-229.66282207
-229.66240846
-229.66158285
-229.66059571
-229.65957886
-229.65931799
-229.65904302
-229.65849131
-229.65765131
-229.65758752
-229.65646155
-229.65569704
-229.65514346
-229.65400306
-229.65347303
-229.65287744
-229.65214549
-229.65159221
-229.65112816
-229.65057170
-229.64986014
-229.64908370
-229.64866253
-229.64692668
-229.64649505
-229.64547478
-229.64520971
-229.64428848
-229.64410291
-229.64326510
-229.64227472
-229.64195554
-229.64114416
-229.63966066
-229.63845755
-229.63791328
-229.63740086
-229.63697569
-229.63599311
-229.63513969
-229.63462831
-229.63377485
-229.63318008
-229.63228335
-229.63163902
-229.63118161
-229.63049074
-229.63026272
-229.62943522
-229.62908710
-229.62855557
-229.62820852
-229.62762312
-229.62750802
-229.62637152
-229.62502830
-229.62489502
-229.62470507
-229.62377729
-229.62335564
-229.62211944
-229.62140320
-229.62098568
-229.62086817
-229.61999247
-229.61906068
-229.61867434
-229.61796616
-229.61727276
-229.61685787
-229.61669938
-229.61645452
-229.61514903
-229.61473091
-229.61325591
-229.61321565
-229.61233741
-229.61203145
-229.61081849
-229.61021809
-229.60841603
-229.60743453
-229.60646008
-229.60629948
-229.60590884
-229.60537995
-229.60451284
-229.60296291
-229.60259447
-229.60181908
-229.60125740
-229.60065661
-229.59954804
-229.59924033
-229.59804880
-229.59744538
-229.59701053
-229.59628270
-229.59476323
-229.59373686
-229.59370807
-229.59330830
-229.59222316
-229.59158807
-229.59033029
-229.58819291
-229.58755518
-229.58690432
-229.58627194
-229.58343993
-229.58235203
-229.58205468
-229.58109768
-229.58075051
-229.57991946
-229.57858723
-229.57830088
-229.57707764
-229.57624862
-229.57538596
-229.57518457
-229.57324145
-229.57179571
-229.57139261
-229.57054946
-229.56833067
-229.56806381
-229.56751204
-229.56672544
-229.56483910
-229.56376593
-229.56240208
-229.56199735
-229.56080517
-229.56054971
-229.55997641
-229.55908588
-229.55778196
-229.55738075
-229.55700262
-229.55621591
-229.55503401
-229.55484691
-229.55418939
-229.55361654
-229.55344288
-229.55246439
-229.55214067
-229.55051396
-229.55020850
-229.54979679
-229.54925114
-229.54841084
-229.54815903
-229.54797785
-229.54671991
-229.54649760
-229.54614458
-229.54521401
-229.54458293
-229.54441652
-229.54298592
-229.54266524
-229.54195503
-229.54100102
-229.53990345
-229.53920196
-229.53907833
-229.53796190
-229.53639350
-229.53598787
-229.53576126
-229.53484999
-229.53430865
-229.53356490
-229.53237641
-229.53164119
-229.53108026
-229.53065855
-229.52916842
-229.52888909
-229.52787787
-229.52739623
-229.52676225
-229.52539877
-229.52498317
-229.52415070
-229.52364387
-229.52293112
-229.52269246
-229.52148248
-229.52001505
-229.51949920
-229.51899891
-229.51832370
-229.51790089
-229.51709387
-229.51612813
-229.51574026
-229.51485458
-229.51465035
-229.51392183
-229.51369553
-229.51273743
-229.51189962
-229.51125120
-229.51102433
-229.51064595
-229.51030540
-229.51023594
-229.50984535
-229.50929327
-229.50869799
-229.50799319
-229.50777916
-229.50686437
-229.50598273
-229.50575905
-229.50531738
-229.50442122
-229.50377917
-229.50314309
-229.50217187
-229.50155028
-229.50122312
-229.49973924
-229.49853002
-229.49829547
-229.49768685
-229.49623257
-229.49576261
-229.49521282
-229.49395183
-229.49273280
-229.49245781
-229.49212466
-229.49154396
-229.49073516
-229.49018784
-229.48968406
-229.48883104
-229.48841399
-229.48688572
-229.48617028
-229.48573576
-229.48505150
-229.48400410
-229.48343537
-229.48261098
-229.48208778
-229.48073723
-229.48048514
-229.47932328
-229.47840363
-229.47821161
-229.47719582
-229.47590521
-229.47534056
-229.47511420
-229.47427937
-229.47373353
-229.47289104
-229.47073711
-229.47058926
-229.46899706
-229.46853665
-229.46695451
-229.46623767
-229.46561632
-229.46463201
-229.46390007
-229.46311012
-229.46200091
-229.46049829
-229.45888174
-229.45812144
-229.45727819
-229.45697331
-229.45523476
-229.45352514
-229.45212278
-229.45156369
-229.45076150
-229.45020766
-229.44909755
-229.44716451
-229.44700063
-229.44583486
-229.44522080
-229.44456539
-229.44373434
-229.44364941
-229.44120785
-229.44078432
-229.43773218
-229.43723696
-229.43695489
-229.43593970
-229.43526514
-229.43483382
-229.43293750
-229.43234808
-229.43123966
-229.43064779
-229.42993992
-229.42880834
-229.42825376
-229.42795548
-229.42746461
-229.42668940
-229.42644433
-229.42560692
-229.42478250
-229.42211608
-229.42126374
-229.42006238
-229.41927166
-229.41843522
-229.41731105
-229.41654828
-229.41609277
-229.41569777
-229.41432337
-229.41408136
-229.41350292
-229.41208899
-229.41188689
-229.41040340
-229.40982870
-229.40874609
-229.40842471
-229.40804651
-229.40739186
-229.40687131
-229.40549085
-229.40518569
-229.40464894
-229.40382078
-229.40339959
-229.40194912
-229.40175787
-229.40085906
-229.40012595
-229.39825500
-229.39725573
-229.39687721
-229.39520228
-229.39408216
-229.39279683
-229.39204643
-229.39142657
-229.39088980
-229.38975910
-229.38798020
-229.38763068
-229.38699013
-229.38599962
-229.38506347
-229.38410123
-229.38408798
-229.38242136
-229.38186112
-229.38124308
-229.38116594
-229.38056650
-229.38010091
-229.37836273
-229.37814398
-229.37750712
-229.37633996
-229.37539985
-229.37510267
-229.37307248
-229.37232696
-229.37187603
-229.37111338
-229.37013430
-229.36913254
-229.36860423
-229.36736818
-229.36685660
-229.36472863
-229.36432938
-229.36378426
-229.36310151
-229.36220521
-229.36106882
-229.35932824
-229.35758762
-229.35620342
-229.35570489
-229.35320910
-229.35212292
-229.35088028
-229.34999710
-229.34929545
-229.34834179
-229.34696441
-229.34624945
-229.34536091
-229.34421785
-229.34383181
-229.34344364
-229.34197996
-229.34146321
-229.34000641
-229.33953697
-229.33851786
-229.33730427
-229.33643137
-229.33575424
-229.33519780
-229.33343334
-229.33322488
-229.33157863
-229.33049115
-229.32885972
-229.32822209
-229.32683295
-229.32592284
-229.32497646
-229.32368810
-229.32302162
-229.32243730
-229.32140849
-229.32098570
-229.31960347
-229.31921990
-229.31785685
-229.31695999
-229.31636467
-229.31498033
-229.31414859
-229.31382225
-229.31311943
-229.31238497
-229.31117626
-229.31016755
-229.30902472
-229.30784939
-229.30645845
-229.30496896
-229.30456149
-229.30381626
-229.30125191
-229.30008383
-229.29841882
-229.29735825
-229.29647163
-229.29560490
-229.29410564
-229.29316574
-229.29310216
-229.29237060
-229.29075028
-229.28917768
-229.28834025
-229.28773022
-229.28693173
-229.28637398
-229.28620444
-229.28508347
-229.28272022
-229.28141107
-229.28055029
-229.27918699
-229.27852058
-229.27782702
-229.27646228
-229.27565174
-229.27491034
-229.27397729
-229.27336440
-229.27197277
-229.27011774
-229.26792230
-229.26675308
-229.26522278
-229.26421899
-229.26414628
-229.26316372
-229.26019281
-229.25980412
-229.25760667
-229.25672370
-229.25458276
-229.25275375
-229.25183024
-229.25055007
-229.24884182
-229.24731238
-229.24201612
-229.24005501
-229.23870891
-229.23717749
-229.23655066
-229.23550046
-229.23373806
-229.23176516
-229.23117099
-229.23088153
-229.22997711
-229.22882636
-229.22549685
-229.22448899
-229.22424844
-229.22171226
-229.22109871
-229.21955239
-229.21825719
-229.21795236
-229.21678125
-229.21571748
-229.21482378
-229.21410978
-229.21316594
-229.21213944
-229.20992912
-229.20962688
-229.20867635
-229.20778561
-229.20744646
-229.20585600
-229.20456515
-229.20387846
-229.20314510
-229.20257768
-229.20020928
-229.20010060
-229.19799301
-229.19726156
-229.19688040
-229.19554145
-229.19354885
-229.19284637
-229.18995653
-229.18904457
-229.18734777
-229.18545738
-229.18461820
-229.18392988
-229.18108614
-229.18056806
-229.17896841
-229.17796267
-229.17692629
-229.17510697
-229.17419372
-229.17294504
-229.17214333
-229.17094833
-229.16934761
-229.16784650
-229.16657832
-229.16515084
-229.16479405
-229.16349047
-229.16223152
-229.16108332
-229.16007673
-229.15959090
-229.15714562
-229.15648521
-229.15516897
-229.15335372
-229.15207998
-229.14963262
-229.14891168
-229.14730891
-229.14634865
-229.14559957
-229.14293494
-229.14230846
-229.14195092
-229.14106989
-229.13830535
-229.13712411
-229.13621377
-229.13576410
-229.13526738
-229.13299569
-229.13234875
-229.13114491
-229.13045326
-229.12836318
-229.12751979
-229.12658539
-229.12469833
-229.12335850
-229.12199939
-229.12046610
-229.11831094
-229.11663691
-229.11588734
-229.11278850
-229.11033795
-229.10921038
-229.10905204
-229.10710920
-229.10520496
-229.10278362
-229.10209471
-229.10099194
-229.10079738
-229.09976627
-229.09773753
-229.09569565
-229.09493746
-229.09357708
-229.09055269
-229.08906716
-229.08804699
-229.08479633
-229.08319034
-229.08096426
-229.08031226
-229.07818996
-229.07589868
-229.07446886
-229.07405351
-229.07110634
-229.06938151
-229.06888374
-229.06737730
-229.06533562
-229.06106811
-229.06004549
-229.05866672
-229.05711481
-229.05599651
-229.05471093
-229.05280657
-229.05189872
-229.05124187
-229.05022301
-229.04940367
-229.04877324
-229.04744005
-229.04670964
-229.04450856
-229.04384796
-229.04315406
-229.03993127
-229.03690631
-229.03658902
-229.03576665
-229.03379053
-229.03328927
-229.02875306
-229.02783538
-229.02610481
-229.02525672
-229.02408833
-229.02044386
-229.01962000
-229.01600724
-229.01346647
-229.01313095
-229.01229334
-229.00974543
-229.00932737
-229.00683692
-229.00644647
-229.00432399
-229.00273471
-229.00115067
-229.00013185
-228.99801462
-228.99665671
-228.99642763
-228.99579858
-228.99399733
-228.99223861
-228.99215752
-228.99112999
-228.98900049
-228.98863059
-228.98792892
-228.98677077
-228.98526216
-228.98420299
-228.98266418
-228.98234938
-228.98088539
-228.97957866
-228.97820905
-228.97658237
-228.97486406
-228.97373267
-228.97174927
-228.96994405
-228.96894125
-228.96721948
-228.96587915
-228.96443991
-228.96368052
-228.96253871
-228.96130785
-228.96024443
-228.95846418
-228.95641763
-228.95635037
-228.95248879
-228.95220485
-228.95076636
-228.94822768
-228.94705875
-228.94597652
-228.94187405
-228.93857973
-228.93620976
-228.93579380
-228.93438019
-228.93313748
-228.93292995
-228.93076626
-228.92997588
-228.92910717
-228.92852488
-228.92719428
-228.92645973
-228.92530770
-228.92421389
-228.92265109
-228.92252205
-228.92157373
-228.91981498
-228.91898087
-228.91804485
-228.91709346
-228.91587989
-228.91564183
-228.91388381
-228.91238126
-228.91027523
-228.90738973
-228.90387915
-228.90320024
-228.90153930
-228.89999879
-228.89908390
-228.89734126
-228.89536182
-228.89375411
-228.89202167
-228.89064856
-228.88959786
-228.88808686
-228.88686756
-228.88607878
-228.88287755
-228.88089769
-228.87961268
-228.87763263
-228.87456051
-228.87344326
-228.87283623
-228.86844939
-228.86790798
-228.86603819
-228.86563253
-228.86401992
-228.86302726
-228.86084178
-228.85658315
-228.85622627
-228.85527068
-228.85281750
-228.85205343
-228.85189939
-228.85045625
-228.84946721
-228.84912669
-228.84804041
-228.84682789
-228.84486594
-228.84460610
-228.84345877
-228.84254108
-228.84142317
-228.84029192
-228.84008918
-228.83870113
-228.83773245
-228.83739211
-228.83580690
-228.83465897
-228.83416587
-228.83389750
-228.83269019
-228.83042632
-228.82983086
-228.82873906
-228.82523090
-228.82438219
-228.82408869
-228.82298049
-228.82127164
-228.81971011
-228.81850020
-228.81768600
-228.81574406
-228.81356231
-228.81122894
-228.80985747
-228.80923265
-228.80869686
-228.80690679
-228.80490392
-228.80321921
-228.80268760
-228.80183722
-228.80128932
-228.80025615
-228.79878381
-228.79718730
-228.79361995
-228.79240173
-228.79173505
-228.79085524
-228.78831925
-228.78728915
-228.78588735
-228.78425871
-228.78210041
-228.78104046
-228.77938840
-228.77782616
-228.77715710
-228.77472295
-228.77446583
-228.77267517
-228.77066331
-228.76919043
-228.76834728
-228.76734689
-228.76540116
-228.76494113
-228.76334688
-228.76241300
-228.76073665
-228.75900161
-228.75737670
-228.75688322
-228.75497023
-228.75299419
-228.75204379
-228.74935854
-228.74903369
-228.74763322
-228.74558685
-228.74249380
-228.74084161
-228.73901501
-228.73839282
-228.73579127
-228.73415207
-228.73371522
-228.73247646
-228.72924485
-228.72888102
-228.72761852
-228.72598578
-228.72508525
-228.72454976
-228.72223858
-228.72117296
-228.71991317
-228.71909714
-228.71641860
-228.71529639
-228.71379229
-228.71278759
-228.71076358
-228.71051590
-228.71001290
-228.70817005
-228.70485561
-228.70408769
-228.70323370
-228.70171507
-228.70068938
-228.69896548
-228.69752010
-228.69531791
-228.69447797
-228.69407186
-228.69227403
-228.69181129
-228.68978680
-228.68731462
-228.68637546
-228.68600809
-228.68492405
-228.68378960
-228.68291525
-228.68160967
-228.67987409
-228.67913074
-228.67791267
-228.67726244
-228.67456401
-228.67319342
-228.67096999
-228.66892290
-228.66646806
-228.66605041
-228.66508048
-228.66476792
-228.66352836
-228.66320838
-228.66090872
-228.66060537
-228.65912820
-228.65590434
-228.65517678
-228.65489576
-228.65314899
-228.65286308
-228.65034015
-228.64908810
-228.64767887
-228.64569617
-228.64514120
-228.64478832
-228.64328922
-228.64212166
-228.64157956
-228.64083321
-228.63936378
-228.63810253
-228.63669658
-228.63593434
-228.63228070
-228.63039676
-228.62961686
-228.62641258
-228.62410573
-228.62266205
-228.62048264
-228.62010605
-228.61901413
-228.61713204
-228.61511936
-228.61418673
-228.61137597
-228.61102086
-228.61055775
-228.60879572
-228.60739739
-228.60615737
-228.60384291
-228.60217317
-228.60085979
-228.59836499
-228.59792718
-228.59748802
-228.59588545
-228.59400943
-228.59304454
-228.59248057
-228.58978144
-228.58860406
-228.58822179
-228.58738444
-228.58506989
-228.58247973
-228.58097408
-228.57898333
-228.57886044
-228.57514494
-228.57452497
-228.57317205
-228.57128719
-228.57055359
-228.56837698
-228.56777739
-228.56653940
-228.56400616
-228.56037756
-228.55871930
-228.55792908
-228.55593484
-228.55507745
-228.55287007
-228.55120942
-228.54992631
-228.54897119
-228.54858192
-228.54725058
-228.54618474
-228.54392722
-228.54251382
-228.54108809
-228.53979133
-228.53777885
-228.53666933
-228.53561592
-228.53441508
-228.53040723
-228.52918550
-228.52805063
-228.52675687
-228.52500346
-228.52459837
-228.52260140
-228.52189957
-228.52074071
-228.51916752
-228.51679607
-228.51655270
-228.51536842
-228.51428230
-228.51328897
-228.51066273
-228.50875271
-228.50855266
-228.50650450
-228.50455860
-228.50221120
-228.50041464
-228.49951860
-228.49766723
-228.49684521
-228.49519815
-228.49230519
-228.49159611
-228.48872263
-228.48795630
-228.48664306
-228.48564825
-228.48479322
-228.48331493
-228.48290414
-228.48108267
-228.47899549
-228.47810885
-228.47751069
-228.47547666
-228.47531282
-228.47254390
-228.47156681
-228.47110458
-228.46957448
-228.46745629
-228.46586900
-228.46454257
-228.46321969
-228.46279296
-228.46015098
-228.45867614
-228.45784347
-228.45699339
-228.45575316
-228.45409312
-228.45132890
-228.45109499
-228.44938680
-228.44868813
-228.44660151
-228.44604720
-228.44376330
-228.44272080
-228.44047882
-228.44006534
-228.43855969
-228.43748404
-228.43641414
-228.43570777
-228.43429655
-228.43384050
-228.43267462
-228.43030785
-228.42917272
-228.42844031
-228.42769197
-228.42664327
-228.42620578
-228.42305514
-228.42265000
-228.42179212
-228.42051347
-228.41994886
-228.41853417
-228.41731629
-228.41595818
-228.41360976
-228.41302920
-228.41035808
-228.40858223
-228.40823552
-228.40473216
-228.40407781
-228.40285931
-228.40189172
-228.39972070
-228.39921962
-228.39884942
-228.39593790
-228.39409372
-228.39109831
-228.39078720
-228.38823871
-228.38745952
-228.38515982
-228.38364936
-228.38176681
-228.38095419
-228.37977758
-228.37728529
-228.37645597
-228.37602327
-228.37547135
-228.37378364
-228.37275931
-228.37108497
-228.36966138
-228.36739560
-228.36603462
-228.36510004
-228.36420535
-228.36386349
-228.36369145
-228.36209229
-228.36017026
-228.35914547
-228.35680167
-228.35542008
-228.35377669
-228.35151180
-228.35092120
-228.34739199
-228.34711996
-228.34486209
-228.34311405
-228.34069687
-228.34013959
-228.34002998
-228.33781855
-228.33750253
-228.33641198
-228.33452575
-228.33231615
-228.33017396
-228.32691521
-228.32573879
-228.32337678
-228.32281479
-228.32155515
-228.31944734
-228.31699295
-228.31576082
-228.31243768
-228.31229528
-228.30999510
-228.30932454
-228.30720370
-228.30621939
-228.30485098
-228.30453026
-228.30388307
-228.30236056
-228.30149631
-228.29966866
-228.29825937
-228.29694067
-228.29669899
-228.29553047
-228.29472749
-228.29377822
-228.28998878
-228.28922454
-228.28712793
-228.28574382
-228.28530525
-228.28351299
-228.28166020
-228.28032329
-228.27951568
-228.27653823
-228.27611969
-228.27531495
-228.27306795
-228.27256872
-228.27019150
-228.26911827
-228.26804363
-228.26732823
-228.26535669
-228.26474742
-228.26399562
-228.26303176
-228.26108676
-228.25911436
-228.25867928
-228.25750092
-228.25707675
-228.25526145
-228.25489128
-228.25241255
-228.25202848
-228.25164127
-228.25015901
-228.24854482
-228.24725098
-228.24668049
-228.24316237
-228.24121063
-228.23953601
-228.23844602
-228.23689010
-228.23410915
-228.23309142
-228.23123120
-228.22990261
-228.22832864
-228.22670004
-228.22530212
-228.22454120
-228.22391751
-228.22105914
-228.21943021
-228.21780012
-228.21569418
-228.21390462
-228.21216792
-228.21092629
-228.21047034
-228.20778426
-228.20659044
-228.20554882
-228.20518065
-228.20425351
-228.20124680
-228.20010128
-228.19826534
-228.19720602
-228.19513062
-228.19486744
-228.19270856
-228.19076750
-228.18940120
-228.18903257
-228.18832449
-228.18697339
-228.18591763
-228.18488853
-228.18319232
-228.18174440
-228.17990547
-228.17891033
-228.17858255
-228.17764681
-228.17497560
-228.17462735
-228.17389998
-228.17180601
-228.17023844
-228.16896168
-228.16770988
-228.16517380
-228.16366031
-228.16267942
-228.16180818
-228.15964274
-228.15774953
-228.15615192
-228.15378395
-228.15280623
-228.15217881
-228.15069135
-228.14946340
-228.14846844
-228.14612817
-228.14386382
-228.14293548
-228.14127142
-228.14077670
-228.13970743
-228.13890143
-228.13500502
-228.13197036
-228.12707606
-228.12648006
-228.12412852
-228.12035140
-228.11985373
-228.11864287
-228.11836132
-228.11650129
-228.11529066
-228.11288907
-228.11174977
-228.10791562
-228.10732430
-228.10626257
-228.10291087
-228.10245283
-228.10053488
-228.09928403
-228.09755218
-228.09540181
-228.09417300
-228.09250689
-228.09188393
-228.08936177
-228.08779368
-228.08519955
-228.08449536
-228.08372225
-228.08099487
-228.07934037
-228.07853987
-228.07521430
-228.07404773
-228.07265684
-228.07201338
-228.06931487
-228.06551199
-228.06530880
-228.06395266
-228.06102362
-228.05859254
-228.05738517
-228.05562220
-228.05347084
-228.05067116
-228.05005437
-228.04967202
-228.04658300
-228.04497376
-228.04118510
-228.04047794
-228.03887651
-228.03717633
-228.03377859
-228.03271702
-228.02958770
-228.02663629
-228.02602128
-228.02343508
-228.02163231
-228.02049005
-228.01978717
-228.01855795
-228.01756414
-228.01673875
-228.01597496
-228.01389908
-228.01077622
-228.00760659
-228.00644061
-228.00299523
-228.00096792
-227.99969216
-227.99677688
-227.99544160
-227.99349866
-227.99104224
-227.98942967
-227.98838833
-227.98713315
-227.98641757
-227.98331151
-227.98267431
-227.98099602
-227.97884890
-227.97334303
-227.97269182
-227.96987848
-227.96787673
-227.96625125
-227.96514164
-227.96306714
-227.96112682
-227.95976602
-227.95801392
-227.95714872
-227.95547525
-227.95242691
-227.95053516
-227.94870206
-227.94758995
-227.94612037
-227.94519556
-227.94335564
-227.94114154
-227.94015146
-227.93930958
-227.93815263
-227.93482660
-227.93310105
-227.93273036
-227.92804320
-227.92561535
-227.92220129
-227.91938336
-227.91754416
-227.91237439
-227.91167374
-227.90952357
-227.90736870
-227.90593313
-227.90339086
-227.89953640
-227.89799331
-227.89391914
-227.89049995
-227.88756154
-227.88707751
-227.88663702
-227.88456344
-227.88262287
-227.87926464
-227.87883554
-227.87661541
-227.87591229
-227.87538871
-227.87192110
-227.86993014
-227.86149936
-227.86115460
-227.85825283
-227.85764882
-227.85337570
-227.85237615
-227.85034012
-227.84919596
-227.84805235
-227.84688821
-227.84246717
-227.84067406
-227.83925547
-227.83421079
-227.83390084
-227.83253491
-227.82914329
-227.82486785
-227.82376584
-227.82328664
-227.81999679
-227.81700130
-227.81336851
-227.81105836
-227.80972761
-227.80351080
-227.80279605
-227.80223107
-227.79896878
-227.79695120
-227.79465575
-227.79427309
-227.78422770
-227.78214196
-227.77998982
-227.77875794
-227.77418858
-227.77279168
-227.77258763
-227.77001849
-227.76956375
-227.76502588
-227.76341526
-227.76148833
-227.75937936
-227.75839140
-227.75413511
-227.74948377
-227.74540410
-227.74285344
-227.74182718
-227.73941512
-227.73811252
-227.73503974
-227.73229727
-227.73171778
-227.72988730
-227.72486935
-227.72339613
-227.72132663
-227.71716269
-227.71514096
-227.71270119
-227.71136612
-227.70827526
-227.70621218
-227.70263703
-227.69885077
-227.69429094
-227.69300522
-227.69033851
-227.68862477
-227.68601843
-227.68336488
-227.68267597
-227.68044372
-227.67598142
-227.67088207
-227.66991534
-227.66847115
-227.66603157
-227.66268768
-227.65989583
-227.65765922
-227.65667040
-227.65561498
-227.65161975
-227.64851558
-227.64639681
-227.64439662
-227.64330212
-227.63290979
-227.63207232
-227.62405694
-227.62210689
-227.61858790
-227.61716921
-227.61513350
-227.61374645
-227.61238877
-227.61157202
-227.61022422
-227.60706780
-227.60533121
-227.60225702
-227.59993668
-227.59742240
-227.59590525
-227.59281549
-227.59145209
-227.58843404
-227.58594607
-227.57978835
-227.57197895
-227.56992278
-227.56666696
-227.56465169
-227.56192309
-227.56107467
-227.55867042
-227.55703149
-227.55355290
-227.55219696
-227.54518584
-227.54205530
-227.53984832
-227.53823792
-227.53391898
-227.53104373
-227.52698879
-227.52502947
-227.52255663
-227.52154176
-227.51870078
-227.51557068
-227.51099300
-227.50963854
-227.50899090
-227.50398490
-227.50205337
-227.50017448
-227.49814528
-227.49603043
-227.48920163
-227.48578528
-227.48442561
-227.47769816
-227.47645523
-227.47623199
-227.47093244
-227.46462834
-227.45906777
-227.45749881
-227.45266697
-227.44918232
-227.44673365
-227.44530591
-227.44436716
-227.44342134
-227.44098483
-227.43914994
-227.43739745
-227.43536782
-227.43094069
-227.42976998
-227.42068326
-227.41643305
-227.41380713
-227.40868720
-227.40665184
-227.40484534
-227.39942468
-227.39423722
-227.39181685
-227.38665197
-227.38277901
-227.38050722
-227.37920095
-227.37658125
-227.37556559
-227.36947879
-227.36807080
-227.36392388
-227.36053148
-227.35734732
-227.35353906
-227.35128049
-227.34926918
-227.34352962
-227.34247984
-227.33833697
-227.33046961
-227.32437723
-227.32297128
-227.31755489
-227.31664154
-227.31510263
-227.31113281
-227.30903930
-227.29989755
-227.29830418
-227.29449483
-227.29119499
-227.28878562
-227.27949414
-227.27822858
-227.27530801
-227.27407030
-227.26972409
-227.26893947
-227.26637198
-227.26033716
-227.25440105
-227.25276947
-227.24459757
-227.24346522
-227.23767080
-227.23551349
-227.22742046
-227.22082347
-227.21569616
-227.20911008
-227.20678099
-227.20564923
-227.20294756
-227.19894241
-227.19781071
-227.19173791
-227.18845038
-227.18210209
-227.17657740
-227.17151109
-227.17006155
-227.16779585
-227.16453586
-227.16224599
-227.16052642
-227.15123312
-227.14570627
-227.14105784
-227.13688379
-227.13371486
-227.12835797
-227.12411712
-227.11938599
-227.11564341
-227.11384212
-227.10818946
-227.10099997
-227.08808515
-227.08736457
-227.08027722
-227.07841752
-227.07487697
-227.07348718
-227.06674575
-227.06589857
-227.06431289
-227.05937065
-227.05410585
-227.04908502
-227.03682173
-227.03502801
-227.03259587
-227.02944423
-227.01752914
-227.00563607
-227.00528401
-227.00009390
-226.99319280
-226.98509372
-226.98078402
-226.97228307
-226.96195592
-226.94903318
-226.94561236
-226.94298545
-226.93754552
-226.93091191
-226.92404973
-226.92238115
-226.91410351
-226.91001733
-226.90628435
-226.90504202
-226.89746064
-226.89004925
-226.88304880
-226.86719845
-226.86570037
-226.85731754
-226.84556806
-226.83361814
-226.82729996
-226.82393160
-226.81926588
-226.81227754
-226.81121562
-226.80415989
-226.80219834
-226.79948593
-226.79862097
-226.79756296
-226.79359763
-226.78477611
-226.76741782
-226.75218730
-226.74717220
-226.74150585
-226.72967108
-226.71389507
-226.70689835
-226.69321305
-226.68775588
-226.66779797
-226.65056603
-226.65000390
-226.63242435
-226.61758383
-226.61437775
-226.59393698
-226.59271104
-226.58142041
-226.57401608
-226.57104445
-226.54205767
-226.53735728
-226.51964697
-226.49299109
-226.46161513
-226.42949156
-226.41421111
-226.41083290
-226.39939883
-226.38286211
-226.30256151
-226.30070353
-226.29304290
-226.27253674
-226.12613427
-226.12067734
-225.99898054
-225.90852578
-225.90652641
-225.76107100
-225.74474645
-225.72801781
-225.65481383
-225.64831102
-225.63378425
-225.57488515
-225.52585829
-225.41428135
-225.41181206
-225.23613913
-225.22881615
-225.10652353
-219.85787323
-219.85359041
-219.85148175
-219.85006396
-219.84862292
-219.84740374
-219.68654716
-219.68348794
-219.68247359
-219.68095353
-219.67848190
-219.66398161
-219.63574608
-219.63360926
-219.62950255
-219.62892752
-219.62684137
-219.62392636
-219.56926175
-219.56910623
-219.56791748
-219.56606611
-219.56510761
-219.56476498
-219.56455751
-219.56077342
-219.56037609
-219.55817652
-219.55717359
-219.55692820
-219.55642594
-219.55496044
-219.55416012
-219.55339857
-219.55247083
-219.55125306
-219.54475068
-219.54151761
-219.54137489
-219.53817843
-219.53650584
-219.53645738
-219.53544468
-219.53324232
-219.53150557
-219.52964205
-219.52811523
-219.52764653
-219.52693473
-219.52600672
-219.52534392
-219.52498483
-219.52386390
-219.52317453
-219.51511912
-219.51360681
-219.51197246
-219.50999241
-219.50925815
-219.50904846
-219.50889868
-219.50341761
-219.50154722
-219.49904206
-219.49805841
-219.49724819
-219.49680047
-219.49613753
-219.49556183
-219.49518386
-219.49432256
-219.49380974
-219.49217414
-219.49195058
-219.49168398
-219.49123219
-219.48912182
-219.48861022
-219.48769445
-219.48742222
-219.48654232
-219.48614399
-219.48356481
-219.48213054
-219.48193075
-219.48117116
-219.48003801
-219.47990120
-219.47953015
-219.47895457
-219.47869994
-219.47791386
-219.47578615
-219.47508108
-219.47471855
-219.47375097
-219.46115124
-219.45906312
-219.45900948
-219.45786329
-219.45635214
-219.45622421
-219.45421680
-219.45397396
-219.45339183
-219.45246159
-219.45136350
-219.45008305
-219.44997852
-219.44932019
-219.44887320
-219.44696662
-219.44575543
-219.44544332
-219.44456672
-219.44390614
-219.44327156
-219.44286640
-219.44253436
-219.44176034
-219.44119538
-219.43967032
-219.43891480
-219.43811229
-219.43744119
-219.43726237
-219.43582988
-219.43243849
-219.42912739
-219.42891650
-219.42801588
-219.42791668
-219.42760271
-219.42712375
-219.42603121
-219.42553890
-219.42397919
-219.42331526
-219.42239568
-219.42210827
-219.42176962
-219.42010741
-219.42000059
-219.41840988
-219.41830124
-219.41781099
-219.41704892
-219.41545836
-219.41408423
-219.41289211
-219.41146596
-219.40824097
-219.40755628
-219.40729940
-219.40511990
-219.40499824
-219.40472728
-219.40458986
-219.40399007
-219.40192480
-219.40055161
-219.39989925
-219.39979419
-219.39933193
-219.39884555
-219.39691919
-219.39415345
-219.39396484
-219.39198283
-219.38938909
-219.38824009
-219.38702888
-219.38563511
-219.38275806
-219.38102582
-219.37910110
-219.37509356
-219.37334878
-219.37238364
-219.36944016
-219.36408803
-219.36337843
-219.36173494
-219.36131841
-219.36096400
-219.36003478
-219.35912542
-219.35864667
-219.35780518
-219.35540862
-219.35472632
-219.35418429
-219.35379584
-219.35365308
-219.35115407
-219.34962363
-219.34891900
-219.34632871
-219.33256538
-219.32750360
-219.32706748
-219.32663890
-219.32323752
-219.32273892
-219.32224344
-219.32141267
-219.32088373
-219.32014946
-219.31837446
-219.31719321
-219.31666507
-219.31579224
-219.31436091
-219.31362226
-219.31175282
-219.31133605
-219.31102752
-219.31028376
-219.30981767
-219.30612175
-219.30570236
-219.30467279
-219.30333984
-219.30316745
-219.30185063
-219.29785523
-219.29713204
-219.29680545
-219.29063518
-219.28802942
-219.28489982
-219.28344528
-219.28148428
-219.27641486
-219.27629789
-219.27370095
-219.27337614
-219.27044702
-219.27022603
-219.26840421
-219.26532144
-219.26485953
-219.26124107
-219.25968119
-219.25941968
-219.25852257
-219.25625539
-219.25538752
-219.25484759
-219.25417712
-219.25318038
-219.25116822
-219.24813736
-219.24509121
-219.24491824
-219.23795273
-219.23234182
-219.22989166
-219.22952272
-219.22864815
-219.22782754
-219.22628065
-219.22475101
-219.22325439
-219.22292489
-219.22284601
-219.22135092
-219.22132447
-219.21824004
-219.21581466
-219.21501263
-219.21190353
-219.21106912
-219.20827637
-219.20632592
-219.20597225
-219.20435357
-219.20254764
-219.20034447
-219.19910317
-219.19882445
-219.19855571
-219.19737774
-219.19682776
-219.19672261
-219.19597826
-219.19492749
-219.19394923
-219.19182215
-219.19016775
-219.18971942
-219.18822210
-219.18717757
-219.18639831
-219.18173255
-219.17949217
-219.17722543
-219.17641489
-219.17402786
-219.17360808
-219.17272507
-219.16973470
-219.16930175
-219.16856574
-219.16392155
-219.16371815
-219.16342050
-219.16248728
-219.16184637
-219.15905155
-219.15734984
-219.15721123
-219.13570369
-219.13129832
-219.12867679
-219.12775845
-219.12670350
-219.12577830
-219.12490047
-219.12438427
-219.12429048
-219.12399803
-219.11982273
-219.11931071
-219.11894947
-219.11866647
-219.11798564
-219.11790296
-219.11586432
-219.11098460
-219.10853876
-219.10765484
-219.10669515
-219.10411576
-219.10331553
-219.09869773
-219.09146289
-219.09090108
-219.08923207
-219.08748764
-219.08678803
-219.08644476
-219.08461032
-219.08384837
-219.08358509
-219.08355680
-219.08342210
-219.08259411
-219.08222089
-219.08063789
-219.07904741
-219.07862859
-219.07834298
-219.07820708
-219.06854004
-219.06823742
-219.06451646
-219.06374873
-219.06311369
-219.06075751
-219.05904483
-219.05827599
-219.05809840
-219.05529345
-219.05345498
-219.05113928
-219.03643223
-219.03594174
-219.03308636
-219.03092285
-219.03054422
-219.02974935
-219.02933349
-219.02897304
-219.02700456
-219.02396580
-219.02362889
-219.02248039
-219.02053763
-219.01978236
-219.01841964
-219.01739485
-219.01607874
-219.01356119
-219.01223176
-219.01172836
-219.00730138
-219.00646798
-219.00540504
-219.00460877
-219.00349239
-219.00102350
-218.99998894
-218.99922944
-218.99868579
-218.99748326
-218.99282907
-218.99071893
-218.98981025
-218.98768144
-218.98694911
-218.98449145
-218.97579160
-218.97436326
-218.97290387
-218.97002462
-218.96926159
-218.96750972
-218.96456887
-218.96435462
-218.96399682
-218.96134506
-218.95964583
-218.95951884
-218.95651956
-218.95602800
-218.95435584
-218.95373552
-218.95250770
-218.95092826
-218.95071792
-218.95062291
-218.95006539
-218.94715039
-218.94623407
-218.94493283
-218.94248825
-218.94235457
-218.94145545
-218.94077088
-218.93442172
-218.93119404
-218.92789797
-218.92345246
-218.92273525
-218.91865780
-218.91477486
-218.91124648
-218.91012049
-218.90876243
-218.90645571
-218.90446961
-218.90373870
-218.90137735
-218.90080301
-218.89906200
-218.89875090
-218.89857392
-218.89832585
-218.89388342
-218.89321908
-218.89266506
-218.89167589
-218.88506790
-218.88262207
-218.87601997
-218.86683898
-218.86408077
-218.86314027
-218.86289871
-218.86223489
-218.85924998
-218.85765387
-218.85625575
-218.85561151
-218.85452438
-218.85291742
-218.85057677
-218.84214970
-218.83706219
-218.83282907
-218.83203542
-218.83112016
-218.83016957
-218.82701302
-218.82689910
-218.82456008
-218.82357922
-218.82037330
-218.81907218
-218.81756305
-218.81716098
-218.81506663
-218.81440031
-218.80688319
-218.80463421
-218.80102205
-218.79944037
-218.79931765
-218.79798134
-218.79762067
-218.79729848
-218.79606419
-218.79321332
-218.79293760
-218.78895004
-218.78550797
-218.78509433
-218.78500751
-218.78346180
-218.78112353
-218.78026518
-218.77922490
-218.77813110
-218.77668470
-218.77608712
-218.77002671
-218.76965552
-218.76582456
-218.76571101
-218.76467779
-218.76409180
-218.76401623
-218.76159423
-218.75830214
-218.75766471
-218.75685781
-218.75617985
-218.75264034
-218.75209176
-218.74958060
-218.74788621
-218.74028875
-218.73560587
-218.73477836
-218.73354883
-218.73292163
-218.73233925
-218.73089612
-218.72697166
-218.72357077
-218.72275742
-218.72186639
-218.72032039
-218.71920032
-218.71837318
-218.71744374
-218.71737608
-218.71151705
-218.70677275
-218.70598964
-218.70439118
-218.70087619
-218.70045471
-218.69988681
-218.69514629
-218.69160029
-218.68879593
-218.68534434
-218.68431839
-218.68131976
-218.67784721
-218.65603096
-218.65536815
-218.65375994
-218.65338706
-218.65102330
-218.64985614
-218.62665328
-218.62602593
-218.62383556
-218.62105923
-218.61919827
-218.61792854
-218.61071378
-218.60904041
-218.60427336
-218.60324754
-218.58703740
-218.58331042
-218.58115918
-218.58102773
-218.58002589
-218.57656579
-218.57513981
-218.57457255
-218.57389183
-218.57241558
-218.57197407
-218.57062520
-218.57016323
-218.56778538
-218.56102202
-218.55422898
-218.54947874
-218.54921749
-218.54085032
-218.53912005
-218.49417065
-218.49157278
-218.48577309
-218.47977962
-218.47753110
-218.47668524
-218.45701961
-218.45356557
-218.45316011
-218.45202606
-218.44650311
-218.44354739
-218.43288419
-218.42777938
-218.42494534
-218.41764817
-218.41315301
-218.40982312
-218.38657137
-218.37930483
-218.37680116
-218.37673727
-218.36575657
-218.36164127
-218.32393808
-218.31959275
-218.31604034
-218.30773121
-218.30604471
-218.30550240
-218.30404908
-218.30359929
-218.30291998
-218.30141848
-218.29743363
-218.29680018
-218.29147050
-218.28756655
-218.28723592
-218.28498495
-218.28295791
-218.28242717
-218.27580401
-218.26575599
-218.26369714
-218.26015827
-218.25714404
-218.24898379
-218.24314688
-218.23987329
-218.23942992
-218.23862320
-218.23519537
-218.22827565
-218.22551840
-218.22212888
-218.21777935
-218.21702650
-218.21131395
-218.20980422
-218.20549089
-218.19846898
-218.19752542
-218.19615405
-218.19351492
-218.19332098
-218.17798345
-218.17337301
-218.17252449
-218.17205968
-218.17143956
-218.16763650
-218.15681197
-218.15387625
-218.15124623
-218.14766027
-218.14458196
-218.14321743
-218.13938170
-218.13631538
-218.13202685
-218.13149442
-218.12675270
-218.12446869
-218.12415812
-218.12075326
-218.12000587
-218.11725816
-218.11648736
-218.10866291
-218.08256812
-218.08155454
-218.07989604
-218.07845383
-218.07600360
-218.07527052
-218.07466561
-218.07412542
-218.07401563
-218.07204130
-218.06752766
-218.06684735
-218.06663110
-218.06511427
-218.06125693
-218.06001582
-218.05870663
-218.05722232
-218.05703478
-218.05541734
-218.05311238
-218.05309137
-218.05267937
-218.04671692
-218.04257983
-218.04222011
-218.03888502
-218.03684503
-218.03319995
-218.02908483
-218.02456812
-218.02420684
-218.02159783
-218.01790954
-218.01561098
-218.01379880
-218.01349115
-218.01301422
-218.00904913
-218.00708574
-218.00621899
-218.00383612
-218.00304789
-217.99981921
-217.99910842
-217.99703211
-217.99353500
-217.99073314
-217.98647665
-217.97711173
-217.97559490
-217.97463912
-217.97387613
-217.97169377
-217.94406380
-217.94211210
-217.94055500
-217.94005754
-217.93667358
-217.93405822
-217.92562775
-217.92483980
-217.92410825
-217.92247638
-217.92061665
-217.91608517
-217.91386252
-217.91007436
-217.91000331
-217.90528535
-217.90466447
-217.90253028
-217.89841531
-217.89823281
-217.89711011
-217.89553428
-217.88311174
-217.88228209
-217.86679492
-217.86540569
-217.86492839
-217.86293570
-217.86204823
-217.86140289
-217.85038674
-217.84742270
-217.84730484
-217.84120723
-217.83729293
-217.83389031
-217.81983303
-217.81579480
-217.80997641
-217.80981663
-217.80953034
-217.80279251
-217.80152745
-217.79838090
-217.79806550
-217.79761724
-217.79525008
-217.78132864
-217.77142535
-217.77003948
-217.76897541
-217.76816739
-217.76544860
-217.76519619
-217.76349911
-217.76030223
-217.75955076
-217.75733660
-217.75587967
-217.74802546
-217.74776593
-217.74505206
-217.74337741
-217.74026497
-217.73920593
-217.73842444
-217.73766338
-217.73629756
-217.72984133
-217.72961384
-217.72627851
-217.72288756
-217.70496553
-217.70227277
-217.70131027
-217.70117413
-217.69709926
-217.69177594
-217.65094579
-217.64966138
-217.64936305
-217.64875628
-217.64582677
-217.64293128
-217.63818888
-217.63235606
-217.62536640
-217.62329819
-217.62241547
-217.62201252
-217.61427646
-217.61363275
-217.61349993
-217.61165074
-217.61065988
-217.60442779
-217.60378179
-217.60185628
-217.59674544
-217.59256036
-217.59112400
-217.59045376
-217.58624379
-217.58455490
-217.57696109
-217.57061576
-217.57031170
-217.56848808
-217.56229418
-217.55654655
-217.55073122
-217.54926206
-217.54836840
-217.54817641
-217.54807869
-217.54592244
-217.54433847
-217.54336286
-217.53862614
-217.53772045
-217.53314410
-217.53024426
-217.52519953
-217.52185651
-217.51880343
-217.51369288
-217.48994690
-217.47453668
-217.47377271
-217.47326226
-217.47281925
-217.47273681
-217.46399251
-217.46351380
-217.46061749
-217.45865770
-217.45751569
-217.45476501
-217.45428569
-217.45398391
-217.45047798
-217.44436696
-217.44022955
-217.42908109
-217.39920712
-217.39331044
-217.39272339
-217.39190028
-217.37933035
-217.37394803
-217.35473980
-217.34732022
-217.34075638
-217.33517080
-217.33433659
-217.33047494
-217.32886314
-217.32635829
-217.32161651
-217.32122124
-217.31924959
-217.31536526
-217.31412914
-217.31166343
-217.31053462
-217.30799068
-217.30727856
-217.30628940
-217.30522294
-217.30464055
-217.30333163
-217.30261371
-217.30013648
-217.29813629
-217.28496138
-217.28209053
-217.27792717
-217.27728398
-217.27617849
-217.27539926
-217.19324513
-217.18756496
-217.17069554
-217.16948025
-217.16085845
-217.12557054
-217.12546154
-217.12197925
-217.12154604
-217.11755592
-217.11745954
-217.07803811
-217.07440434
-217.07047449
-217.06647783
-217.06559490
-217.06233672
-217.05708682
-217.03148490
-217.02638726
-217.01588897
-217.01367128
-217.00432508
-216.98018223
-216.97256809
-216.97069076
-216.96910975
-216.96535289
-216.96112447
-216.95517884
-216.94308562
-216.94201483
-216.94051050
-216.93051467
-216.92269598
-216.91960186
-216.91636109
-216.91120781
-216.91112744
-216.88619024
-216.87644013
-216.86899641
-216.81467579
-216.81042096
-216.80151762
-216.80115952
-216.80044297
-216.77839208
-216.77660211
-216.77591838
-216.76709699
-216.76250763
-216.76160291
-216.75326645
-216.74938436
-216.74367247
-216.73978498
-216.73973508
-216.72667563
-216.72490436
-216.71970468
-216.69203977
-216.68873024
-216.68872436
-216.68518846
-216.66708770
-216.66138737
-216.64559296
-216.64545304
-216.63550209
-216.63433490
-216.61808439
-216.60316278
-216.59239124
-216.58116825
-216.57810997
-216.57747281
-216.57745260
-216.57124372
-216.56985404
-216.55833361
-216.53131465
-216.53012551
-216.52513923
-216.41687878
-216.41420834
-216.41317633
-216.40488914
-216.40409183
-216.39042658
-216.25661226
-216.24526268
-216.24411806
-216.24194825
-216.23216750
-216.21960066
-216.19173233
-216.18629431
-216.18359948
-216.18017934
-216.17400095
-216.17029217
-215.94683113
-215.93460278
-215.93188867
-215.92325768
-215.92221684
-215.91696994
-215.04504467
-215.04231367
-215.04011820
-215.03788742
-215.03604984
-215.03098488
