-230.48831809
-230.48211652
-230.46523678
-230.46139634
-230.44799445
-230.44061305
-230.43991574
-230.43141654
-230.42696762
-230.42687410
-230.42045856
-230.41932894
-230.41475180
-230.41373353
-230.40421479
-230.40319211
-230.40188377
-230.39761889
-230.39715766
-230.39246337
-230.37827125
-230.37565445
-230.37430805
-230.37119253
-230.36996831
-230.36585956
-230.36290565
-230.36155041
-230.35815437
-230.35628216
-230.35471557
-230.35295444
-230.35269898
-230.34613203
-230.34561471
-230.34240262
-230.34177475
-230.34029766
-230.33958684
-230.33746289
-230.33669214
-230.33622216
-230.33509919
-230.32910500
-230.32554625
-230.32368849
-230.32191813
-230.32115429
-230.31963720
-230.31711127
-230.31682009
-230.31111909
-230.30896632
-230.30753397
-230.30561164
-230.30474656
-230.30217100
-230.30153437
-230.30016091
-230.29888553
-230.29759591
-230.29516746
-230.29349093
-230.29173538
-230.29000602
-230.28806325
-230.28756521
-230.28496204
-230.28203111
-230.27524674
-230.27032709
-230.26848725
-230.26567283
-230.26305082
-230.25917987
-230.25720152
-230.25590368
-230.25395416
-230.25191174
-230.25043404
-230.24965870
-230.24735263
-230.24404273
-230.24337192
-230.24099920
-230.23958151
-230.23874604
-230.23784696
-230.23601966
-230.23549352
-230.23380255
-230.23201310
-230.23127555
-230.23093187
-230.22923180
-230.22902951
-230.22664018
-230.22564314
-230.22371208
-230.22205471
-230.22163282
-230.22080196
-230.21980476
-230.21849314
-230.21799974
-230.21773727
-230.21651444
-230.21561046
-230.21378751
-230.21361234
-230.21157266
-230.21085418
-230.20936494
-230.20855545
-230.20792410
-230.20748362
-230.20388314
-230.20334318
-230.20250709
-230.20009974
-230.19910089
-230.19803895
-230.19763875
-230.19662492
-230.19397232
-230.19365387
-230.19342006
-230.19212547
-230.19162340
-230.19026456
-230.18993000
-230.18942771
-230.18886156
-230.18729568
-230.18704984
-230.18600772
-230.18418234
-230.18404294
-230.18252352
-230.18228410
-230.18140640
-230.17991656
-230.17945762
-230.17893232
-230.17804211
-230.17737381
-230.17599685
-230.17540382
-230.17485604
-230.17377545
-230.17323701
-230.17054985
-230.16979965
-230.16792028
-230.16746651
-230.16664529
-230.16578778
-230.16442829
-230.16261910
-230.16041343
-230.15960568
-230.15868198
-230.15767311
-230.15618989
-230.15598577
-230.15529584
-230.15445038
-230.15343559
-230.15285153
-230.15228081
-230.15158339
-230.15124299
-230.15047524
-230.14789356
-230.14695562
-230.14635251
-230.14587793
-230.14522226
-230.14444386
-230.14370109
-230.14161139
-230.14071699
-230.13954304
-230.13629072
-230.13575587
-230.13520070
-230.13329518
-230.13180243
-230.12911654
-230.12789504
-230.12707334
-230.12603794
-230.12502070
-230.12373656
-230.12346977
-230.12147415
-230.12047954
-230.11917112
-230.11814731
-230.11735698
-230.11704403
-230.11566589
-230.11433954
-230.11343657
-230.11228510
-230.11182553
-230.11119660
-230.11044314
-230.10927747
-230.10885564
-230.10734773
-230.10726473
-230.10652186
-230.10617860
-230.10558302
-230.10419729
-230.10377875
-230.10258549
-230.10238444
-230.10162174
-230.09802130
-230.09679857
-230.09639637
-230.09623260
-230.09499614
-230.09410860
-230.09262253
-230.09216003
-230.09144380
-230.09046532
-230.08987295
-230.08895804
-230.08806714
-230.08723064
-230.08663345
-230.08594286
-230.08548890
-230.08462373
-230.08399396
-230.08356064
-230.08242888
-230.08090176
-230.08033770
-230.08013018
-230.07814066
-230.07729642
-230.07658825
-230.07562207
-230.07512267
-230.07458819
-230.07292641
-230.07226477
-230.07051377
-230.06991092
-230.06911962
-230.06820210
-230.06689674
-230.06655935
-230.06508167
-230.06454626
-230.06285943
-230.06263473
-230.06209481
-230.06146472
-230.06121592
-230.06031905
-230.06014176
-230.05890546
-230.05822337
-230.05761763
-230.05720724
-230.05689495
-230.05617737
-230.05561529
-230.05535210
-230.05423797
-230.05369013
-230.05317612
-230.05232362
-230.05182507
-230.05137861
-230.05080411
-230.05018253
-230.04898994
-230.04810322
-230.04775120
-230.04716537
-230.04642673
-230.04568214
-230.04483909
-230.04378745
-230.04306210
-230.04128774
-230.04084760
-230.04031063
-230.03942698
-230.03824045
-230.03717144
-230.03690654
-230.03611900
-230.03580836
-230.03485556
-230.03469351
-230.03197402
-230.03130525
-230.03052461
-230.03017738
-230.02925522
-230.02819801
-230.02742339
-230.02707369
-230.02658745
-230.02544466
-230.02532749
-230.02366080
-230.02346331
-230.02191990
-230.02175000
-230.02096237
-230.01981073
-230.01906264
-230.01883664
-230.01818987
-230.01716421
-230.01615634
-230.01496777
-230.01368171
-230.01285923
-230.01134963
-230.01069218
-230.01051442
-230.00901912
-230.00848652
-230.00705702
-230.00602401
-230.00402117
-230.00363534
-230.00236358
-230.00177493
-230.00038974
-229.99998119
-229.99946940
-229.99618068
-229.99513038
-229.99438458
-229.99369462
-229.99320092
-229.99291953
-229.99173306
-229.99096317
-229.99070646
-229.99046527
-229.98981195
-229.98862059
-229.98809993
-229.98676710
-229.98615572
-229.98544654
-229.98473032
-229.98290684
-229.98260541
-229.98139485
-229.98064658
-229.98003933
-229.97905515
-229.97892303
-229.97710378
-229.97624355
-229.97543774
-229.97351722
-229.97266143
-229.97194811
-229.97077213
-229.97036562
-229.97023437
-229.96951231
-229.96905249
-229.96828075
-229.96671734
-229.96581256
-229.96506159
-229.96418043
-229.96305149
-229.96244253
-229.96183771
-229.96140621
-229.95986782
-229.95882288
-229.95754156
-229.95585374
-229.95481100
-229.95425321
-229.95301608
-229.95145812
-229.95044656
-229.94971589
-229.94948242
-229.94887318
-229.94848715
-229.94816250
-229.94722627
-229.94690910
-229.94547747
-229.94514768
-229.94423532
-229.94388318
-229.94352168
-229.94335885
-229.94261866
-229.94204006
-229.94095677
-229.94030185
-229.93938205
-229.93667720
-229.93587161
-229.93526263
-229.93360167
-229.93271284
-229.93193042
-229.93158721
-229.93029352
-229.92990877
-229.92925814
-229.92761534
-229.92713827
-229.92669351
-229.92587651
-229.92568862
-229.92470383
-229.92435967
-229.92360257
-229.92242233
-229.92235054
-229.92148437
-229.92069148
-229.91984323
-229.91957387
-229.91819314
-229.91758441
-229.91688455
-229.91619867
-229.91563101
-229.91513892
-229.91399912
-229.91346545
-229.91266441
-229.91154557
-229.91083730
-229.90937577
-229.90882162
-229.90784896
-229.90738314
-229.90687915
-229.90584385
-229.90459312
-229.90414111
-229.90372130
-229.90296562
-229.90190988
-229.90129286
-229.90059786
-229.89930545
-229.89869785
-229.89735849
-229.89643452
-229.89582688
-229.89425635
-229.89394739
-229.89312706
-229.89179452
-229.89100658
-229.89055642
-229.88999606
-229.88969476
-229.88852648
-229.88730838
-229.88648773
-229.88513694
-229.88464708
-229.88339136
-229.88257548
-229.88111642
-229.88075624
-229.87948287
-229.87897764
-229.87822193
-229.87800297
-229.87719835
-229.87541202
-229.87478758
-229.87409939
-229.87341380
-229.87239546
-229.87168584
-229.87007376
-229.86936301
-229.86836508
-229.86728034
-229.86710406
-229.86655932
-229.86590000
-229.86527726
-229.86496579
-229.86458722
-229.86385302
-229.86301956
-229.86237243
-229.86209473
-229.86156820
-229.85993949
-229.85952263
-229.85906053
-229.85839275
-229.85728900
-229.85677841
-229.85642911
-229.85607831
-229.85541990
-229.85520583
-229.85435364
-229.85369886
-229.85270070
-229.85265119
-229.85174238
-229.85120249
-229.85054216
-229.85013263
-229.84997612
-229.84954683
-229.84881316
-229.84791926
-229.84769344
-229.84676057
-229.84649277
-229.84546331
-229.84470403
-229.84442339
-229.84305056
-229.84254773
-229.84205005
-229.84140871
-229.84086848
-229.84026896
-229.83918156
-229.83776060
-229.83655555
-229.83618529
-229.83573807
-229.83560634
-229.83511981
-229.83442304
-229.83356395
-229.83321591
-229.83242871
-229.83169850
-229.83030905
-229.82992469
-229.82960772
-229.82808012
-229.82725496
-229.82662428
-229.82623022
-229.82522189
-229.82502021
-229.82401664
-229.82347174
-229.82294492
-229.82142978
-229.82134004
-229.82034838
-229.81957840
-229.81811427
-229.81785245
-229.81697335
-229.81521940
-229.81441593
-229.81314088
-229.81192109
-229.81176071
-229.81105474
-229.81065821
-229.80960153
-229.80887949
-229.80816171
-229.80761287
-229.80686062
-229.80627151
-229.80544324
-229.80447610
-229.80360520
-229.80312743
-229.80198363
-229.80157207
-229.80059038
-229.79917401
-229.79825479
-229.79731996
-229.79632002
-229.79595098
-229.79410094
-229.79345112
-229.79272031
-229.79141689
-229.79055062
-229.78986965
-229.78877706
-229.78731531
-229.78693614
-229.78537750
-229.78434766
-229.78349729
-229.78237942
-229.78130821
-229.78039749
-229.78014129
-229.77924776
-229.77832188
-229.77781618
-229.77669698
-229.77534307
-229.77423463
-229.77328982
-229.77156502
-229.77046162
-229.77000012
-229.76905227
-229.76719691
-229.76696420
-229.76599058
-229.76382303
-229.76370675
-229.76223278
-229.76124808
-229.76044580
-229.75837059
-229.75772187
-229.75642746
-229.75578810
-229.75522464
-229.75390078
-229.75310690
-229.75274786
-229.75257801
-229.75131395
-229.75003512
-229.74962530
-229.74852919
-229.74820802
-229.74738883
-229.74689467
-229.74639696
-229.74574759
-229.74468562
-229.74393133
-229.74315733
-229.74283977
-229.74264611
-229.74171457
-229.74105668
-229.74081185
-229.73997948
-229.73881689
-229.73849625
-229.73774834
-229.73716211
-229.73654966
-229.73577776
-229.73552748
-229.73441623
-229.73426713
-229.73378151
-229.73318721
-229.73232765
-229.73199761
-229.73140027
-229.73079722
-229.72984968
-229.72942801
-229.72890076
-229.72840934
-229.72816796
-229.72722031
-229.72712937
-229.72674648
-229.72579797
-229.72548161
-229.72522099
-229.72420487
-229.72364953
-229.72248282
-229.72215289
-229.72100948
-229.72058313
-229.71954330
-229.71935773
-229.71840266
-229.71791606
-229.71664144
-229.71640577
-229.71596587
-229.71572374
-229.71499412
-229.71460547
-229.71407652
-229.71321226
-229.71256340
-229.71135938
-229.71112569
-229.71074957
-229.70916999
-229.70813927
-229.70766323
-229.70698179
-229.70604405
-229.70450290
-229.70404372
-229.70330484
-229.70286011
-229.70143560
-229.70077149
-229.70023554
-229.69901521
-229.69844810
-229.69733006
-229.69689524
-229.69636210
-229.69544923
-229.69492469
-229.69393733
-229.69313059
-229.69299164
-229.69196400
-229.69146935
-229.69029853
-229.68957896
-229.68878816
-229.68829620
-229.68746515
-229.68716183
-229.68691190
-229.68642016
-229.68548689
-229.68484825
-229.68467832
-229.68344222
-229.68269842
-229.68211386
-229.68161566
-229.68089147
-229.68049989
-229.67900029
-229.67826004
-229.67780060
-229.67732954
-229.67665860
-229.67576925
-229.67545668
-229.67416318
-229.67340360
-229.67307339
-229.67259394
-229.67137525
-229.67070954
-229.66968171
-229.66902385
-229.66838949
-229.66767843
-229.66641038
-229.66576260
-229.66475202
-229.66404536
-229.66338166
-229.66304293
-229.66240703
-229.66140969
-229.66127086
-229.66010945
-229.65984254
-229.65971981
-229.65900745
-229.65844200
-229.65788976
-229.65740923
-229.65716639
-229.65631432
-229.65597400
-229.65541128
-229.65529736
-229.65378508
-229.65268805
-229.65152503
-229.65135050
-229.65067210
-229.65015795
-229.64986265
-229.64932980
-229.64868075
-229.64814533
-229.64750005
-229.64629443
-229.64580299
-229.64536616
-229.64463911
-229.64435707
-229.64298527
-229.64210702
-229.64133087
-229.64119431
-229.64036716
-229.64011354
-229.63945142
-229.63820863
-229.63748922
-229.63648898
-229.63584469
-229.63538815
-229.63493394
-229.63334909
-229.63277271
-229.63217034
-229.63171451
-229.63001809
-229.62958410
-229.62905133
-229.62795564
-229.62701872
-229.62589053
-229.62559073
-229.62509167
-229.62469774
-229.62358325
-229.62326144
-229.62186208
-229.62125574
-229.62051129
-229.62005831
-229.61954546
-229.61895672
-229.61869926
-229.61782711
-229.61751815
-229.61641372
-229.61614641
-229.61592297
-229.61458995
-229.61422545
-229.61380206
-229.61321430
-229.61244015
-229.61139654
-229.61083642
-229.61049890
-229.60960581
-229.60953594
-229.60913735
-229.60827890
-229.60810237
-229.60777660
-229.60696982
-229.60620746
-229.60530047
-229.60452037
-229.60250480
-229.60232404
-229.60206659
-229.60163130
-229.60058140
-229.59973480
-229.59903644
-229.59822999
-229.59703242
-229.59633259
-229.59617447
-229.59528065
-229.59364504
-229.59248400
-229.59236248
-229.59184361
-229.59145137
-229.58978246
-229.58921688
-229.58898134
-229.58832295
-229.58757101
-229.58666772
-229.58610449
-229.58541943
-229.58387208
-229.58366850
-229.58280864
-229.58188019
-229.58136977
-229.58028719
-229.57933014
-229.57918859
-229.57784678
-229.57672036
-229.57559095
-229.57516823
-229.57454255
-229.57337645
-229.57293538
-229.57126392
-229.57094119
-229.57076853
-229.56973271
-229.56895287
-229.56707964
-229.56595113
-229.56548814
-229.56417493
-229.56377630
-229.56191501
-229.56062213
-229.55983523
-229.55933077
-229.55857078
-229.55821013
-229.55732493
-229.55618577
-229.55415307
-229.55312927
-229.55232310
-229.55180910
-229.55159368
-229.55102034
-229.54956554
-229.54877224
-229.54771364
-229.54732470
-229.54683182
-229.54620060
-229.54581705
-229.54492557
-229.54428609
-229.54362738
-229.54305790
-229.54240902
-229.54084474
-229.54008486
-229.53966982
-229.53934153
-229.53884646
-229.53834811
-229.53762197
-229.53686647
-229.53634131
-229.53610470
-229.53491603
-229.53473259
-229.53366355
-229.53302593
-229.53261315
-229.53207622
-229.53165016
-229.53125137
-229.52977899
-229.52948246
-229.52843480
-229.52746150
-229.52668389
-229.52583725
-229.52492856
-229.52423561
-229.52363260
-229.52323300
-229.52237994
-229.52179182
-229.52128701
-229.52000283
-229.51891708
-229.51808179
-229.51769013
-229.51675389
-229.51570664
-229.51476396
-229.51457947
-229.51301537
-229.51229795
-229.51203038
-229.51153419
-229.51065963
-229.51006912
-229.51000773
-229.50890555
-229.50875654
-229.50839954
-229.50754158
-229.50631821
-229.50573764
-229.50544632
-229.50445144
-229.50337804
-229.50306030
-229.50260167
-229.50147671
-229.50070808
-229.50024967
-229.50004810
-229.49935321
-229.49871538
-229.49860542
-229.49764609
-229.49737318
-229.49679926
-229.49575660
-229.49540607
-229.49479736
-229.49429046
-229.49358395
-229.49251310
-229.49236878
-229.49173733
-229.49101719
-229.49047907
-229.49040334
-229.48928540
-229.48893766
-229.48823676
-229.48765359
-229.48684605
-229.48433907
-229.48418315
-229.48327508
-229.48309105
-229.48169353
-229.48102166
-229.48052485
-229.47984653
-229.47936009
-229.47887053
-229.47806726
-229.47652618
-229.47587533
-229.47555279
-229.47516750
-229.47416034
-229.47333356
-229.47271883
-229.47223203
-229.47193435
-229.47153720
-229.47058845
-229.46939480
-229.46782939
-229.46719321
-229.46659244
-229.46606526
-229.46496029
-229.46415557
-229.46329957
-229.46203142
-229.46172499
-229.46090018
-229.45933064
-229.45814771
-229.45734205
-229.45717362
-229.45553955
-229.45465800
-229.45332770
-229.45222046
-229.45193028
-229.45071278
-229.44989586
-229.44838402
-229.44779117
-229.44625040
-229.44577564
-229.44452530
-229.44411859
-229.44094420
-229.44016367
-229.44005661
-229.43973837
-229.43852769
-229.43716524
-229.43601937
-229.43542307
-229.43492991
-229.43319849
-229.43213282
-229.43020043
-229.42862916
-229.42799331
-229.42715970
-229.42652465
-229.42575827
-229.42522356
-229.42451363
-229.42366393
-229.42244770
-229.42108284
-229.42060534
-229.42015345
-229.41867517
-229.41777489
-229.41744339
-229.41663914
-229.41613312
-229.41499741
-229.41388458
-229.41293949
-229.41212356
-229.41135651
-229.41034096
-229.40880574
-229.40804218
-229.40715519
-229.40661536
-229.40594652
-229.40539688
-229.40407539
-229.40356564
-229.40222217
-229.40126895
-229.40024893
-229.39992934
-229.39904384
-229.39867383
-229.39781629
-229.39748840
-229.39642861
-229.39600977
-229.39541641
-229.39412003
-229.39323731
-229.39210895
-229.39152682
-229.39135735
-229.38985405
-229.38952204
-229.38739075
-229.38715692
-229.38627639
-229.38517068
-229.38446515
-229.38296996
-229.38230306
-229.38150721
-229.38115803
-229.38047358
-229.38007146
-229.37897314
-229.37752030
-229.37728025
-229.37683031
-229.37663557
-229.37525699
-229.37427743
-229.37324788
-229.37270816
-229.37167119
-229.37111777
-229.37017221
-229.36930090
-229.36853834
-229.36728581
-229.36631138
-229.36548053
-229.36448429
-229.36328010
-229.36324775
-229.36190203
-229.36139492
-229.35931830
-229.35915747
-229.35870525
-229.35709233
-229.35602845
-229.35567133
-229.35522357
-229.35445209
-229.35386649
-229.35223121
-229.35135496
-229.34920222
-229.34812414
-229.34706842
-229.34617796
-229.34519222
-229.34345946
-229.34254016
-229.34170818
-229.34133011
-229.34064439
-229.33945674
-229.33874374
-229.33814995
-229.33657963
-229.33597725
-229.33565269
-229.33431915
-229.33317009
-229.33276532
-229.33165250
-229.33049542
-229.32991818
-229.32917669
-229.32667606
-229.32593161
-229.32549486
-229.32373561
-229.32213995
-229.32175138
-229.32137517
-229.31962817
-229.31826637
-229.31658025
-229.31639333
-229.31493484
-229.31424483
-229.31363151
-229.31277232
-229.31155690
-229.31101951
-229.31046235
-229.30870873
-229.30709922
-229.30646129
-229.30589735
-229.30466436
-229.30345529
-229.30281500
-229.30223600
-229.30115301
-229.30087615
-229.29996376
-229.29888582
-229.29768334
-229.29728545
-229.29700052
-229.29603968
-229.29496730
-229.29342389
-229.29163900
-229.28960566
-229.28916549
-229.28790621
-229.28698756
-229.28602724
-229.28387013
-229.28362421
-229.28268602
-229.28137548
-229.28109567
-229.27941508
-229.27875456
-229.27848503
-229.27707425
-229.27700826
-229.27562190
-229.27350601
-229.27244001
-229.27129318
-229.27089263
-229.26953194
-229.26763756
-229.26649872
-229.26441130
-229.26426666
-229.26269246
-229.26172674
-229.26092563
-229.26039093
-229.25730703
-229.25718174
-229.25487669
-229.25451985
-229.25283482
-229.25127965
-229.24845307
-229.24791907
-229.24749747
-229.24694814
-229.24406888
-229.24318207
-229.24288292
-229.24013302
-229.23870918
-229.23689880
-229.23601958
-229.23323641
-229.23286982
-229.23197033
-229.23024858
-229.22746897
-229.22616725
-229.22562455
-229.22344621
-229.22306591
-229.22073499
-229.21936540
-229.21750389
-229.21603577
-229.21327266
-229.21304766
-229.21282055
-229.21057339
-229.20992279
-229.20918122
-229.20762902
-229.20693344
-229.20550938
-229.20409442
-229.20208866
-229.20110675
-229.19990151
-229.19955729
-229.19849946
-229.19821771
-229.19654218
-229.19444653
-229.19396249
-229.19324765
-229.19140800
-229.19011307
-229.18893693
-229.18862036
-229.18780877
-229.18626453
-229.18315205
-229.18187588
-229.18082853
-229.17935525
-229.17805603
-229.17796580
-229.17722866
-229.17677373
-229.17406583
-229.17372277
-229.17223724
-229.17121474
-229.16896419
-229.16842659
-229.16719544
-229.16549842
-229.16507538
-229.16401191
-229.16157213
-229.16083121
-229.15932981
-229.15763532
-229.15672924
-229.15604668
-229.15484642
-229.15335532
-229.15297963
-229.15182815
-229.14899726
-229.14813716
-229.14738907
-229.14638356
-229.14454174
-229.14275986
-229.14125235
-229.13985867
-229.13849887
-229.13779304
-229.13695809
-229.13593478
-229.13468729
-229.13345217
-229.13107901
-229.13033989
-229.12963196
-229.12792928
-229.12699768
-229.12614848
-229.12435813
-229.12169029
-229.12054741
-229.11889828
-229.11813871
-229.11750213
-229.11594894
-229.11525283
-229.11412705
-229.11146056
-229.11127551
-229.10933336
-229.10795544
-229.10580901
-229.10469227
-229.10402841
-229.10249219
-229.10101960
-229.09905320
-229.09835526
-229.09420783
-229.09297601
-229.09258259
-229.08946369
-229.08873371
-229.08743005
-229.08652410
-229.08583915
-229.08258387
-229.08121592
-229.07885819
-229.07791954
-229.07438588
-229.07292954
-229.07142644
-229.06975226
-229.06913906
-229.06624124
-229.06576428
-229.06389467
-229.06201967
-229.06116286
-229.06104405
-229.05822687
-229.05699766
-229.05543716
-229.05489860
-229.05256848
-229.05037586
-229.04963587
-229.04795278
-229.04657888
-229.04627478
-229.04478805
-229.04449076
-229.04107030
-229.03950151
-229.03929751
-229.03779298
-229.03633980
-229.03477957
-229.03366708
-229.03218274
-229.03101470
-229.03088310
-229.02776294
-229.02615864
-229.02364071
-229.02137637
-229.01976189
-229.01524159
-229.01332629
-229.01215639
-229.01001370
-229.00803658
-229.00594307
-229.00439581
-229.00354272
-229.00234826
-229.00142505
-229.00059016
-228.99924001
-228.99766901
-228.99581301
-228.99506544
-228.99402649
-228.99289561
-228.99026408
-228.98837297
-228.98649922
-228.98517290
-228.98444703
-228.98189133
-228.98137817
-228.98130371
-228.97933374
-228.97895726
-228.97742570
-228.97581460
-228.97473914
-228.97354818
-228.97181044
-228.97066927
-228.96838872
-228.96788855
-228.96680094
-228.96587818
-228.96530871
-228.96325729
-228.96172704
-228.96011074
-228.95914193
-228.95803134
-228.95629776
-228.95534398
-228.95293562
-228.95191433
-228.95051527
-228.94794571
-228.94775009
-228.94521261
-228.94372341
-228.94043535
-228.93920520
-228.93896553
-228.93741554
-228.93710661
-228.93146582
-228.93010972
-228.92818627
-228.92692404
-228.92508216
-228.92400199
-228.92309320
-228.92262314
-228.92138905
-228.91970380
-228.91907330
-228.91832112
-228.91801589
-228.91674540
-228.91525106
-228.91292701
-228.91229422
-228.91117106
-228.91004309
-228.90918700
-228.90833861
-228.90757991
-228.90631056
-228.90482476
-228.90288301
-228.90161359
-228.90021433
-228.89867788
-228.89552573
-228.89463587
-228.89327355
-228.89068832
-228.89017318
-228.88882487
-228.88667822
-228.88563992
-228.88309850
-228.88070217
-228.88044340
-228.87754220
-228.87691753
-228.87475953
-228.87208313
-228.87105138
-228.86939675
-228.86693481
-228.86635822
-228.86550390
-228.86533798
-228.86392279
-228.86279462
-228.86145648
-228.86124006
-228.85989100
-228.85795865
-228.85245182
-228.85173914
-228.84995372
-228.84817741
-228.84557212
-228.84468519
-228.84357405
-228.84252701
-228.84068829
-228.83997280
-228.83842135
-228.83670500
-228.83592199
-228.83455407
-228.83386806
-228.83258505
-228.83083546
-228.83062955
-228.83030598
-228.82873961
-228.82811693
-228.82681189
-228.82655954
-228.82618000
-228.82428331
-228.82413885
-228.82212692
-228.82057751
-228.81951782
-228.81858773
-228.81745463
-228.81714079
-228.81578531
-228.81349916
-228.81295512
-228.81188181
-228.81045829
-228.80990978
-228.80866262
-228.80733839
-228.80704791
-228.80646214
-228.80490813
-228.80254913
-228.80198157
-228.80018735
-228.79981435
-228.79875339
-228.79704412
-228.79683760
-228.79604542
-228.79450497
-228.79306262
-228.79115773
-228.79033659
-228.78654668
-228.78539391
-228.78450233
-228.78285870
-228.78149244
-228.77765336
-228.77513318
-228.77305206
-228.77280209
-228.76988821
-228.76961979
-228.76795188
-228.76686191
-228.76443222
-228.76287506
-228.76222524
-228.76065397
-228.75761903
-228.75740039
-228.75563498
-228.75364883
-228.75237830
-228.75014786
-228.74828840
-228.74661980
-228.74356840
-228.74281392
-228.74211715
-228.74005925
-228.73856319
-228.73813498
-228.73666905
-228.73579414
-228.73428949
-228.73335686
-228.73142316
-228.72972979
-228.72884206
-228.72493883
-228.72440057
-228.72262054
-228.72220841
-228.72165453
-228.71823325
-228.71645300
-228.71480456
-228.71332625
-228.71258006
-228.71071868
-228.70967870
-228.70783057
-228.70716615
-228.70582768
-228.70506467
-228.70445763
-228.70309570
-228.70180202
-228.70134377
-228.70020577
-228.69860080
-228.69752159
-228.69532138
-228.69486853
-228.69277001
-228.69235297
-228.68857655
-228.68756194
-228.68638782
-228.68477479
-228.68334245
-228.68276677
-228.68029554
-228.67866405
-228.67732353
-228.67513535
-228.67312941
-228.67261242
-228.67173916
-228.67147086
-228.66917329
-228.66814761
-228.66706151
-228.66638701
-228.66588212
-228.66438996
-228.66373277
-228.66234961
-228.66026555
-228.65936370
-228.65816561
-228.65612634
-228.65556356
-228.65468028
-228.65437083
-228.65315102
-228.65143499
-228.64855493
-228.64780782
-228.64764108
-228.64417380
-228.64366415
-228.64188559
-228.64068132
-228.63946587
-228.63923442
-228.63710913
-228.63600605
-228.63450287
-228.63430524
-228.63331523
-228.63217000
-228.63072619
-228.63000378
-228.62731538
-228.62680652
-228.62320230
-228.62276929
-228.62045385
-228.62002125
-228.61906801
-228.61747550
-228.61661654
-228.61649333
-228.61509194
-228.61462407
-228.61076262
-228.60912823
-228.60682984
-228.60373053
-228.60237251
-228.60137609
-228.59998839
-228.59760723
-228.59517906
-228.59442502
-228.59273109
-228.59241608
-228.59098852
-228.58913836
-228.58639664
-228.58515744
-228.58429993
-228.58385099
-228.58233097
-228.57825224
-228.57743151
-228.57649442
-228.57380335
-228.57247934
-228.57160005
-228.57088298
-228.56962179
-228.56774850
-228.56694163
-228.56560244
-228.56482815
-228.56348978
-228.56268332
-228.56133317
-228.56103013
-228.55980671
-228.55721222
-228.55635005
-228.55620855
-228.55313640
-228.55051492
-228.55018644
-228.54894875
-228.54758254
-228.54581877
-228.54429068
-228.54212163
-228.54047507
-228.54013847
-228.53765723
-228.53732857
-228.53472921
-228.53422092
-228.53253958
-228.53108654
-228.53001497
-228.52894575
-228.52761455
-228.52349647
-228.51970219
-228.51920933
-228.51840829
-228.51615120
-228.51552300
-228.51415715
-228.51290834
-228.51100414
-228.51077247
-228.50918906
-228.50795976
-228.50410478
-228.50167590
-228.50148895
-228.49877573
-228.49764718
-228.49615918
-228.49588885
-228.49375424
-228.49236733
-228.49127525
-228.49073489
-228.49001730
-228.48824611
-228.48656841
-228.48446137
-228.48235142
-228.48041721
-228.47984926
-228.47848973
-228.47637179
-228.47514710
-228.47458631
-228.47267971
-228.47043186
-228.46939005
-228.46921335
-228.46742833
-228.46620285
-228.46443442
-228.46203257
-228.46108523
-228.46014822
-228.45939380
-228.45837547
-228.45670878
-228.45234419
-228.45060817
-228.45007259
-228.44910143
-228.44867709
-228.44683750
-228.44416080
-228.44386591
-228.44223532
-228.44168811
-228.43993389
-228.43859380
-228.43761492
-228.43668730
-228.43577780
-228.43448632
-228.43284797
-228.43217787
-228.42907438
-228.42847927
-228.42684311
-228.42590437
-228.42537979
-228.42355322
-228.42066821
-228.42025973
-228.41796041
-228.41754722
-228.41687921
-228.41581321
-228.41441431
-228.41391434
-228.41249375
-228.41097582
-228.41017182
-228.40800938
-228.40781593
-228.40638128
-228.40599221
-228.40497680
-228.40318266
-228.40226801
-228.40110612
-228.39987680
-228.39917888
-228.39586816
-228.39340140
-228.39234193
-228.39217169
-228.39082765
-228.39043205
-228.38782016
-228.38652844
-228.38526600
-228.38461585
-228.38346537
-228.38244122
-228.38131981
-228.38087591
-228.37816037
-228.37670708
-228.37324957
-228.37247052
-228.37112920
-228.36939744
-228.36786131
-228.36652957
-228.36569810
-228.36520590
-228.36378787
-228.36301386
-228.36116427
-228.35908814
-228.35746155
-228.35592051
-228.35412858
-228.35216828
-228.34968055
-228.34811257
-228.34600555
-228.34427533
-228.34318080
-228.34249342
-228.34133706
-228.34056480
-228.33989420
-228.33747844
-228.33545582
-228.33511996
-228.33242825
-228.33065047
-228.32864931
-228.32752250
-228.32648390
-228.32406314
-228.32211506
-228.32159366
-228.31999335
-228.31901222
-228.31831631
-228.31686334
-228.31484622
-228.31312592
-228.31171981
-228.30821475
-228.30645426
-228.30521669
-228.30386100
-228.30308714
-228.30211306
-228.29882128
-228.29785015
-228.29587008
-228.29453920
-228.29295731
-228.29259416
-228.29180993
-228.29144556
-228.28851625
-228.28732164
-228.28645729
-228.28592623
-228.28322406
-228.28274807
-228.28130695
-228.28026380
-228.27891312
-228.27728253
-228.27642595
-228.27466911
-228.27273963
-228.27188918
-228.26969884
-228.26874193
-228.26722995
-228.26624642
-228.26409635
-228.26350911
-228.26251281
-228.26028411
-228.25942404
-228.25837551
-228.25610131
-228.25466335
-228.25400137
-228.25242946
-228.25168558
-228.24902934
-228.24662519
-228.24568097
-228.24432603
-228.24371115
-228.24293200
-228.24143592
-228.24009202
-228.23918557
-228.23823648
-228.23620796
-228.23482217
-228.23230798
-228.23059222
-228.22972256
-228.22801105
-228.22699204
-228.22582324
-228.22410475
-228.22307137
-228.22138239
-228.21829134
-228.21768338
-228.21670659
-228.21439688
-228.21225704
-228.21139082
-228.20904581
-228.20767365
-228.20671142
-228.20523389
-228.20444096
-228.20284792
-228.20250205
-228.20125905
-228.19986050
-228.19903917
-228.19774267
-228.19514981
-228.19447552
-228.19253559
-228.19153889
-228.19043915
-228.18909724
-228.18858258
-228.18730406
-228.18713283
-228.18577504
-228.18437926
-228.18259364
-228.18189713
-228.17848750
-228.17775615
-228.17609567
-228.17453148
-228.17266710
-228.17126087
-228.16997731
-228.16829600
-228.16747179
-228.16472424
-228.16434824
-228.16216773
-228.15919749
-228.15899948
-228.15794471
-228.15624476
-228.15402385
-228.15123188
-228.15092536
-228.14894614
-228.14743445
-228.14652630
-228.14442682
-228.14301316
-228.14130165
-228.14037394
-228.13948082
-228.13692623
-228.13502064
-228.13411306
-228.13196941
-228.13083127
-228.12974804
-228.12853822
-228.12683677
-228.12539047
-228.12414605
-228.12164834
-228.12011554
-228.11879945
-228.11767765
-228.11453400
-228.11381961
-228.10916118
-228.10720600
-228.10533552
-228.10485208
-228.10363275
-228.10029886
-228.09953082
-228.09869262
-228.09668141
-228.09524601
-228.09282260
-228.09184476
-228.09038928
-228.08849385
-228.08590543
-228.08466499
-228.08247282
-228.08152011
-228.08080596
-228.07713555
-228.07660948
-228.07608778
-228.07317496
-228.07233221
-228.06966810
-228.06690500
-228.06410775
-228.06257369
-228.05987886
-228.05892698
-228.05840974
-228.05668091
-228.05525632
-228.05413744
-228.05279567
-228.05012510
-228.04861817
-228.04721762
-228.04197758
-228.04160344
-228.04103790
-228.03914991
-228.03861229
-228.03656560
-228.03373181
-228.03265291
-228.02970020
-228.02788180
-228.02450945
-228.02425304
-228.02299233
-228.02135989
-228.01933019
-228.01877381
-228.01597693
-228.01420347
-228.01248062
-228.01036179
-228.01004866
-228.00657400
-228.00414495
-228.00236930
-228.00005003
-227.99903426
-227.99659080
-227.99389231
-227.99077851
-227.99025897
-227.98868893
-227.98757497
-227.98602660
-227.98457152
-227.98300121
-227.98109173
-227.97983688
-227.97954207
-227.97761245
-227.97561864
-227.97424743
-227.97106163
-227.96858164
-227.96603762
-227.96564800
-227.96431983
-227.96128058
-227.96042555
-227.95817789
-227.95700107
-227.95425709
-227.95112171
-227.94897219
-227.94751828
-227.94438875
-227.94245726
-227.94088570
-227.93980197
-227.93889417
-227.93812808
-227.93514450
-227.93453069
-227.93250933
-227.92970872
-227.92739559
-227.92662813
-227.92233471
-227.92168994
-227.92024928
-227.91868332
-227.91712878
-227.91653439
-227.91478502
-227.91429454
-227.91155627
-227.90793542
-227.90494038
-227.90399110
-227.90161576
-227.89904217
-227.89636777
-227.89291345
-227.89097680
-227.88820125
-227.88708854
-227.88405759
-227.88255027
-227.88029157
-227.87706583
-227.87599192
-227.87436009
-227.87352785
-227.87212416
-227.87001901
-227.86517225
-227.86279642
-227.86110710
-227.85880513
-227.85451539
-227.84997962
-227.84953653
-227.84740233
-227.84716361
-227.84377785
-227.84236568
-227.84062040
-227.83955068
-227.83397340
-227.83254863
-227.82819309
-227.82583728
-227.82362197
-227.81920079
-227.81737722
-227.81223524
-227.81041131
-227.80957943
-227.80933808
-227.80746734
-227.80376898
-227.80293343
-227.80012053
-227.79858463
-227.79561539
-227.79543712
-227.79237231
-227.79208700
-227.78960408
-227.78759782
-227.78501461
-227.78403027
-227.78000140
-227.77520006
-227.76808788
-227.76668119
-227.76405562
-227.76198762
-227.76056591
-227.75472238
-227.75352217
-227.75045311
-227.74803849
-227.74413383
-227.74325073
-227.74242113
-227.73954782
-227.73825290
-227.73459362
-227.73378659
-227.73177451
-227.72888094
-227.72816836
-227.72505424
-227.72363784
-227.72141633
-227.71773423
-227.71615900
-227.71447713
-227.71143161
-227.70948812
-227.70885381
-227.70596212
-227.70409706
-227.70120390
-227.69916490
-227.69392962
-227.69278515
-227.69081750
-227.68872098
-227.68530641
-227.68002307
-227.67732909
-227.67661582
-227.67508670
-227.66852053
-227.66673317
-227.66452625
-227.66123808
-227.65489181
-227.65344335
-227.64897302
-227.64664509
-227.64458000
-227.63962096
-227.63815774
-227.63609557
-227.63491426
-227.63235376
-227.63072738
-227.62734658
-227.62527843
-227.62200765
-227.62020660
-227.61848027
-227.61704073
-227.61524065
-227.61022776
-227.60763696
-227.60553607
-227.60363739
-227.60152474
-227.59997567
-227.59537335
-227.59259419
-227.58775181
-227.58682893
-227.58506908
-227.58232387
-227.57959382
-227.57652437
-227.57466332
-227.57019017
-227.56938385
-227.56676395
-227.56604184
-227.56243616
-227.56030678
-227.55760047
-227.55730067
-227.55188242
-227.55057004
-227.54637026
-227.54128962
-227.53677802
-227.53542310
-227.53187270
-227.53109953
-227.52572639
-227.52431168
-227.52173411
-227.51882788
-227.51543327
-227.51283234
-227.50777722
-227.50373027
-227.50034247
-227.49313592
-227.49269794
-227.48950113
-227.48554061
-227.48417590
-227.48179311
-227.47435667
-227.47029828
-227.46761179
-227.46504293
-227.46204316
-227.46144505
-227.45940141
-227.45256624
-227.45070830
-227.44713926
-227.44414492
-227.44046281
-227.43809544
-227.43636517
-227.43429524
-227.43274857
-227.43106922
-227.42642714
-227.42525078
-227.42065015
-227.41855471
-227.41762949
-227.41156110
-227.40785532
-227.40188715
-227.39862642
-227.39779907
-227.39510742
-227.39163940
-227.38987148
-227.38582066
-227.38407314
-227.38145553
-227.37971326
-227.37635664
-227.37348955
-227.37202827
-227.36897946
-227.36476466
-227.36150373
-227.35154029
-227.34606993
-227.34541383
-227.34023567
-227.33216590
-227.32633490
-227.32497332
-227.32280272
-227.31823395
-227.31427028
-227.31226990
-227.30324059
-227.30103714
-227.29868514
-227.29680039
-227.29436540
-227.29231510
-227.28844347
-227.28438375
-227.28255719
-227.28129738
-227.27488609
-227.26708431
-227.26358733
-227.25726818
-227.25627385
-227.25140387
-227.24721828
-227.24429650
-227.23939063
-227.23713980
-227.22994954
-227.22641875
-227.22158385
-227.21484663
-227.20867700
-227.20541564
-227.20049993
-227.19962430
-227.19746868
-227.19139406
-227.18669523
-227.18493284
-227.18260505
-227.17542583
-227.17455049
-227.17221353
-227.16964119
-227.16206023
-227.15498981
-227.15317467
-227.15226638
-227.14526328
-227.14150305
-227.13577213
-227.13201684
-227.13031381
-227.12777464
-227.12542637
-227.11114196
-227.10703859
-227.10636131
-227.10010777
-227.09852692
-227.09147010
-227.08269195
-227.08058298
-227.07461487
-227.07361918
-227.07166460
-227.06619695
-227.06356539
-227.05579155
-227.04710792
-227.04630545
-227.04472549
-227.03366830
-227.03240628
-227.02996204
-227.02145472
-227.01064308
-227.00903582
-226.99251856
-226.97908339
-226.96540429
-226.96029649
-226.95881484
-226.95692546
-226.94535609
-226.94449039
-226.93888985
-226.93541805
-226.93050579
-226.92908067
-226.91200866
-226.90768391
-226.90056187
-226.89816878
-226.89402254
-226.88741130
-226.88103955
-226.87922051
-226.87300775
-226.85370947
-226.85312565
-226.84923421
-226.84505517
-226.84376421
-226.83786639
-226.83186344
-226.82712553
-226.82393684
-226.81231400
-226.79830648
-226.79056516
-226.77819728
-226.77281121
-226.76511508
-226.74729001
-226.74392262
-226.73626148
-226.73492753
-226.72420210
-226.71363537
-226.70703227
-226.69604312
-226.68426466
-226.68050041
-226.65967249
-226.65512124
-226.62362771
-226.61908140
-226.61689441
-226.59708239
-226.59352272
-226.58813398
-226.58544963
-226.57732645
-226.56035460
-226.52915423
-226.51117357
-226.46842476
-226.45370340
-226.43615202
-226.40826361
-226.39267856
-226.35241286
-226.34795379
-226.32030989
-226.27906676
-226.17682351
-226.16961421
-226.04796195
-226.01697870
-226.01315429
-225.87655976
-225.85228869
-225.82819841
-225.76604709
-225.75597415
-225.74015360
-225.68381507
-225.63682910
-225.52371353
-225.51887593
-225.34580917
-225.33489742
-225.21423515
-219.84789898
-219.84143600
-219.83784419
-219.83581586
-219.83373799
-219.83216216
-219.67778972
-219.67284872
-219.67261289
-219.67139583
-219.66714622
-219.64431210
-219.62473058
-219.62200815
-219.61537633
-219.61405588
-219.61272514
-219.60461735
-219.55475145
-219.55450962
-219.55307907
-219.55220917
-219.54965556
-219.54846553
-219.54822903
-219.54715312
-219.54605678
-219.54264568
-219.54130049
-219.54074028
-219.54056832
-219.53842868
-219.53528319
-219.53493554
-219.53467762
-219.53332526
-219.53136675
-219.52659244
-219.52591863
-219.52563241
-219.52247288
-219.51976498
-219.51914799
-219.51768542
-219.51695248
-219.51392680
-219.51289066
-219.51134222
-219.51062577
-219.50860635
-219.50821633
-219.50749685
-219.50596723
-219.50493714
-219.50076377
-219.50000817
-219.49880265
-219.49624534
-219.49334436
-219.49284675
-219.49241871
-219.49077623
-219.49042356
-219.48756123
-219.48484267
-219.48369633
-219.48333046
-219.48254431
-219.48190807
-219.48167626
-219.48035910
-219.47950337
-219.47782311
-219.47682903
-219.47654582
-219.47547823
-219.47510433
-219.47349881
-219.47104619
-219.47100931
-219.47081702
-219.47022449
-219.46870583
-219.46643150
-219.46508024
-219.46447134
-219.46274445
-219.46224086
-219.46142651
-219.46083176
-219.46035527
-219.45979357
-219.45719043
-219.45705037
-219.45452849
-219.45413108
-219.44715077
-219.44522494
-219.44400563
-219.44222086
-219.44157861
-219.43980275
-219.43911635
-219.43735790
-219.43675899
-219.43652338
-219.43560935
-219.43531825
-219.43434092
-219.43320129
-219.43310045
-219.43226683
-219.43102703
-219.43060808
-219.43016274
-219.42952523
-219.42900541
-219.42734035
-219.42502821
-219.42445191
-219.42397280
-219.42329928
-219.42266951
-219.42242383
-219.42120656
-219.42033290
-219.42029832
-219.41956811
-219.41751422
-219.41475536
-219.41430673
-219.41287704
-219.41279918
-219.41265922
-219.41256561
-219.40938467
-219.40818097
-219.40777768
-219.40722221
-219.40560096
-219.40513716
-219.40415411
-219.40251885
-219.40220456
-219.39995818
-219.39983228
-219.39938563
-219.39852703
-219.39826419
-219.39557941
-219.39411276
-219.39351734
-219.39291864
-219.39234118
-219.39062121
-219.39053549
-219.38994521
-219.38766298
-219.38743962
-219.38659293
-219.38537212
-219.38443409
-219.38370131
-219.38328030
-219.38245433
-219.38190434
-219.37810465
-219.37751164
-219.37609297
-219.37475050
-219.37407307
-219.37234425
-219.36976442
-219.36881200
-219.36745033
-219.36686079
-219.36141589
-219.35931949
-219.35828498
-219.35174210
-219.35116612
-219.35045981
-219.34956427
-219.34939591
-219.34701582
-219.34652765
-219.34314967
-219.34286836
-219.34190288
-219.33993398
-219.33982303
-219.33934683
-219.33901366
-219.33663453
-219.33447245
-219.33359728
-219.33263615
-219.32633821
-219.32275982
-219.31811755
-219.31419576
-219.31162152
-219.31109123
-219.31059035
-219.30960803
-219.30805054
-219.30619583
-219.30577435
-219.30507743
-219.30307879
-219.30248673
-219.30053346
-219.29913068
-219.29857815
-219.29842678
-219.29508300
-219.29374059
-219.29329085
-219.29215487
-219.29143672
-219.29034754
-219.28880753
-219.28561351
-219.28492706
-219.28315295
-219.28278361
-219.27935898
-219.27885234
-219.27850281
-219.27754971
-219.27642453
-219.27285942
-219.26867103
-219.26847214
-219.26477154
-219.26290056
-219.26209087
-219.26096323
-219.25673505
-219.25651766
-219.25515630
-219.25284254
-219.24645566
-219.24608605
-219.24574588
-219.24495747
-219.24449393
-219.24323283
-219.24233440
-219.24044505
-219.23797587
-219.23647979
-219.23330410
-219.23171087
-219.22668274
-219.22331475
-219.22183988
-219.21708390
-219.21692501
-219.21650157
-219.21340472
-219.21234598
-219.20803412
-219.20796008
-219.20718584
-219.20633497
-219.20618888
-219.20157240
-219.20136448
-219.20001022
-219.19918847
-219.19617263
-219.19577265
-219.19535414
-219.19477680
-219.19384071
-219.19138476
-219.18781807
-219.18749590
-219.18709084
-219.18657111
-219.18411255
-219.18068160
-219.18025351
-219.17959621
-219.17912207
-219.17846068
-219.17674305
-219.17595817
-219.17270315
-219.17203994
-219.17051862
-219.17002665
-219.16982522
-219.16898750
-219.16645931
-219.16248353
-219.16236080
-219.16058786
-219.15978469
-219.15442282
-219.15417959
-219.15387989
-219.15175796
-219.14933188
-219.14867502
-219.14296595
-219.14264032
-219.14002119
-219.13797889
-219.13514472
-219.13433681
-219.12643612
-219.11965740
-219.11582110
-219.11552290
-219.11329003
-219.11231124
-219.11080505
-219.10977636
-219.10955922
-219.10822428
-219.10609996
-219.10558245
-219.10470081
-219.10447962
-219.10331879
-219.10300026
-219.10187177
-219.09576752
-219.09459916
-219.09227849
-219.09090939
-219.08862543
-219.08651141
-219.08065055
-219.07984206
-219.07690845
-219.07565975
-219.07360812
-219.07308197
-219.07227573
-219.07025891
-219.07008461
-219.06870776
-219.06866723
-219.06817072
-219.06686190
-219.06581296
-219.06435707
-219.06225303
-219.06146835
-219.06102757
-219.06005413
-219.05980277
-219.05851826
-219.05415742
-219.05325026
-219.05241186
-219.04956929
-219.04924526
-219.04636603
-219.04275423
-219.04243213
-219.03948682
-219.03886279
-219.02398174
-219.02200585
-219.01908582
-219.01640786
-219.01612230
-219.01459998
-219.01257652
-219.01225464
-219.01212958
-219.01031505
-219.00992467
-219.00848554
-219.00791759
-219.00591083
-219.00552550
-219.00287158
-219.00236549
-219.00193033
-219.00140298
-218.99846339
-218.99648574
-218.99503158
-218.99232141
-218.99100957
-218.99004874
-218.98925433
-218.98916100
-218.98886540
-218.98395499
-218.98175298
-218.98075781
-218.97592186
-218.97537092
-218.97225407
-218.97031630
-218.96648548
-218.96157259
-218.96067707
-218.95988315
-218.95898429
-218.95262095
-218.95253193
-218.95205835
-218.95189445
-218.94904635
-218.94836619
-218.94728837
-218.94607420
-218.94579676
-218.94482733
-218.94146900
-218.93930267
-218.93863600
-218.93759367
-218.93748251
-218.93646265
-218.93644740
-218.93267516
-218.93094267
-218.92969266
-218.92900195
-218.92733415
-218.92639526
-218.92193620
-218.91934056
-218.91742230
-218.91405120
-218.91222853
-218.90977740
-218.90768228
-218.90497474
-218.90409012
-218.89775568
-218.89734823
-218.89620675
-218.89259687
-218.89192302
-218.88953563
-218.88927684
-218.88846395
-218.88816483
-218.88788925
-218.88653249
-218.88480059
-218.88053624
-218.87629137
-218.87510035
-218.87349645
-218.86973200
-218.86434164
-218.85567054
-218.85379827
-218.85168928
-218.85047948
-218.84932114
-218.84649882
-218.84501476
-218.84421406
-218.84391263
-218.84123849
-218.83813178
-218.83760733
-218.83422125
-218.82839515
-218.82523910
-218.82363120
-218.82301056
-218.82248030
-218.81847870
-218.81471083
-218.81325444
-218.81161854
-218.81110835
-218.80892114
-218.80835364
-218.80498980
-218.80487559
-218.80340576
-218.79463884
-218.79401999
-218.79400064
-218.79357100
-218.78824220
-218.78784582
-218.78717807
-218.78697447
-218.78588533
-218.78183318
-218.77788452
-218.77741174
-218.77606641
-218.77339083
-218.77226348
-218.77166128
-218.76461392
-218.76296166
-218.76208606
-218.76156307
-218.76044974
-218.76029561
-218.75772196
-218.75535085
-218.75188211
-218.75117459
-218.74962359
-218.74808302
-218.74774499
-218.74528605
-218.74516394
-218.74191784
-218.74133181
-218.73759428
-218.73757085
-218.73039044
-218.73016569
-218.72549041
-218.72457117
-218.72229165
-218.71976936
-218.71881006
-218.71743605
-218.71548127
-218.71452264
-218.71431201
-218.71224819
-218.70838617
-218.70669428
-218.70587782
-218.70561662
-218.70470495
-218.70192476
-218.70039510
-218.69798657
-218.69306258
-218.69266788
-218.69227612
-218.69222100
-218.69120131
-218.68369019
-218.68295307
-218.67863600
-218.67759911
-218.67290754
-218.67096075
-218.66432313
-218.66208316
-218.65470846
-218.65324507
-218.64886800
-218.64756077
-218.64503850
-218.64292102
-218.62263727
-218.62229198
-218.61974492
-218.61920216
-218.61612306
-218.61372308
-218.61022078
-218.60742062
-218.60187424
-218.60052911
-218.58679758
-218.57575016
-218.57205167
-218.57025219
-218.56728118
-218.56612049
-218.56337997
-218.56316686
-218.56218147
-218.56013564
-218.55842880
-218.55538651
-218.55257754
-218.55172807
-218.54872773
-218.54344556
-218.54165387
-218.54038276
-218.52669786
-218.52039019
-218.48284145
-218.48127630
-218.47657018
-218.46954042
-218.46748132
-218.46498825
-218.45306309
-218.44866701
-218.44247607
-218.44050552
-218.43778056
-218.43116947
-218.43079616
-218.42297071
-218.41868558
-218.40857622
-218.40192171
-218.39799903
-218.35937823
-218.35185207
-218.34911942
-218.34721893
-218.33224744
-218.32532369
-218.31827469
-218.30926947
-218.30628680
-218.29972804
-218.29800107
-218.29560891
-218.29467958
-218.29233065
-218.28994331
-218.28884856
-218.28734125
-218.28452037
-218.27056581
-218.27033674
-218.27030719
-218.26709230
-218.26487710
-218.26172072
-218.26020840
-218.25550690
-218.25547294
-218.24651934
-218.24030727
-218.23285802
-218.23239016
-218.23225441
-218.22859456
-218.22704235
-218.22424165
-218.22387434
-218.21979880
-218.21435959
-218.21179874
-218.20770695
-218.20068998
-218.19111588
-218.18979704
-218.18886354
-218.18667853
-218.18476169
-218.18184507
-218.17338181
-218.16401038
-218.16371529
-218.16272342
-218.15733421
-218.15588455
-218.15420167
-218.15311695
-218.15257085
-218.14121820
-218.14003745
-218.13924954
-218.13381892
-218.13193209
-218.13003436
-218.12429190
-218.12103533
-218.11949431
-218.11653243
-218.11417472
-218.10752972
-218.10076678
-218.09864732
-218.09808903
-218.08744537
-218.07222879
-218.07129175
-218.07024974
-218.06726533
-218.06603680
-218.06100410
-218.06073282
-218.05998163
-218.05918055
-218.05915769
-218.05523345
-218.05096999
-218.04984069
-218.04904448
-218.04382212
-218.04282041
-218.04009230
-218.03839154
-218.03809565
-218.03755669
-218.03715416
-218.03038783
-218.02796407
-218.02747226
-218.02496109
-218.02326548
-218.02038103
-218.01950333
-218.01665856
-218.00633518
-218.00347806
-218.00161649
-218.00120978
-217.99922638
-217.99839571
-217.99169267
-217.99074346
-217.99007629
-217.98849392
-217.98789007
-217.98459378
-217.98357861
-217.97985885
-217.97937496
-217.97699140
-217.97589872
-217.97482793
-217.97118767
-217.97113033
-217.97095120
-217.96929929
-217.96792255
-217.96476615
-217.95976221
-217.95531595
-217.94152880
-217.94104664
-217.94000380
-217.93793256
-217.93648356
-217.92814932
-217.92756058
-217.92371250
-217.91031942
-217.90945153
-217.90662018
-217.90383249
-217.90321951
-217.90157308
-217.89905839
-217.89473960
-217.89242696
-217.88768352
-217.88438132
-217.88221797
-217.87719140
-217.87036236
-217.86615535
-217.85170922
-217.84983973
-217.84932228
-217.84926228
-217.84674513
-217.84335257
-217.84196314
-217.83313514
-217.83087834
-217.82996915
-217.82784139
-217.82138682
-217.81910869
-217.81514215
-217.80252222
-217.79789398
-217.79627452
-217.79459554
-217.79314362
-217.79045821
-217.78889147
-217.78563496
-217.78271558
-217.76998830
-217.76587195
-217.76413995
-217.76013926
-217.75810483
-217.75698409
-217.75614706
-217.75549746
-217.75479437
-217.75084407
-217.74574003
-217.74365918
-217.73943183
-217.73857697
-217.73844307
-217.73501790
-217.72652897
-217.72475716
-217.72079006
-217.71730774
-217.71616376
-217.71155191
-217.70966001
-217.70830488
-217.70666354
-217.69318017
-217.69116872
-217.68651440
-217.68645293
-217.68291985
-217.67323582
-217.65793727
-217.65595819
-217.65467428
-217.65393043
-217.64778516
-217.64571302
-217.64175828
-217.62442678
-217.62430779
-217.62236325
-217.61666391
-217.61208268
-217.61133081
-217.60724888
-217.60367035
-217.60185412
-217.60170837
-217.60036636
-217.59498705
-217.59461227
-217.58814027
-217.58692515
-217.58252117
-217.58076588
-217.58008297
-217.57451173
-217.56119017
-217.55893557
-217.55543058
-217.55266653
-217.54418806
-217.54114321
-217.53687675
-217.53558272
-217.53079428
-217.52971574
-217.52850860
-217.52443718
-217.52258383
-217.52228897
-217.52051410
-217.51503218
-217.51008989
-217.50784264
-217.50774769
-217.49922327
-217.49590057
-217.48292009
-217.47922815
-217.46792853
-217.46524431
-217.46065004
-217.46023685
-217.45782328
-217.45349579
-217.45020624
-217.44939904
-217.44869925
-217.44390075
-217.43861129
-217.43780376
-217.43546531
-217.43423669
-217.43072385
-217.42615909
-217.41189865
-217.39813541
-217.39120503
-217.38659955
-217.38587781
-217.37114425
-217.36267365
-217.35607006
-217.34165217
-217.33697491
-217.33463654
-217.33142471
-217.32823326
-217.32620796
-217.32521385
-217.32287069
-217.31242591
-217.31215932
-217.30820523
-217.30674720
-217.30568874
-217.30568170
-217.29926415
-217.29841501
-217.29809008
-217.29587247
-217.29205224
-217.29190183
-217.29033609
-217.29022117
-217.28929847
-217.28447169
-217.28235889
-217.27860306
-217.27654525
-217.27551594
-217.27339816
-217.20252245
-217.19465500
-217.18216831
-217.17570244
-217.16590395
-217.11143872
-217.10855112
-217.10486945
-217.10217736
-217.10081871
-217.09771569
-217.09641016
-217.09060271
-217.08338009
-217.08191220
-217.07783905
-217.07701438
-217.06875744
-217.06289636
-217.05862102
-217.03763582
-217.03449428
-217.02174954
-217.00714473
-216.99384983
-216.99100184
-216.98939412
-216.98838464
-216.97852750
-216.96853386
-216.96581749
-216.95989678
-216.95107434
-216.94445138
-216.94213707
-216.93281891
-216.92759324
-216.92618152
-216.91546982
-216.88817849
-216.88504189
-216.87685035
-216.83170310
-216.83002166
-216.82960229
-216.82286056
-216.81719386
-216.79799222
-216.79465906
-216.79384037
-216.78952183
-216.77895219
-216.76736722
-216.75421079
-216.75139763
-216.74982217
-216.74871798
-216.74690591
-216.73827599
-216.73597817
-216.71767501
-216.70196432
-216.69761957
-216.69068549
-216.68193617
-216.68088822
-216.66965699
-216.66026426
-216.64684419
-216.62089890
-216.61992947
-216.60821409
-216.60412164
-216.60196321
-216.59113899
-216.58833785
-216.58463803
-216.57147275
-216.55942761
-216.53445834
-216.51461211
-216.51219870
-216.50483098
-216.50183050
-216.45021971
-216.44703695
-216.44594899
-216.43432021
-216.43011311
-216.41146727
-216.27714227
-216.26470043
-216.25792815
-216.25216972
-216.24413071
-216.23538328
-216.20460601
-216.19735554
-216.19572717
-216.19173517
-216.17602860
-216.16795573
-216.00645603
-215.98556809
-215.97412698
-215.96504654
-215.95930622
-215.95331421
-215.15120785
-215.14679107
-215.14374378
-215.13935841
-215.13849385
-215.12842335
