-230.50308585
-230.49679444
-230.48341247
-230.48313821
-230.46766985
-230.46056821
-230.46045454
-230.45251097
-230.43968534
-230.43928512
-230.43690634
-230.43667059
-230.43642445
-230.43516605
-230.42317812
-230.42286243
-230.41972861
-230.41937159
-230.40710666
-230.40656069
-230.39513304
-230.39503341
-230.39343963
-230.38833889
-230.38380889
-230.38022277
-230.37984695
-230.37743156
-230.37558609
-230.37413339
-230.37395890
-230.37368973
-230.37295004
-230.36685866
-230.36665772
-230.36369740
-230.36242673
-230.36163377
-230.35716365
-230.35697375
-230.35633868
-230.35619893
-230.35597872
-230.34590841
-230.34193394
-230.34061117
-230.34011334
-230.33972412
-230.33499858
-230.33486021
-230.33294159
-230.33017113
-230.32575133
-230.32124120
-230.32083922
-230.32011137
-230.31992763
-230.31841812
-230.31519231
-230.31475509
-230.31464191
-230.31151820
-230.31051594
-230.30982058
-230.30761109
-230.30429510
-230.30399176
-230.30379368
-230.28997638
-230.28886489
-230.28642765
-230.28506381
-230.28452585
-230.28410329
-230.27644024
-230.27301176
-230.26884197
-230.26741005
-230.26469998
-230.26255793
-230.26218628
-230.26089353
-230.25900305
-230.25564207
-230.25526972
-230.25399948
-230.25275853
-230.25167296
-230.25082424
-230.25018881
-230.24978680
-230.24912821
-230.24590641
-230.24584552
-230.24433171
-230.24326878
-230.24313904
-230.24306278
-230.24095101
-230.23945704
-230.23810808
-230.23792001
-230.23609278
-230.23509928
-230.23345377
-230.23303325
-230.23255511
-230.23130650
-230.23085839
-230.22540241
-230.22513371
-230.22495354
-230.22461907
-230.22417421
-230.22258614
-230.22087186
-230.21930651
-230.21843440
-230.21818932
-230.21793506
-230.21757053
-230.21697624
-230.21669536
-230.21590655
-230.21495211
-230.21452073
-230.21244051
-230.21184538
-230.21130821
-230.20857676
-230.20751027
-230.20662187
-230.20586866
-230.20476965
-230.20448878
-230.20428235
-230.20390541
-230.20167707
-230.20131843
-230.20027115
-230.19931160
-230.19782408
-230.19685664
-230.19636086
-230.19568800
-230.19548392
-230.19483339
-230.19436083
-230.19339440
-230.19281548
-230.19014536
-230.18975436
-230.18766205
-230.18733914
-230.18542696
-230.18208137
-230.18158217
-230.18117419
-230.18094576
-230.17973908
-230.17942381
-230.17280284
-230.17201322
-230.17165893
-230.17156416
-230.17128384
-230.17031631
-230.17024005
-230.16943651
-230.16941573
-230.16891652
-230.16824864
-230.16813521
-230.16513386
-230.16456530
-230.16429643
-230.16238293
-230.16219272
-230.16183659
-230.16002254
-230.15709159
-230.15621572
-230.15560019
-230.15539816
-230.15245919
-230.15067128
-230.14931884
-230.14896444
-230.14810377
-230.14606324
-230.14578163
-230.14469373
-230.14410461
-230.14355264
-230.14269796
-230.14180874
-230.14150428
-230.14104643
-230.13996591
-230.13906627
-230.13646567
-230.13219352
-230.13168042
-230.12948775
-230.12900813
-230.12791626
-230.12743279
-230.12656137
-230.12536924
-230.12522254
-230.12495340
-230.12452096
-230.12437597
-230.12395701
-230.12239486
-230.12109161
-230.12100140
-230.11900911
-230.11872106
-230.11763163
-230.11291520
-230.11179025
-230.11155357
-230.11090301
-230.11088494
-230.11056216
-230.10952956
-230.10857758
-230.10728196
-230.10614864
-230.10598451
-230.10536258
-230.10522380
-230.10477722
-230.10457446
-230.10253064
-230.09879386
-230.09800586
-230.09622377
-230.09552960
-230.09534022
-230.09511736
-230.09481457
-230.09457158
-230.09404545
-230.09397643
-230.09257726
-230.09216548
-230.09158686
-230.09054681
-230.08794589
-230.08745163
-230.08654614
-230.08471838
-230.08453696
-230.08376918
-230.08213336
-230.08005046
-230.07975346
-230.07958001
-230.07948219
-230.07904084
-230.07698845
-230.07662878
-230.07650749
-230.07630216
-230.07472306
-230.07462204
-230.07420681
-230.07411507
-230.07317542
-230.07209078
-230.07177121
-230.07063930
-230.07032245
-230.06914945
-230.06884466
-230.06859437
-230.06824034
-230.06805641
-230.06753643
-230.06667962
-230.06617390
-230.06553735
-230.06460532
-230.06447226
-230.06371888
-230.06312356
-230.06114295
-230.06076645
-230.06051461
-230.05974394
-230.05925472
-230.05705302
-230.05596034
-230.05536086
-230.05433526
-230.05355328
-230.05283433
-230.05240908
-230.05222662
-230.05121182
-230.05052883
-230.05041057
-230.04817193
-230.04784762
-230.04634643
-230.04561923
-230.04516479
-230.04498817
-230.04325096
-230.04209734
-230.04192702
-230.04071276
-230.03857036
-230.03826373
-230.03766430
-230.03731083
-230.03676107
-230.03645847
-230.03616449
-230.03574334
-230.03548590
-230.03543156
-230.03403086
-230.03333339
-230.03294006
-230.03166077
-230.02990625
-230.02803297
-230.02606126
-230.02455184
-230.02398745
-230.02329480
-230.02321932
-230.02139301
-230.02038692
-230.01599473
-230.01572274
-230.01452923
-230.01437606
-230.01379868
-230.01353080
-230.01265692
-230.01233247
-230.01077429
-230.01005648
-230.00915573
-230.00793639
-230.00758238
-230.00619995
-230.00485499
-230.00446244
-230.00363191
-230.00191838
-230.00186349
-230.00038067
-230.00013125
-229.99975319
-229.99917170
-229.99830398
-229.99501911
-229.99481172
-229.99385081
-229.99321635
-229.99219147
-229.99092531
-229.98958478
-229.98924827
-229.98900041
-229.98759206
-229.98752661
-229.98733466
-229.98720471
-229.98482660
-229.98396709
-229.98370272
-229.98327342
-229.98201694
-229.97621018
-229.97549300
-229.97539306
-229.97487367
-229.97476712
-229.97382541
-229.97267486
-229.97113841
-229.97072000
-229.97070540
-229.96902031
-229.96687478
-229.96622231
-229.96595969
-229.96534942
-229.96512259
-229.96479602
-229.96466607
-229.96385264
-229.96275534
-229.96179562
-229.96076658
-229.96041676
-229.95984662
-229.95906171
-229.95731459
-229.95677510
-229.95676040
-229.95626350
-229.95535457
-229.95434553
-229.95380095
-229.95267519
-229.95156103
-229.95098519
-229.95033729
-229.94954733
-229.94851385
-229.94814480
-229.94637664
-229.94563009
-229.94526452
-229.94510832
-229.94464436
-229.94386780
-229.94353257
-229.94346332
-229.94261562
-229.94242817
-229.94073516
-229.94042288
-229.93978890
-229.93970803
-229.93820895
-229.93738949
-229.93735605
-229.93672558
-229.93568144
-229.93527739
-229.93493645
-229.93399631
-229.93244370
-229.93068260
-229.93012445
-229.93003422
-229.92801017
-229.92386763
-229.92342312
-229.92266573
-229.92246860
-229.92189331
-229.92181255
-229.92125967
-229.92084355
-229.91929376
-229.91866627
-229.91611939
-229.91584496
-229.91547364
-229.91501724
-229.91486224
-229.91450148
-229.91357314
-229.91238530
-229.91063856
-229.90962454
-229.90912752
-229.90890369
-229.90672307
-229.90627069
-229.90573605
-229.90557750
-229.90540295
-229.90520297
-229.90504564
-229.90466361
-229.90453683
-229.90164359
-229.90011897
-229.89942557
-229.89862969
-229.89808120
-229.89656278
-229.89581607
-229.89430581
-229.89394205
-229.89254048
-229.89133125
-229.89070195
-229.89003379
-229.88937559
-229.88855132
-229.88810962
-229.88783650
-229.88718895
-229.88601935
-229.88463299
-229.88393752
-229.88376991
-229.88345250
-229.88274556
-229.88216081
-229.88209350
-229.88057293
-229.88046086
-229.87907452
-229.87823093
-229.87716723
-229.87704156
-229.87589231
-229.87528819
-229.87482280
-229.87439225
-229.87396111
-229.87353063
-229.87333932
-229.87322382
-229.87272024
-229.87257163
-229.87230094
-229.87174089
-229.87099398
-229.87010491
-229.86912151
-229.86787724
-229.86727802
-229.86629251
-229.86597319
-229.86573837
-229.86474602
-229.86262874
-229.86118820
-229.86072023
-229.86046059
-229.85966084
-229.85947181
-229.85910073
-229.85867700
-229.85829259
-229.85821516
-229.85779299
-229.85762443
-229.85633960
-229.85392952
-229.85266064
-229.85231025
-229.85181585
-229.85052975
-229.84981831
-229.84863603
-229.84785738
-229.84726356
-229.84715987
-229.84637857
-229.84588901
-229.84489398
-229.84448820
-229.84420219
-229.84363279
-229.84333288
-229.84321879
-229.84279370
-229.84181318
-229.84157839
-229.84121962
-229.84017101
-229.83931382
-229.83843980
-229.83795274
-229.83708397
-229.83554898
-229.83505440
-229.83471995
-229.83401868
-229.83368436
-229.82930329
-229.82891969
-229.82823012
-229.82665909
-229.82640343
-229.82583534
-229.82516605
-229.82463683
-229.82415797
-229.82360570
-229.82249728
-229.82172709
-229.82104337
-229.82068561
-229.81966630
-229.81803534
-229.81748332
-229.81608385
-229.81469216
-229.81386344
-229.81337808
-229.81314996
-229.81285591
-229.81210663
-229.81181898
-229.81102058
-229.81000286
-229.80879764
-229.80765902
-229.80742341
-229.80476752
-229.80331458
-229.80072986
-229.79980525
-229.79785575
-229.79697103
-229.79672756
-229.79653216
-229.79629546
-229.79547556
-229.79487490
-229.79316603
-229.79215784
-229.79151936
-229.79004456
-229.78791711
-229.78750370
-229.78620420
-229.78430576
-229.78362485
-229.78306425
-229.78217732
-229.78082147
-229.78074191
-229.77964704
-229.77874518
-229.77829681
-229.77671205
-229.77638755
-229.77592278
-229.77566281
-229.77477742
-229.77126918
-229.77092138
-229.77036717
-229.76877414
-229.76856563
-229.76658190
-229.76646563
-229.76452271
-229.76423417
-229.76323338
-229.76282989
-229.76240866
-229.75945272
-229.75892258
-229.75828290
-229.75466697
-229.75438916
-229.75339394
-229.75266824
-229.75166573
-229.75137731
-229.75125571
-229.75092297
-229.75044368
-229.75024190
-229.75012091
-229.74978219
-229.74923775
-229.74834704
-229.74788577
-229.74772326
-229.74755672
-229.74721430
-229.74652661
-229.74536430
-229.74517160
-229.74421470
-229.74296414
-229.74260805
-229.74188373
-229.74132499
-229.74123148
-229.74041618
-229.74025490
-229.73950592
-229.73925821
-229.73888110
-229.73838712
-229.73836459
-229.73803184
-229.73766333
-229.73684302
-229.73665299
-229.73538648
-229.73456171
-229.73441357
-229.73400627
-229.73355375
-229.73343170
-229.73293475
-229.73256780
-229.73219137
-229.73153189
-229.73080858
-229.73014296
-229.72993620
-229.72987776
-229.72867945
-229.72854441
-229.72793159
-229.72737748
-229.72657986
-229.72627681
-229.72480004
-229.72391843
-229.72353228
-229.72339350
-229.72317360
-229.72276384
-229.72202533
-229.72188556
-229.72094171
-229.72030118
-229.71993767
-229.71760141
-229.71713201
-229.71576583
-229.71531634
-229.71459305
-229.71387000
-229.71364290
-229.71304609
-229.71177572
-229.71046964
-229.71014982
-229.70981354
-229.70832362
-229.70697406
-229.70658817
-229.70617935
-229.70408552
-229.70351166
-229.70246006
-229.70207195
-229.70172838
-229.70137017
-229.70113165
-229.70073303
-229.69972542
-229.69958108
-229.69762893
-229.69714158
-229.69414818
-229.69377134
-229.69241375
-229.69153015
-229.69121493
-229.69071347
-229.69044483
-229.68966876
-229.68850776
-229.68762089
-229.68664864
-229.68621876
-229.68555663
-229.68430957
-229.68377680
-229.68314234
-229.68202025
-229.68147540
-229.68105751
-229.68092651
-229.68065617
-229.68043684
-229.67995598
-229.67880344
-229.67870345
-229.67825824
-229.67744962
-229.67669366
-229.67605698
-229.67568723
-229.67432918
-229.67394490
-229.67328893
-229.67323890
-229.67256218
-229.67242665
-229.67200546
-229.67084546
-229.67073744
-229.66981480
-229.66873676
-229.66753272
-229.66702539
-229.66596454
-229.66548278
-229.66307961
-229.66272988
-229.66169159
-229.66101971
-229.66072147
-229.66053260
-229.66010342
-229.65820486
-229.65800233
-229.65772891
-229.65682575
-229.65631934
-229.65600880
-229.65561922
-229.65392509
-229.65170954
-229.65158613
-229.65104237
-229.65095166
-229.65082174
-229.65019454
-229.64918763
-229.64886982
-229.64844370
-229.64769485
-229.64717705
-229.64608601
-229.64372009
-229.64323670
-229.64302556
-229.64205799
-229.64178855
-229.64080660
-229.64010571
-229.63910728
-229.63895177
-229.63894661
-229.63876679
-229.63836733
-229.63820236
-229.63699416
-229.63682864
-229.63603721
-229.63456920
-229.63385757
-229.63351190
-229.63333934
-229.63265842
-229.63247708
-229.63126503
-229.63121684
-229.63045953
-229.62957223
-229.62909948
-229.62836689
-229.62770091
-229.62763971
-229.62741085
-229.62692535
-229.62569407
-229.62500924
-229.62446654
-229.62368689
-229.62309201
-229.62176901
-229.62111118
-229.62093678
-229.62041952
-229.62032639
-229.61980338
-229.61937285
-229.61866619
-229.61705550
-229.61564338
-229.61497903
-229.61486119
-229.61138746
-229.61112914
-229.60949484
-229.60939063
-229.60914617
-229.60863902
-229.60854819
-229.60642682
-229.60623179
-229.60568810
-229.60505219
-229.60418845
-229.60366403
-229.60336377
-229.60259956
-229.60205759
-229.60121122
-229.60085787
-229.60052150
-229.59982147
-229.59917088
-229.59848102
-229.59790255
-229.59717591
-229.59604592
-229.59568613
-229.59436481
-229.58951523
-229.58845553
-229.58725928
-229.58470805
-229.58363717
-229.58289094
-229.58256720
-229.58207710
-229.58156561
-229.57961625
-229.57808856
-229.57805687
-229.57628680
-229.57558651
-229.57457552
-229.57341710
-229.57327926
-229.57198826
-229.57153846
-229.57018580
-229.56918857
-229.56809723
-229.56738275
-229.56616491
-229.56487436
-229.56427115
-229.56352031
-229.56239157
-229.56213556
-229.56179033
-229.56132851
-229.56060813
-229.56003791
-229.55897304
-229.55822993
-229.55802628
-229.55741154
-229.55660546
-229.55610728
-229.55575909
-229.55541755
-229.55509552
-229.55485719
-229.55424641
-229.55363095
-229.55333793
-229.55302118
-229.55285194
-229.55222405
-229.54978968
-229.54885194
-229.54856187
-229.54830690
-229.54550748
-229.54474854
-229.54364680
-229.54246863
-229.54086410
-229.54079345
-229.53972376
-229.53927022
-229.53851468
-229.53795699
-229.53723024
-229.53674913
-229.53599337
-229.53528474
-229.53457542
-229.53432026
-229.53429614
-229.53377931
-229.53350217
-229.53268449
-229.53256079
-229.53196639
-229.53158275
-229.53138926
-229.53107314
-229.52914550
-229.52695142
-229.52648005
-229.52632389
-229.52534853
-229.52481146
-229.52217059
-229.52188397
-229.52127266
-229.52110040
-229.52096176
-229.52014864
-229.52003356
-229.51875656
-229.51815028
-229.51787073
-229.51758213
-229.51752696
-229.51713521
-229.51687765
-229.51640958
-229.51603667
-229.51545729
-229.51482925
-229.51398134
-229.51362534
-229.51312863
-229.51269973
-229.51256021
-229.51146396
-229.51101049
-229.50982258
-229.50937306
-229.50876390
-229.50817231
-229.50720175
-229.50675500
-229.50664515
-229.50584170
-229.50518428
-229.50473479
-229.50395356
-229.50314003
-229.50226743
-229.50093044
-229.49843606
-229.49825622
-229.49579913
-229.49525689
-229.49491400
-229.49465448
-229.49428626
-229.49419491
-229.49379985
-229.49290475
-229.49182642
-229.48951527
-229.48943171
-229.48869424
-229.48853888
-229.48809960
-229.48672273
-229.48638375
-229.48259570
-229.48202230
-229.48146844
-229.48039896
-229.48025712
-229.47959338
-229.47942791
-229.47882289
-229.47781705
-229.47733405
-229.47667558
-229.47395148
-229.47347591
-229.47190830
-229.47138634
-229.47121357
-229.46927350
-229.46880252
-229.46762583
-229.46719595
-229.46705789
-229.46675669
-229.46491225
-229.46409800
-229.46314784
-229.46149246
-229.46108917
-229.45985477
-229.45837704
-229.45738180
-229.45669838
-229.45477476
-229.45332210
-229.45203115
-229.45030518
-229.44956349
-229.44950164
-229.44908746
-229.44795997
-229.44770542
-229.44754283
-229.44628329
-229.44526729
-229.44433471
-229.44411954
-229.44334015
-229.44279560
-229.44242358
-229.44038099
-229.44001412
-229.43959027
-229.43885579
-229.43807204
-229.43714763
-229.43681659
-229.43673122
-229.43514605
-229.43476866
-229.43286920
-229.43261594
-229.43214532
-229.43194427
-229.43105235
-229.42946352
-229.42740095
-229.42634358
-229.42622448
-229.42568243
-229.42509027
-229.42451585
-229.42229646
-229.42180379
-229.42022497
-229.41844394
-229.41809061
-229.41759612
-229.41739736
-229.41703971
-229.41579136
-229.41566586
-229.41447559
-229.41417617
-229.41364095
-229.41253054
-229.41007894
-229.40704669
-229.40680883
-229.40596922
-229.40574584
-229.40497198
-229.40439567
-229.40405648
-229.40375113
-229.40363827
-229.40341303
-229.40251279
-229.40138639
-229.40006495
-229.39974885
-229.39923713
-229.39878228
-229.39783690
-229.39656493
-229.39594625
-229.39416137
-229.39326136
-229.39313619
-229.39166003
-229.39089931
-229.39035230
-229.38809470
-229.38758297
-229.38698726
-229.38512222
-229.38390446
-229.38276148
-229.38268876
-229.38240082
-229.38112256
-229.38086900
-229.37928413
-229.37849915
-229.37772405
-229.37745329
-229.37698012
-229.37636066
-229.37549553
-229.37467298
-229.37273703
-229.37140199
-229.37093992
-229.37023193
-229.36925513
-229.36820980
-229.36556148
-229.36443511
-229.36236825
-229.36105482
-229.35984636
-229.35900021
-229.35781858
-229.35605699
-229.35511507
-229.35457592
-229.35342100
-229.35278797
-229.35231825
-229.35196608
-229.35157573
-229.35059781
-229.35037574
-229.34866448
-229.34771384
-229.34484137
-229.34355700
-229.34304713
-229.34146818
-229.34101860
-229.34057192
-229.33936073
-229.33850230
-229.33841644
-229.33731670
-229.33604926
-229.33394970
-229.33346847
-229.33178533
-229.33153806
-229.33080508
-229.32877348
-229.32825424
-229.32732052
-229.32526696
-229.32419583
-229.32362642
-229.32313425
-229.32273684
-229.32134835
-229.32063107
-229.31912714
-229.31894028
-229.31818742
-229.31645151
-229.31365224
-229.31308650
-229.31225871
-229.31108282
-229.30995941
-229.30930641
-229.30917498
-229.30875554
-229.30642823
-229.30603656
-229.30517340
-229.30400132
-229.30358416
-229.30292900
-229.30073288
-229.30033795
-229.29919221
-229.29891900
-229.29655054
-229.29603860
-229.29394368
-229.29357992
-229.29215076
-229.29137830
-229.29073613
-229.29041584
-229.28867563
-229.28815845
-229.28690633
-229.28582769
-229.28287039
-229.28206434
-229.28094300
-229.28019683
-229.27841878
-229.27822939
-229.27784560
-229.27757837
-229.27688409
-229.27635304
-229.27520505
-229.27496077
-229.27411448
-229.27371137
-229.27328457
-229.27053632
-229.27032851
-229.26989404
-229.26568502
-229.26303146
-229.26075890
-229.26017160
-229.25982151
-229.25925965
-229.25808278
-229.25527667
-229.25440669
-229.24980581
-229.24860247
-229.24533317
-229.24436467
-229.23932519
-229.23895038
-229.23561696
-229.23509758
-229.23419008
-229.23319838
-229.23171518
-229.23011820
-229.22993773
-229.22950494
-229.22897409
-229.22724933
-229.22657666
-229.22535922
-229.22452871
-229.22426605
-229.22369840
-229.22023507
-229.21944895
-229.21878468
-229.21807995
-229.21727297
-229.21643129
-229.21521989
-229.21436682
-229.21334784
-229.21276416
-229.21094423
-229.20959495
-229.20957360
-229.20867530
-229.20464813
-229.20396624
-229.20320373
-229.20265726
-229.20216842
-229.20056886
-229.19879055
-229.19785353
-229.19583831
-229.19516008
-229.19482520
-229.19462585
-229.19459991
-229.19119583
-229.18783450
-229.18675385
-229.18492117
-229.18358994
-229.18150409
-229.18010071
-229.17949523
-229.17910582
-229.17826800
-229.17754241
-229.17687777
-229.17650369
-229.17515452
-229.17276651
-229.17177928
-229.17128280
-229.16945359
-229.16860409
-229.16789895
-229.16658859
-229.16547537
-229.16347456
-229.16064802
-229.15851569
-229.15791033
-229.15704113
-229.15664915
-229.15619789
-229.15545283
-229.14968083
-229.14453235
-229.14313064
-229.14117642
-229.13970395
-229.13924279
-229.13887960
-229.13758783
-229.13551399
-229.13489263
-229.13422888
-229.13384069
-229.13320928
-229.13273888
-229.13130200
-229.13033017
-229.12931212
-229.12886202
-229.12867822
-229.12698539
-229.12489320
-229.12433815
-229.12396122
-229.12284675
-229.12247996
-229.12103756
-229.11953336
-229.11502594
-229.11404585
-229.11326017
-229.11184869
-229.10900649
-229.10820761
-229.10695492
-229.10573762
-229.10505158
-229.10315069
-229.10274849
-229.10206918
-229.10088847
-229.09989185
-229.09796631
-229.09466615
-229.09194344
-229.09152135
-229.08977147
-229.08891332
-229.08770001
-229.08504284
-229.08434123
-229.08383586
-229.08293576
-229.08248823
-229.08029163
-229.07951487
-229.07423192
-229.07218698
-229.07098207
-229.06852490
-229.06580222
-229.06412948
-229.06125663
-229.05978170
-229.05875148
-229.05644891
-229.05524000
-229.05419074
-229.05343370
-229.05228677
-229.04769317
-229.04750967
-229.04680157
-229.04502174
-229.04347640
-229.04319495
-229.04206538
-229.03858847
-229.03656179
-229.03393473
-229.03340145
-229.03312748
-229.02952300
-229.02878865
-229.02659219
-229.02513348
-229.02332422
-229.02253826
-229.02070151
-229.01929700
-229.01857850
-229.01635941
-229.01604166
-229.01462895
-229.01087706
-229.01041356
-229.00826188
-229.00575236
-229.00451830
-229.00213353
-229.00156097
-229.00079299
-229.00033889
-229.00012499
-228.99919237
-228.99817304
-228.99646210
-228.99619836
-228.99574083
-228.99471313
-228.99282369
-228.99041043
-228.98948693
-228.98778271
-228.98662996
-228.98566435
-228.98413390
-228.98401225
-228.98356896
-228.98295747
-228.98152995
-228.98062360
-228.98041552
-228.97750146
-228.97349148
-228.97192429
-228.97089661
-228.97021374
-228.96966923
-228.96906557
-228.96841608
-228.96742956
-228.96380363
-228.96277805
-228.96126669
-228.95898782
-228.95625694
-228.95483554
-228.95192203
-228.95126825
-228.95051813
-228.95032592
-228.94862584
-228.94601830
-228.94499089
-228.94421917
-228.94253748
-228.94200098
-228.93975179
-228.93792835
-228.93744961
-228.93657028
-228.93562037
-228.93509798
-228.93454636
-228.93281906
-228.93144094
-228.93007827
-228.92946060
-228.92839780
-228.92721916
-228.92637830
-228.92593809
-228.92557810
-228.92378411
-228.92147931
-228.91941488
-228.91396385
-228.91362743
-228.91031708
-228.90853472
-228.90825522
-228.90600232
-228.90462722
-228.90362993
-228.90229229
-228.90119082
-228.90019216
-228.89930242
-228.89810155
-228.89673762
-228.89493969
-228.88983971
-228.88953294
-228.88781818
-228.88691866
-228.88403670
-228.88218798
-228.88128429
-228.87635941
-228.87306836
-228.87131862
-228.86942449
-228.86802127
-228.86703604
-228.86655725
-228.86513844
-228.86464440
-228.86317791
-228.86191028
-228.86144376
-228.86081613
-228.86001490
-228.85942854
-228.85829692
-228.85740968
-228.85652248
-228.85617878
-228.85539696
-228.85477406
-228.85263915
-228.85048810
-228.84677082
-228.84525417
-228.84412161
-228.84370282
-228.84189740
-228.84174409
-228.84104471
-228.84046129
-228.83895547
-228.83815637
-228.83729861
-228.83451107
-228.83366392
-228.83153732
-228.83006242
-228.82953529
-228.82667582
-228.82610098
-228.82504463
-228.82375682
-228.82228259
-228.82105112
-228.82045542
-228.81960912
-228.81890617
-228.81738643
-228.81630777
-228.81575551
-228.81540938
-228.81336803
-228.81115336
-228.80477264
-228.80301092
-228.80171561
-228.79744838
-228.79628517
-228.79482580
-228.79379188
-228.79258722
-228.79220334
-228.78894173
-228.78834453
-228.78770947
-228.78599155
-228.78475214
-228.78440382
-228.78367201
-228.78148733
-228.77946353
-228.77912137
-228.77827749
-228.77792118
-228.77675757
-228.77661383
-228.77488880
-228.77437432
-228.77358067
-228.77209603
-228.77136111
-228.76821767
-228.76683578
-228.76561683
-228.76301561
-228.76092449
-228.76076049
-228.75997974
-228.75981932
-228.75628070
-228.75574850
-228.75357334
-228.75278120
-228.75156938
-228.75022436
-228.74964184
-228.74946995
-228.74871322
-228.74363484
-228.74045190
-228.73935454
-228.73845718
-228.73822586
-228.73669910
-228.73582706
-228.73390967
-228.73307893
-228.73111766
-228.72803295
-228.72676883
-228.72598906
-228.72508143
-228.72233589
-228.72180687
-228.72114926
-228.71958133
-228.71791160
-228.71761236
-228.71481520
-228.71309155
-228.71164570
-228.71080262
-228.70977410
-228.70690962
-228.70578660
-228.70412906
-228.70305909
-228.70155886
-228.69850187
-228.69802892
-228.69796731
-228.69633725
-228.69533046
-228.69424204
-228.69416266
-228.69328886
-228.69308631
-228.68598894
-228.68424869
-228.68383738
-228.68353097
-228.68318584
-228.68050454
-228.67914377
-228.67808470
-228.67754978
-228.67644191
-228.67578295
-228.67553080
-228.66906505
-228.66826210
-228.66693010
-228.66660221
-228.66596189
-228.66496183
-228.66445482
-228.66367465
-228.66308012
-228.66236781
-228.66191310
-228.66163932
-228.66122051
-228.65824821
-228.65824517
-228.65696297
-228.65592986
-228.65543146
-228.65483047
-228.65217086
-228.65024444
-228.64920707
-228.64835267
-228.64776331
-228.64587019
-228.63792366
-228.63656735
-228.63565139
-228.63516477
-228.63287694
-228.63198149
-228.62935528
-228.62790661
-228.62729116
-228.62492741
-228.62437320
-228.62381013
-228.61862381
-228.61824492
-228.61522258
-228.61401723
-228.61209557
-228.61158423
-228.61011128
-228.60883811
-228.60798059
-228.60707720
-228.60456427
-228.60375940
-228.60064918
-228.59945896
-228.59899795
-228.59567595
-228.59426501
-228.59322545
-228.59205050
-228.59098780
-228.59036599
-228.58834677
-228.58648615
-228.58500167
-228.58123017
-228.58039023
-228.57979439
-228.57938686
-228.57868578
-228.57776484
-228.57628893
-228.57540889
-228.57397365
-228.57310763
-228.57002155
-228.56798640
-228.56586861
-228.56299322
-228.56210945
-228.56004893
-228.55890203
-228.55788727
-228.55481555
-228.55260639
-228.55011176
-228.54747882
-228.54479955
-228.54128340
-228.54101532
-228.54024989
-228.53978129
-228.53924928
-228.53853045
-228.53636544
-228.53541945
-228.53407721
-228.53381915
-228.53275088
-228.53207879
-228.53125438
-228.52947672
-228.52819233
-228.52654036
-228.52207941
-228.52084838
-228.52036196
-228.52011167
-228.51973188
-228.51926009
-228.51845991
-228.51745878
-228.51471805
-228.51367955
-228.51263475
-228.51175767
-228.51152021
-228.51086058
-228.50305887
-228.50203030
-228.49825938
-228.49781884
-228.49685873
-228.49596500
-228.49219275
-228.49084238
-228.48953893
-228.48911006
-228.48815812
-228.48672755
-228.48561140
-228.48453782
-228.48368815
-228.48346900
-228.48295366
-228.48052768
-228.47982677
-228.47950625
-228.47847680
-228.47754632
-228.47705158
-228.47650366
-228.47442112
-228.46610714
-228.46433708
-228.46280968
-228.46212491
-228.46144164
-228.46097488
-228.45989633
-228.45909669
-228.45838953
-228.45725200
-228.45670636
-228.45510447
-228.45409013
-228.45221115
-228.45136991
-228.44649852
-228.44529180
-228.44476274
-228.44374709
-228.44251276
-228.44004242
-228.43861690
-228.43747300
-228.43608167
-228.43516084
-228.43446777
-228.43306869
-228.43271573
-228.43258777
-228.43142818
-228.43111627
-228.43022645
-228.42941745
-228.42896613
-228.42791430
-228.42775215
-228.42689905
-228.42596635
-228.42409728
-228.42288828
-228.42161384
-228.42094626
-228.41958192
-228.41763730
-228.41641946
-228.41428730
-228.41343566
-228.40561005
-228.40483318
-228.40139223
-228.39680015
-228.39629028
-228.39614042
-228.39474385
-228.39349491
-228.39292716
-228.39235949
-228.39134637
-228.39021170
-228.38844141
-228.38605550
-228.38562179
-228.38182848
-228.38017589
-228.37676512
-228.37634112
-228.37588093
-228.37507743
-228.37470616
-228.37402803
-228.37311841
-228.37105540
-228.36732534
-228.36672620
-228.36573532
-228.36461140
-228.36377937
-228.36335365
-228.35980590
-228.35864092
-228.35687501
-228.35399124
-228.35374213
-228.35299862
-228.35245080
-228.35208118
-228.35112288
-228.35086396
-228.35051890
-228.34975139
-228.34956833
-228.33895600
-228.33516000
-228.33479400
-228.33394222
-228.33241536
-228.33146386
-228.33093774
-228.33059665
-228.32958849
-228.32884856
-228.32562068
-228.32557503
-228.32402492
-228.32177207
-228.32027504
-228.31921792
-228.31860864
-228.31648086
-228.31621028
-228.31506780
-228.31475380
-228.31460457
-228.31353063
-228.31210383
-228.31043380
-228.31026798
-228.30618767
-228.30245518
-228.30186290
-228.30099833
-228.30034730
-228.29998619
-228.29825709
-228.29635956
-228.29554210
-228.29439683
-228.29355594
-228.29288607
-228.29162899
-228.29045500
-228.28985821
-228.28627123
-228.28562464
-228.28313448
-228.28245147
-228.28139533
-228.27779510
-228.27673140
-228.27634492
-228.27504811
-228.27303579
-228.26950097
-228.26852015
-228.26800784
-228.26643995
-228.26613363
-228.26334418
-228.26233168
-228.26165391
-228.26068037
-228.25573704
-228.25493165
-228.25394800
-228.25351572
-228.25215363
-228.25069697
-228.24918783
-228.24839749
-228.24543765
-228.24455608
-228.24384326
-228.24355271
-228.24322700
-228.24158596
-228.24113760
-228.23440778
-228.23218251
-228.23202490
-228.23120625
-228.23050532
-228.22995894
-228.22862950
-228.22693135
-228.22581268
-228.22049852
-228.21851395
-228.21734914
-228.21677395
-228.21591748
-228.21527763
-228.21440971
-228.21283161
-228.21121946
-228.21080521
-228.20817556
-228.20683217
-228.20588059
-228.20521355
-228.20326546
-228.20157618
-228.20058368
-228.20008090
-228.19910810
-228.19570131
-228.19501715
-228.19414923
-228.19233778
-228.19035185
-228.18592159
-228.18383289
-228.18194644
-228.18087896
-228.17949949
-228.17943450
-228.17860149
-228.17834301
-228.17705081
-228.17651819
-228.17602315
-228.17545072
-228.17454039
-228.17439420
-228.17368331
-228.17263956
-228.17247542
-228.17050601
-228.16836798
-228.16798370
-228.16691914
-228.16627966
-228.16444578
-228.16330102
-228.16164524
-228.16000854
-228.15864072
-228.15767258
-228.15721309
-228.15521838
-228.15239863
-228.14767595
-228.14500946
-228.14288769
-228.14201037
-228.14059536
-228.13901577
-228.13701133
-228.13482242
-228.13344155
-228.13143607
-228.12711949
-228.12390352
-228.12082153
-228.11805645
-228.11768032
-228.11589486
-228.11516118
-228.11466004
-228.11423447
-228.11277974
-228.11103271
-228.11032419
-228.10811344
-228.10689538
-228.10493709
-228.10430996
-228.10241098
-228.09577558
-228.09396377
-228.09331695
-228.09021039
-228.08800461
-228.08604741
-228.08454716
-228.08381812
-228.08185238
-228.08031740
-228.07936553
-228.07836362
-228.07716535
-228.07650381
-228.07543436
-228.07092663
-228.06699259
-228.06477809
-228.06308667
-228.06218917
-228.06064927
-228.05928679
-228.05753877
-228.05100071
-228.05015363
-228.04993805
-228.04932278
-228.04697141
-228.04369367
-228.04171091
-228.03880871
-228.03753806
-228.03116320
-228.03078916
-228.03024412
-228.02832706
-228.02764322
-228.02570460
-228.02502098
-228.02149713
-228.01969143
-228.01949734
-228.01773471
-228.01633604
-228.01550686
-228.01350315
-228.01072053
-228.01014932
-228.00637801
-228.00538920
-228.00446839
-228.00277721
-228.00234686
-228.00044884
-227.99894555
-227.99870047
-227.98998573
-227.98713758
-227.98599467
-227.98393436
-227.98278589
-227.98267178
-227.98221519
-227.98111467
-227.97991333
-227.97938615
-227.97778022
-227.97714747
-227.97678728
-227.97537788
-227.97387975
-227.97286202
-227.96985997
-227.96929074
-227.96454659
-227.96354702
-227.95780135
-227.95733172
-227.95646344
-227.95567054
-227.95196257
-227.95032460
-227.94702890
-227.94405344
-227.93761717
-227.93722345
-227.93494252
-227.93384356
-227.93057240
-227.92932123
-227.92197410
-227.92110135
-227.91869699
-227.91677574
-227.91522743
-227.91391298
-227.91324025
-227.90533898
-227.90251236
-227.89955894
-227.89768123
-227.89736280
-227.89608489
-227.89584052
-227.89183903
-227.88579809
-227.87920903
-227.87894496
-227.87614536
-227.87441676
-227.87384339
-227.87304616
-227.87023867
-227.86805748
-227.86721112
-227.86582854
-227.86530041
-227.86265181
-227.86167121
-227.84958842
-227.84951647
-227.84775030
-227.84644429
-227.84578980
-227.84472366
-227.84360049
-227.84295977
-227.84053067
-227.84037093
-227.83815972
-227.83679367
-227.83648928
-227.82798538
-227.82676416
-227.82507920
-227.82337093
-227.82159387
-227.81876999
-227.81498876
-227.81392261
-227.81075547
-227.80778406
-227.80577037
-227.80427003
-227.80118046
-227.80008542
-227.79947897
-227.79867172
-227.79579290
-227.79470535
-227.78878044
-227.78723339
-227.78164926
-227.77141387
-227.77098275
-227.76863700
-227.76743012
-227.76689256
-227.76555958
-227.76007811
-227.75924304
-227.75802906
-227.75395488
-227.75246570
-227.75187106
-227.75123820
-227.74926600
-227.73994673
-227.73846946
-227.73202680
-227.72993169
-227.72913564
-227.72682945
-227.72644756
-227.72374534
-227.71928908
-227.70844876
-227.70775074
-227.70755290
-227.70507154
-227.70478993
-227.70212787
-227.69743722
-227.69368700
-227.69100940
-227.68487841
-227.68023967
-227.67937420
-227.67782451
-227.67705983
-227.67624862
-227.67384460
-227.67157093
-227.67010941
-227.66896378
-227.66698143
-227.66655091
-227.66591735
-227.66414635
-227.66068671
-227.65694570
-227.65425253
-227.65285918
-227.65174689
-227.64960474
-227.64487216
-227.64178206
-227.64134456
-227.63843235
-227.63526760
-227.62950512
-227.62326229
-227.62213799
-227.62157965
-227.61720057
-227.61627849
-227.61010175
-227.60796087
-227.60381229
-227.59300627
-227.59272075
-227.59208475
-227.58829021
-227.58817546
-227.58700350
-227.58608905
-227.57745155
-227.57418957
-227.57236168
-227.56690678
-227.56240128
-227.56113973
-227.55993753
-227.55754306
-227.55509633
-227.55447620
-227.55020214
-227.54888003
-227.54834860
-227.54310527
-227.53774959
-227.53360622
-227.53181546
-227.52717377
-227.52375655
-227.52071439
-227.52000491
-227.51510948
-227.50973853
-227.50814613
-227.50695605
-227.50513112
-227.50350220
-227.50152315
-227.49954232
-227.49477368
-227.49348057
-227.48912669
-227.48542963
-227.47805812
-227.47724155
-227.47473403
-227.47355536
-227.47205332
-227.46945336
-227.46895871
-227.46346288
-227.45745039
-227.45443049
-227.45211584
-227.45088349
-227.44998747
-227.44784297
-227.44443734
-227.44414105
-227.44159648
-227.44062542
-227.43964986
-227.43556646
-227.42629832
-227.42427187
-227.42287309
-227.42220568
-227.41651707
-227.41084342
-227.40800533
-227.40418952
-227.40183394
-227.39423517
-227.38563996
-227.38097068
-227.37498508
-227.36796281
-227.36423785
-227.36142882
-227.35543383
-227.35356878
-227.34989788
-227.34582917
-227.34461882
-227.34247711
-227.33999462
-227.33708662
-227.33608439
-227.33161410
-227.33066462
-227.32902548
-227.32618038
-227.32392093
-227.32045076
-227.31884237
-227.31837767
-227.31644166
-227.31472140
-227.31202064
-227.30713062
-227.30439149
-227.30175937
-227.29882466
-227.29444529
-227.28696743
-227.27538532
-227.27488346
-227.26754467
-227.26621595
-227.25635492
-227.24820585
-227.24599809
-227.24323873
-227.23916206
-227.23316546
-227.22571187
-227.22349401
-227.21897842
-227.21768767
-227.21217086
-227.21054790
-227.20949097
-227.20861609
-227.20685389
-227.20326416
-227.19700442
-227.19640165
-227.19188656
-227.18918329
-227.18277017
-227.17445406
-227.16961902
-227.16260432
-227.15946014
-227.15812573
-227.15421107
-227.14587158
-227.14211723
-227.13967378
-227.13698030
-227.13493808
-227.13241486
-227.12671083
-227.12348682
-227.12127661
-227.10311289
-227.09682575
-227.08667381
-227.08545615
-227.08406404
-227.07874324
-227.07747151
-227.07740783
-227.06765478
-227.06375152
-227.05288311
-227.05144994
-227.05073033
-227.04651054
-227.04534560
-227.04403332
-227.01953010
-227.01891280
-227.01577560
-227.01335645
-227.01184830
-227.00191859
-226.99681180
-226.98364003
-226.97668302
-226.97510570
-226.97104502
-226.96789827
-226.96644197
-226.96416897
-226.95371597
-226.95040539
-226.94211677
-226.92325567
-226.91723174
-226.91338553
-226.90745272
-226.90489979
-226.89851790
-226.89821899
-226.89314152
-226.89195855
-226.88731799
-226.88102671
-226.85299191
-226.85043048
-226.84548190
-226.82336855
-226.82209505
-226.82048959
-226.81128271
-226.80534306
-226.80177812
-226.80069452
-226.79322596
-226.79149800
-226.78605949
-226.78584174
-226.78454839
-226.78188297
-226.78047531
-226.76562524
-226.73713109
-226.73684488
-226.72173875
-226.71769846
-226.71742798
-226.71442919
-226.67687374
-226.67160895
-226.67118653
-226.66499685
-226.65913827
-226.64880861
-226.57781170
-226.57140591
-226.56656250
-226.56617241
-226.56398002
-226.55987141
-226.55519244
-226.54619071
-226.53933329
-226.47773383
-226.47631674
-226.46097640
-226.42675131
-226.40469331
-226.39997924
-226.38345899
-226.38207627
-226.36686955
-226.35032796
-226.26511008
-226.25836192
-226.24004451
-226.23924653
-226.06204335
-226.06016712
-225.93643574
-225.79817784
-225.79771756
-225.64039681
-225.63516872
-225.62911403
-225.54138307
-225.53930734
-225.52505456
-225.46465979
-225.41315267
-225.30323500
-225.30235979
-225.12352652
-225.12105571
-224.99607026
-219.86243755
-219.86091726
-219.86057299
-219.85995900
-219.85918641
-219.85847047
-219.69022192
-219.68919366
-219.68857130
-219.68713041
-219.68635403
-219.68204282
-219.64141479
-219.64067705
-219.63971869
-219.63894496
-219.63809243
-219.63795774
-219.57939436
-219.57910429
-219.57841068
-219.57768995
-219.57703011
-219.57663634
-219.57100205
-219.56950448
-219.56907079
-219.56883883
-219.56839344
-219.56818001
-219.56787135
-219.56761107
-219.56711080
-219.56654743
-219.56569854
-219.56535574
-219.55264559
-219.55170483
-219.55144276
-219.55035570
-219.55016249
-219.54963656
-219.54182408
-219.54110490
-219.54083757
-219.54055608
-219.53966490
-219.53940196
-219.53906240
-219.53832845
-219.53819097
-219.53765327
-219.53726472
-219.53674559
-219.52419737
-219.52370262
-219.52300737
-219.52254102
-219.52198616
-219.52185905
-219.50938944
-219.50618409
-219.50611450
-219.50540062
-219.50526105
-219.50435861
-219.50411393
-219.50392752
-219.50358163
-219.50323999
-219.50292937
-219.50276757
-219.50223879
-219.50210282
-219.50154027
-219.50106303
-219.50061447
-219.50013128
-219.49920911
-219.49912064
-219.49828352
-219.49790857
-219.49649696
-219.49635162
-219.49548684
-219.49437588
-219.49369285
-219.49335575
-219.49272654
-219.49238385
-219.49116040
-219.48951695
-219.48923152
-219.48918990
-219.48852512
-219.48791454
-219.47022240
-219.46957965
-219.46894928
-219.46864545
-219.46783584
-219.46766490
-219.46707546
-219.46626332
-219.46566875
-219.46478475
-219.46445206
-219.46408717
-219.45924133
-219.45811148
-219.45748501
-219.45648678
-219.45600260
-219.45536791
-219.45510305
-219.45382182
-219.45317382
-219.45293870
-219.45287318
-219.45209981
-219.45189213
-219.45164579
-219.45146686
-219.45060851
-219.45019267
-219.45002247
-219.44066987
-219.43937749
-219.43811649
-219.43804892
-219.43779265
-219.43746230
-219.43732160
-219.43727291
-219.43628820
-219.43612308
-219.43494187
-219.43466869
-219.43417830
-219.43404739
-219.43307252
-219.43230756
-219.43140568
-219.43126522
-219.43066855
-219.42967785
-219.42909143
-219.42872517
-219.42816398
-219.42743929
-219.42035268
-219.41941836
-219.41916771
-219.41841644
-219.41829830
-219.41814280
-219.41522272
-219.41410288
-219.41352485
-219.41262488
-219.41227277
-219.41185275
-219.40894531
-219.40801877
-219.40777100
-219.40750864
-219.40625164
-219.40571087
-219.39895220
-219.39768354
-219.39707967
-219.39652430
-219.39593925
-219.39500152
-219.38632810
-219.38575472
-219.38425124
-219.38388669
-219.38300039
-219.38283435
-219.37285965
-219.37260772
-219.37167763
-219.37107191
-219.37096812
-219.37042325
-219.36746320
-219.36732007
-219.36644450
-219.36566215
-219.36475436
-219.36426352
-219.36341835
-219.36319206
-219.36245171
-219.36174764
-219.36139440
-219.36120413
-219.33811168
-219.33645433
-219.33589771
-219.33466716
-219.33401799
-219.33370618
-219.33119877
-219.33046353
-219.32954737
-219.32847075
-219.32778022
-219.32722167
-219.32682648
-219.32474339
-219.32387888
-219.32357000
-219.32266792
-219.32218061
-219.32147013
-219.32000641
-219.31969065
-219.31844974
-219.31809433
-219.31730971
-219.31397194
-219.31370248
-219.31303812
-219.31183200
-219.31152025
-219.31098175
-219.29148944
-219.29067260
-219.28942993
-219.28850523
-219.28737354
-219.28558957
-219.28005207
-219.27703559
-219.27647336
-219.27588905
-219.27468175
-219.27366714
-219.27101305
-219.27031778
-219.26835784
-219.26820435
-219.26775190
-219.26736456
-219.26654379
-219.26627369
-219.26604881
-219.26546806
-219.26377935
-219.26336112
-219.24567315
-219.24475809
-219.24388644
-219.24215651
-219.23804442
-219.23799479
-219.23740269
-219.23695292
-219.23630982
-219.23601125
-219.23517686
-219.23494578
-219.23475434
-219.23451220
-219.23374792
-219.23234475
-219.23026026
-219.23020295
-219.22966642
-219.22952481
-219.22730676
-219.22678462
-219.22580560
-219.22394609
-219.21154506
-219.21049713
-219.20936662
-219.20894933
-219.20886835
-219.20855907
-219.20436167
-219.20397803
-219.20366995
-219.20355802
-219.20194030
-219.20191260
-219.19937427
-219.19922523
-219.19855722
-219.19751565
-219.19629536
-219.19595903
-219.18625638
-219.18506261
-219.18464724
-219.18449568
-219.18370043
-219.18357874
-219.18328415
-219.18300016
-219.18189414
-219.18080450
-219.18063977
-219.18013733
-219.17806814
-219.17653842
-219.17618046
-219.17582888
-219.17538962
-219.17521348
-219.13993747
-219.13874922
-219.13739190
-219.13734298
-219.13664775
-219.13608585
-219.13443482
-219.13357152
-219.13251617
-219.13229615
-219.13082429
-219.13051160
-219.12791949
-219.12777684
-219.12701963
-219.12607939
-219.12545450
-219.12487813
-219.11632717
-219.11602490
-219.11594525
-219.11539454
-219.11477751
-219.11442665
-219.09789184
-219.09747258
-219.09707992
-219.09690407
-219.09608333
-219.09567984
-219.09534103
-219.09500231
-219.09452302
-219.09441454
-219.09409397
-219.09394162
-219.09385454
-219.09354559
-219.09274093
-219.09245162
-219.09197141
-219.09147976
-219.07120342
-219.07106886
-219.06992162
-219.06959991
-219.06886223
-219.06859311
-219.06363552
-219.06264806
-219.06224233
-219.06158574
-219.06061636
-219.06020899
-219.04476901
-219.04462990
-219.04348057
-219.04296370
-219.04224992
-219.04203065
-219.03977199
-219.03840683
-219.03756696
-219.03667522
-219.03640593
-219.03612316
-219.01983547
-219.01965318
-219.01947122
-219.01867619
-219.01841582
-219.01696736
-219.01672646
-219.01653285
-219.01530535
-219.01413789
-219.01408198
-219.01353675
-219.01002730
-219.00860586
-219.00690466
-219.00638506
-219.00553264
-219.00508060
-219.00126375
-219.00040743
-218.99899489
-218.99851031
-218.99721129
-218.99594741
-218.98598421
-218.98525424
-218.98394810
-218.98338784
-218.98274465
-218.98237410
-218.97199984
-218.97174525
-218.97106511
-218.97005082
-218.96972166
-218.96934826
-218.96915170
-218.96860420
-218.96818548
-218.96736449
-218.96644888
-218.96558966
-218.95694529
-218.95679944
-218.95637146
-218.95568697
-218.95526087
-218.95470197
-218.94698785
-218.94613998
-218.94564004
-218.94546249
-218.94503791
-218.94438369
-218.92853289
-218.92777755
-218.92542000
-218.92476726
-218.92434787
-218.92427225
-218.91661522
-218.91387600
-218.91360450
-218.91194950
-218.91114800
-218.91017756
-218.90303205
-218.90152707
-218.90061396
-218.90026371
-218.90003584
-218.89923990
-218.88992330
-218.88858962
-218.88710465
-218.88668194
-218.88622892
-218.88359263
-218.87366808
-218.87290921
-218.87160134
-218.87144956
-218.86943763
-218.86805537
-218.86394156
-218.86228549
-218.86079552
-218.85977727
-218.85958980
-218.85869901
-218.84244761
-218.84225238
-218.84065610
-218.84020311
-218.83990773
-218.83971381
-218.83041239
-218.82964335
-218.82638781
-218.82507800
-218.82476892
-218.82414943
-218.82081067
-218.81984076
-218.81940807
-218.81917007
-218.81722557
-218.81519483
-218.81286000
-218.81262794
-218.81156868
-218.80951156
-218.80873520
-218.80666336
-218.80652706
-218.80587993
-218.80557547
-218.80535193
-218.80440804
-218.80319674
-218.79657981
-218.79630196
-218.79627417
-218.79596225
-218.79401389
-218.79265213
-218.78298956
-218.78293426
-218.78184291
-218.77897267
-218.77854984
-218.77837929
-218.77583508
-218.77419850
-218.77267119
-218.77144857
-218.76956687
-218.76904981
-218.76198024
-218.76126051
-218.76103454
-218.76054349
-218.75991139
-218.75861292
-218.75160909
-218.74937666
-218.74892817
-218.74860788
-218.74729626
-218.74715747
-218.73454935
-218.73285332
-218.73257987
-218.73195246
-218.73166461
-218.73103466
-218.73038508
-218.73017358
-218.72870563
-218.72833749
-218.72731690
-218.72599810
-218.70552864
-218.70530154
-218.70402913
-218.70364496
-218.70350545
-218.70253594
-218.69368112
-218.69215581
-218.69112590
-218.69039947
-218.69005382
-218.68847328
-218.64839471
-218.64807672
-218.64800474
-218.64775221
-218.64710320
-218.64692643
-218.62168482
-218.62143812
-218.62014760
-218.61911780
-218.61873900
-218.61797695
-218.59785412
-218.59677029
-218.59480923
-218.59453439
-218.59340577
-218.59165667
-218.58631973
-218.58604035
-218.58516818
-218.58412444
-218.58353799
-218.58309339
-218.58278462
-218.58200951
-218.58136153
-218.58030597
-218.57932708
-218.57856424
-218.55542308
-218.55148369
-218.55107792
-218.55086116
-218.54988594
-218.54968302
-218.48912298
-218.48798332
-218.48637935
-218.48529012
-218.48482854
-218.48390842
-218.44694800
-218.44610682
-218.44544867
-218.44470782
-218.44325288
-218.44226759
-218.43122917
-218.42972599
-218.42846053
-218.42443770
-218.42299578
-218.42000760
-218.41646377
-218.41517211
-218.41454222
-218.41287542
-218.40885115
-218.40767472
-218.32265369
-218.32150180
-218.31965454
-218.31757226
-218.31707098
-218.31454636
-218.30857599
-218.30836920
-218.30765974
-218.30696231
-218.30614026
-218.30554147
-218.30541929
-218.30517310
-218.30448785
-218.30398056
-218.30334255
-218.30065476
-218.28407173
-218.27554439
-218.27471789
-218.27394557
-218.27281807
-218.27009779
-218.24032515
-218.23929477
-218.23879627
-218.23785820
-218.23662395
-218.23375861
-218.22504749
-218.22347808
-218.22169385
-218.22085100
-218.22051792
-218.21934273
-218.21764873
-218.21557540
-218.21498551
-218.21376094
-218.21211561
-218.21149058
-218.17609955
-218.17547941
-218.17499900
-218.17464297
-218.17388305
-218.17278744
-218.15988939
-218.15952503
-218.15792513
-218.15776159
-218.15688574
-218.15598962
-218.13041822
-218.13017582
-218.12991447
-218.12968989
-218.12900799
-218.12869630
-218.12809213
-218.12730336
-218.12667506
-218.12575882
-218.12511633
-218.12471580
-218.09507203
-218.09505997
-218.09359798
-218.09310634
-218.09231787
-218.09141749
-218.08279814
-218.08231704
-218.08157965
-218.08063617
-218.08052964
-218.07941278
-218.07589262
-218.07553814
-218.07488906
-218.07313800
-218.07293679
-218.07200438
-218.06968865
-218.06786265
-218.06756872
-218.06662638
-218.06649299
-218.06511420
-218.05026375
-218.04836328
-218.04549717
-218.04546966
-218.04543213
-218.04534271
-218.04495289
-218.04352665
-218.04282857
-218.04257506
-218.04194093
-218.03959564
-218.02747199
-218.02666520
-218.02562128
-218.02503986
-218.02326665
-218.02280645
-218.02194740
-218.02132630
-218.02101865
-218.01931632
-218.01833626
-218.01716744
-217.97794189
-217.97751818
-217.97597174
-217.97501906
-217.97307747
-217.97261617
-217.95183667
-217.95058766
-217.94960457
-217.94902360
-217.94649491
-217.94489593
-217.93667455
-217.93515056
-217.93452036
-217.93251743
-217.93178980
-217.93066979
-217.91116446
-217.91107599
-217.91057415
-217.90807069
-217.90767730
-217.90748318
-217.89136696
-217.89058440
-217.88968441
-217.88813156
-217.88694948
-217.88519175
-217.85679052
-217.85528753
-217.85319478
-217.85184391
-217.85166206
-217.84906008
-217.84847727
-217.84735176
-217.84734257
-217.84482680
-217.84306345
-217.84267191
-217.82384046
-217.82093977
-217.82061978
-217.82042832
-217.82007244
-217.81788809
-217.80292585
-217.80113033
-217.80070743
-217.80029986
-217.80006047
-217.79668303
-217.77250822
-217.77245031
-217.77075529
-217.76982712
-217.76848309
-217.76767418
-217.75953437
-217.75922870
-217.75870900
-217.75785704
-217.75735955
-217.75711836
-217.75598977
-217.75557458
-217.75533834
-217.75432903
-217.75388552
-217.75224744
-217.72245484
-217.72182249
-217.72131454
-217.72076767
-217.71940169
-217.71840882
-217.70591818
-217.70538647
-217.70406899
-217.70350296
-217.70214295
-217.70174667
-217.63744057
-217.63729932
-217.63595980
-217.63397241
-217.63376351
-217.63357883
-217.63264335
-217.63200176
-217.63126816
-217.63017070
-217.62779758
-217.62774016
-217.62680087
-217.62417449
-217.62124839
-217.61761535
-217.61482067
-217.61223744
-217.60262007
-217.59642205
-217.59441079
-217.59436739
-217.59337466
-217.59042442
-217.58145552
-217.58072368
-217.57943349
-217.57852775
-217.57343246
-217.57257548
-217.56785871
-217.56750794
-217.56659230
-217.56396808
-217.56359733
-217.56316385
-217.56299547
-217.56144097
-217.56025919
-217.56017581
-217.55686574
-217.55555225
-217.55233453
-217.55166716
-217.54947459
-217.54628838
-217.54519829
-217.54478480
-217.48529796
-217.48183666
-217.48095127
-217.48058788
-217.48020566
-217.47909774
-217.47117060
-217.47083319
-217.47001405
-217.46974684
-217.46804030
-217.46773975
-217.45367455
-217.45322480
-217.44978660
-217.44869465
-217.44691212
-217.44524986
-217.39634667
-217.39600879
-217.39574622
-217.39302729
-217.39115036
-217.39060474
-217.34325685
-217.34302776
-217.33910745
-217.33866730
-217.33694078
-217.33595458
-217.32683954
-217.32491012
-217.32481872
-217.32350341
-217.32214571
-217.32143328
-217.31994235
-217.31967345
-217.31868168
-217.31754046
-217.31725133
-217.31655381
-217.30081457
-217.30050928
-217.29761814
-217.29701076
-217.29677907
-217.29538228
-217.27351160
-217.27157586
-217.27054139
-217.27038143
-217.26971668
-217.26767527
-217.16595624
-217.16487223
-217.15632705
-217.15396412
-217.15278246
-217.13739671
-217.13640237
-217.13602629
-217.13492184
-217.13363103
-217.13339426
-217.12380426
-217.04872271
-217.04710231
-217.04565887
-217.04516637
-217.04497148
-217.04307709
-216.98724477
-216.98714753
-216.98348063
-216.97918147
-216.97763327
-216.96299683
-216.94529840
-216.94342581
-216.94066138
-216.93774953
-216.92464158
-216.92367987
-216.92330784
-216.91950752
-216.91776135
-216.91350294
-216.91293217
-216.91254012
-216.90050997
-216.89965694
-216.89840623
-216.89448533
-216.88192680
-216.87749472
-216.77937907
-216.77610213
-216.77346101
-216.77331392
-216.77061490
-216.76760957
-216.76524413
-216.76488467
-216.76039433
-216.75968937
-216.75554925
-216.75526029
-216.72758960
-216.72600173
-216.72346633
-216.72124110
-216.71361067
-216.71036988
-216.68330249
-216.67296883
-216.67173728
-216.67035035
-216.66938846
-216.66924699
-216.65911459
-216.65648449
-216.65427784
-216.65376027
-216.65136603
-216.64992283
-216.57765507
-216.57372252
-216.57049384
-216.56995337
-216.56784341
-216.56423408
-216.55832013
-216.55519481
-216.54844407
-216.54178082
-216.53828483
-216.53818873
-216.35316165
-216.35215207
-216.35100204
-216.34953184
-216.34791977
-216.34458658
-216.23105915
-216.22934523
-216.22379459
-216.22370272
-216.22187589
-216.21833850
-216.16737008
-216.16653124
-216.16579287
-216.16497297
-216.16283229
-216.16280061
-215.87689838
-215.87323895
-215.87192446
-215.87077318
-215.87003929
-215.86819724
-214.93606674
-214.93521628
-214.93447647
-214.93329716
-214.93244999
-214.93140289
