-230.49207110
-230.48576149
-230.46965253
-230.46652199
-230.45267188
-230.44536505
-230.44482912
-230.43649172
-230.43067221
-230.43046236
-230.42441547
-230.42354907
-230.41982899
-230.41833290
-230.40903182
-230.40785441
-230.40615450
-230.40256076
-230.40101322
-230.39672424
-230.38011121
-230.37993596
-230.37885387
-230.37526223
-230.37387557
-230.37081881
-230.36650998
-230.36608469
-230.36328080
-230.36056540
-230.35922421
-230.35769218
-230.35761128
-230.35100234
-230.35048152
-230.34737827
-230.34653981
-230.34547754
-230.34397790
-230.34225549
-230.34143917
-230.34099274
-230.34008829
-230.33206406
-230.33041806
-230.32790938
-230.32569046
-230.32558430
-230.32386383
-230.32169345
-230.32137499
-230.31540778
-230.31201720
-230.31149077
-230.30985968
-230.30798289
-230.30606993
-230.30579128
-230.30426541
-230.30319983
-230.30185747
-230.29990994
-230.29830949
-230.29587036
-230.29438984
-230.29220846
-230.28971239
-230.28952843
-230.28501201
-230.28089190
-230.27424711
-230.27185139
-230.26924344
-230.26596935
-230.26217532
-230.26187552
-230.26051689
-230.25829523
-230.25751475
-230.25395986
-230.25221146
-230.24978637
-230.24740314
-230.24614299
-230.24449183
-230.24269362
-230.24240830
-230.24126268
-230.24074514
-230.23867121
-230.23822622
-230.23728047
-230.23534483
-230.23441598
-230.23333688
-230.23328150
-230.23094058
-230.22977250
-230.22815512
-230.22605299
-230.22523108
-230.22476694
-230.22460741
-230.22301148
-230.22212993
-230.22181948
-230.22023163
-230.21931017
-230.21818689
-230.21716378
-230.21525634
-230.21472816
-230.21336321
-230.21240623
-230.21209540
-230.21162213
-230.20795713
-230.20761192
-230.20650919
-230.20389636
-230.20284077
-230.20201860
-230.20172620
-230.20052631
-230.19851167
-230.19818273
-230.19715434
-230.19644862
-230.19589123
-230.19507166
-230.19390999
-230.19330471
-230.19309157
-230.19211764
-230.19158211
-230.19084098
-230.18917447
-230.18855209
-230.18782032
-230.18701254
-230.18590514
-230.18391666
-230.18371272
-230.18268978
-230.18222238
-230.18152367
-230.18025287
-230.17998199
-230.17933209
-230.17869341
-230.17777115
-230.17467998
-230.17308342
-230.17153707
-230.17095603
-230.16993648
-230.16960386
-230.16851910
-230.16778871
-230.16521567
-230.16436568
-230.16317585
-230.16270583
-230.16107467
-230.16022984
-230.15954688
-230.15894142
-230.15804368
-230.15737653
-230.15663575
-230.15647684
-230.15512295
-230.15466690
-230.15251330
-230.15154364
-230.15098246
-230.14988764
-230.14960429
-230.14858610
-230.14785115
-230.14640450
-230.14518818
-230.14297816
-230.14135084
-230.14067349
-230.13967862
-230.13783231
-230.13665815
-230.13329348
-230.13250518
-230.13192545
-230.13085410
-230.12987532
-230.12824987
-230.12780368
-230.12545671
-230.12512721
-230.12407712
-230.12341851
-230.12161402
-230.12121914
-230.11992844
-230.11897477
-230.11741243
-230.11630391
-230.11576615
-230.11532845
-230.11472060
-230.11369520
-230.11271676
-230.11200433
-230.11159323
-230.11064446
-230.10998283
-230.10878174
-230.10870658
-230.10756485
-230.10683367
-230.10632445
-230.10598850
-230.10128243
-230.10059549
-230.09983097
-230.09934985
-230.09867114
-230.09726990
-230.09641874
-230.09610136
-230.09551256
-230.09467018
-230.09375134
-230.09294286
-230.09278584
-230.09168131
-230.09028707
-230.08989422
-230.08908226
-230.08801189
-230.08727150
-230.08708734
-230.08587234
-230.08516801
-230.08396669
-230.08383963
-230.08304526
-230.08114485
-230.08041674
-230.07923525
-230.07894506
-230.07834930
-230.07718182
-230.07595294
-230.07468962
-230.07387736
-230.07352887
-230.07216227
-230.07141005
-230.07079348
-230.06929678
-230.06857930
-230.06744199
-230.06634630
-230.06572818
-230.06537827
-230.06484243
-230.06468901
-230.06408420
-230.06295802
-230.06258460
-230.06152090
-230.06137462
-230.06084879
-230.06016505
-230.05977414
-230.05967718
-230.05793278
-230.05723285
-230.05675960
-230.05644060
-230.05599784
-230.05499404
-230.05473850
-230.05402074
-230.05234869
-230.05219326
-230.05200057
-230.05117906
-230.05069447
-230.04993455
-230.04894823
-230.04769755
-230.04706690
-230.04552350
-230.04506113
-230.04424017
-230.04308605
-230.04246433
-230.04151440
-230.04110307
-230.04046934
-230.03998847
-230.03934979
-230.03905629
-230.03563012
-230.03531241
-230.03505448
-230.03450015
-230.03359457
-230.03241559
-230.03220469
-230.03128626
-230.03052570
-230.02959110
-230.02894624
-230.02786151
-230.02756251
-230.02639934
-230.02609496
-230.02541949
-230.02405238
-230.02368352
-230.02268249
-230.02199931
-230.02157785
-230.01987760
-230.01929535
-230.01861719
-230.01697411
-230.01555109
-230.01439140
-230.01427002
-230.01368774
-230.01218279
-230.01124845
-230.00983937
-230.00778256
-230.00741555
-230.00704002
-230.00591701
-230.00395955
-230.00366602
-230.00209308
-230.00062274
-229.99963419
-229.99834796
-229.99794135
-229.99784294
-229.99635882
-229.99619293
-229.99567983
-229.99446555
-229.99428669
-229.99382893
-229.99316238
-229.99233023
-229.99063478
-229.99025133
-229.98914670
-229.98873362
-229.98707877
-229.98611239
-229.98547051
-229.98452152
-229.98440114
-229.98320399
-229.98243680
-229.98057318
-229.98014505
-229.97869971
-229.97721476
-229.97623728
-229.97503035
-229.97459149
-229.97392618
-229.97373717
-229.97347950
-229.97243137
-229.97186955
-229.97080892
-229.96937660
-229.96844844
-229.96772434
-229.96643443
-229.96561917
-229.96548185
-229.96504459
-229.96318706
-229.96239086
-229.96106100
-229.95967607
-229.95851115
-229.95780836
-229.95700147
-229.95517425
-229.95444450
-229.95344510
-229.95318629
-229.95284114
-229.95233879
-229.95164641
-229.95140934
-229.95054384
-229.94945308
-229.94933306
-229.94821637
-229.94781653
-229.94733818
-229.94658748
-229.94602034
-229.94556040
-229.94476263
-229.94428881
-229.94249558
-229.94064890
-229.93970038
-229.93923057
-229.93701052
-229.93644087
-229.93565192
-229.93519413
-229.93409314
-229.93331377
-229.93318215
-229.93189345
-229.93117139
-229.93062394
-229.92994806
-229.92960644
-229.92851145
-229.92786997
-229.92731111
-229.92635516
-229.92588048
-229.92537022
-229.92481520
-229.92376139
-229.92338504
-229.92277160
-229.92169232
-229.92113868
-229.92000570
-229.91946340
-229.91862476
-229.91792146
-229.91645566
-229.91626107
-229.91586914
-229.91458088
-229.91337878
-229.91264704
-229.91160989
-229.91118200
-229.91011138
-229.90930080
-229.90866161
-229.90756715
-229.90733533
-229.90585991
-229.90566385
-229.90525392
-229.90416240
-229.90279119
-229.90223582
-229.90171531
-229.90033667
-229.89985811
-229.89880681
-229.89806887
-229.89678423
-229.89579377
-229.89555879
-229.89507797
-229.89439175
-229.89350116
-229.89274190
-229.89141844
-229.89013877
-229.88910442
-229.88872195
-229.88799486
-229.88610189
-229.88545344
-229.88426213
-229.88350550
-229.88265537
-229.88241801
-229.88178009
-229.88133646
-229.87938295
-229.87857473
-229.87796908
-229.87713102
-229.87614108
-229.87537476
-229.87431966
-229.87389854
-229.87212148
-229.87163091
-229.87123724
-229.87051900
-229.87034313
-229.86943053
-229.86892926
-229.86827699
-229.86790861
-229.86628805
-229.86603852
-229.86545567
-229.86513823
-229.86391951
-229.86300632
-229.86265846
-229.86239070
-229.86130777
-229.86078981
-229.86039439
-229.86010547
-229.85965960
-229.85934731
-229.85889867
-229.85781100
-229.85728331
-229.85697318
-229.85589443
-229.85539933
-229.85457196
-229.85409624
-229.85374298
-229.85355643
-229.85310230
-229.85190206
-229.85145590
-229.85069024
-229.85017901
-229.84947943
-229.84908227
-229.84831721
-229.84696739
-229.84662091
-229.84607430
-229.84554959
-229.84485456
-229.84428324
-229.84328595
-229.84152327
-229.84043805
-229.84018931
-229.83972693
-229.83950958
-229.83897769
-229.83847535
-229.83760961
-229.83666994
-229.83614100
-229.83526038
-229.83443268
-229.83404128
-229.83341092
-229.83213500
-229.83118092
-229.83071801
-229.82981200
-229.82957839
-229.82928024
-229.82810499
-229.82766693
-229.82721905
-229.82549768
-229.82541655
-229.82443200
-229.82384090
-229.82275871
-229.82206580
-229.82139208
-229.81910851
-229.81814957
-229.81699169
-229.81580732
-229.81543588
-229.81498345
-229.81431957
-229.81355350
-229.81266525
-229.81226489
-229.81149035
-229.81122320
-229.81008838
-229.80911328
-229.80887189
-229.80761472
-229.80709797
-229.80599774
-229.80547208
-229.80427532
-229.80380245
-229.80248651
-229.80226379
-229.80057261
-229.79969604
-229.79835673
-229.79818873
-229.79665436
-229.79502477
-229.79388085
-229.79332565
-229.79202798
-229.79118928
-229.79100376
-229.78907714
-229.78818997
-229.78734159
-229.78596071
-229.78561623
-229.78440607
-229.78412804
-229.78254607
-229.78169368
-229.78097909
-229.78027626
-229.77954168
-229.77834286
-229.77679994
-229.77551980
-229.77460003
-229.77356346
-229.77274606
-229.77183004
-229.77044528
-229.76937906
-229.76770759
-229.76671129
-229.76625070
-229.76513429
-229.76428302
-229.76256749
-229.76088871
-229.76046197
-229.75940766
-229.75898884
-229.75741212
-229.75705513
-229.75631159
-229.75558026
-229.75491768
-229.75320878
-229.75270215
-229.75196708
-229.75119765
-229.75085924
-229.74964284
-229.74944770
-229.74858817
-229.74737907
-229.74718739
-229.74661654
-229.74589333
-229.74542238
-229.74512438
-229.74440100
-229.74397310
-229.74265275
-229.74197521
-229.74144875
-229.74089709
-229.74054484
-229.73992974
-229.73946235
-229.73904865
-229.73796972
-229.73757217
-229.73729553
-229.73689129
-229.73560337
-229.73538503
-229.73490421
-229.73417824
-229.73317444
-229.73308867
-229.73267118
-229.73237849
-229.73187681
-229.73118625
-229.73075993
-229.73034993
-229.72936817
-229.72896271
-229.72880550
-229.72825598
-229.72711452
-229.72633105
-229.72540756
-229.72511976
-229.72444351
-229.72347806
-229.72304534
-229.72184855
-229.72158758
-229.72091738
-229.72039813
-229.72009026
-229.71929938
-229.71866745
-229.71854744
-229.71790631
-229.71697433
-229.71593363
-229.71508553
-229.71504506
-229.71463794
-229.71289893
-229.71194354
-229.71111878
-229.71083473
-229.70994247
-229.70859072
-229.70757552
-229.70737177
-229.70692054
-229.70523010
-229.70486101
-229.70380296
-229.70357069
-229.70257518
-229.70191694
-229.70115872
-229.70033295
-229.70014052
-229.69900132
-229.69829040
-229.69785240
-229.69717385
-229.69566033
-229.69516937
-229.69470593
-229.69344904
-229.69317641
-229.69257452
-229.69170915
-229.69129623
-229.69090122
-229.69035601
-229.68960212
-229.68931329
-229.68857205
-229.68808930
-229.68660318
-229.68602932
-229.68581811
-229.68497787
-229.68476216
-229.68407991
-229.68201647
-229.68176010
-229.68126551
-229.68078552
-229.68024576
-229.67922314
-229.67818490
-229.67768851
-229.67709220
-229.67638869
-229.67547106
-229.67468959
-229.67315655
-229.67303045
-229.67256205
-229.67113081
-229.67042296
-229.66996173
-229.66831731
-229.66799452
-229.66732311
-229.66660408
-229.66645470
-229.66565134
-229.66491483
-229.66439962
-229.66426711
-229.66323745
-229.66299236
-229.66250356
-229.66146137
-229.66145187
-229.66078219
-229.66014067
-229.65995346
-229.65884790
-229.65818462
-229.65732116
-229.65713155
-229.65606249
-229.65553226
-229.65429976
-229.65417581
-229.65365615
-229.65318925
-229.65245735
-229.65234181
-229.65170809
-229.65018424
-229.64933254
-229.64866668
-229.64831473
-229.64805048
-229.64686726
-229.64582864
-229.64542335
-229.64466214
-229.64437953
-229.64376793
-229.64285833
-229.64250040
-229.64101106
-229.64007791
-229.63976449
-229.63925517
-229.63867254
-229.63733188
-229.63674172
-229.63605387
-229.63588274
-229.63364202
-229.63331622
-229.63258157
-229.63191921
-229.63080395
-229.62984643
-229.62919359
-229.62876907
-229.62839104
-229.62734329
-229.62690871
-229.62566793
-229.62520783
-229.62423647
-229.62397702
-229.62368375
-229.62297510
-229.62275610
-229.62181743
-229.62123720
-229.62094664
-229.61989896
-229.61963744
-229.61886044
-229.61817787
-229.61795599
-229.61745549
-229.61631859
-229.61511347
-229.61481419
-229.61448000
-229.61378397
-229.61295741
-229.61290230
-229.61239824
-229.61182347
-229.61139331
-229.61124532
-229.61027606
-229.60942414
-229.60826007
-229.60680122
-229.60672265
-229.60611180
-229.60537575
-229.60435624
-229.60405606
-229.60219657
-229.60196305
-229.60086505
-229.60061936
-229.60015933
-229.59936784
-229.59699343
-229.59677140
-229.59584903
-229.59554867
-229.59457414
-229.59446821
-229.59385647
-229.59312071
-229.59253250
-229.59137542
-229.59086676
-229.59055625
-229.58913632
-229.58763503
-229.58708195
-229.58692107
-229.58587199
-229.58493175
-229.58400704
-229.58347142
-229.58296794
-229.58131240
-229.58006859
-229.57958199
-229.57832968
-229.57758944
-229.57676610
-229.57635281
-229.57500168
-229.57441226
-229.57382379
-229.57306723
-229.57254910
-229.57066983
-229.56950606
-229.56888167
-229.56748054
-229.56622362
-229.56474813
-229.56431022
-229.56288897
-229.56238809
-229.56198806
-229.56127677
-229.56053033
-229.55830407
-229.55711000
-229.55652737
-229.55558644
-229.55548099
-229.55468036
-229.55382970
-229.55252857
-229.55170873
-229.55115655
-229.55053825
-229.55043509
-229.54941134
-229.54888365
-229.54868875
-229.54739273
-229.54707538
-229.54688979
-229.54571412
-229.54434870
-229.54384951
-229.54307053
-229.54274118
-229.54205369
-229.54167913
-229.54108809
-229.54068403
-229.54015437
-229.53919614
-229.53907545
-229.53820410
-229.53761727
-229.53652893
-229.53635901
-229.53588507
-229.53468394
-229.53402270
-229.53363939
-229.53256315
-229.53195853
-229.53102200
-229.53013377
-229.52943316
-229.52827139
-229.52791852
-229.52727203
-229.52562802
-229.52534530
-229.52515533
-229.52456071
-229.52399738
-229.52240247
-229.52150264
-229.52096045
-229.52029742
-229.51902617
-229.51810017
-229.51735794
-229.51659290
-229.51604593
-229.51562742
-229.51519263
-229.51441071
-229.51367149
-229.51310136
-229.51224580
-229.51152542
-229.51111937
-229.51056508
-229.50983934
-229.50910364
-229.50839743
-229.50776309
-229.50639618
-229.50636881
-229.50570508
-229.50496938
-229.50444980
-229.50401020
-229.50363477
-229.50341569
-229.50273159
-229.50249414
-229.50173450
-229.50125315
-229.50017255
-229.49936685
-229.49919975
-229.49879799
-229.49830014
-229.49718037
-229.49677876
-229.49564812
-229.49559435
-229.49465958
-229.49421984
-229.49348408
-229.49283332
-229.49231295
-229.49119975
-229.49087175
-229.48983725
-229.48839955
-229.48743614
-229.48682570
-229.48644228
-229.48541735
-229.48508491
-229.48380501
-229.48369827
-229.48287919
-229.48227420
-229.48146431
-229.48001613
-229.47976800
-229.47944630
-229.47817366
-229.47692424
-229.47689429
-229.47617197
-229.47586444
-229.47537837
-229.47472306
-229.47427764
-229.47288837
-229.47178621
-229.47090122
-229.46989537
-229.46969895
-229.46915329
-229.46835618
-229.46656732
-229.46569139
-229.46463777
-229.46420619
-229.46252250
-229.46177379
-229.46077185
-229.46032043
-229.45856446
-229.45811033
-229.45708866
-229.45559055
-229.45520408
-229.45400883
-229.45291302
-229.45186844
-229.45051205
-229.44947212
-229.44859166
-229.44772012
-229.44692499
-229.44450741
-229.44403622
-229.44352410
-229.44303617
-229.44163792
-229.44046021
-229.43926295
-229.43890534
-229.43848269
-229.43644325
-229.43562468
-229.43319138
-229.43163482
-229.43101495
-229.43084252
-229.42938687
-229.42911042
-229.42860207
-229.42728092
-229.42688865
-229.42535359
-229.42472948
-229.42432963
-229.42374139
-229.42218168
-229.42172722
-229.42133889
-229.42044670
-229.41937812
-229.41834315
-229.41675151
-229.41571665
-229.41549083
-229.41472953
-229.41308075
-229.41250327
-229.41159862
-229.41083051
-229.41026674
-229.40959960
-229.40837890
-229.40788832
-229.40701815
-229.40602916
-229.40489096
-229.40455756
-229.40334429
-229.40283114
-229.40185577
-229.40156564
-229.40112564
-229.40062543
-229.40034154
-229.39867420
-229.39781835
-229.39728147
-229.39651002
-229.39557002
-229.39448964
-229.39317444
-229.39279897
-229.39205403
-229.39111340
-229.38932924
-229.38869736
-229.38777790
-229.38660182
-229.38611140
-229.38546800
-229.38470294
-229.38357736
-229.38295165
-229.38253272
-229.38088153
-229.37989297
-229.37978590
-229.37939870
-229.37876182
-229.37738579
-229.37676859
-229.37654802
-229.37527748
-229.37455072
-229.37368279
-229.37281207
-229.37219891
-229.37087281
-229.37017979
-229.36890787
-229.36810367
-229.36689128
-229.36668170
-229.36609035
-229.36562658
-229.36311975
-229.36258319
-229.36224545
-229.36114107
-229.36050661
-229.35935170
-229.35821946
-229.35810514
-229.35719492
-229.35587987
-229.35539173
-229.35239439
-229.35226593
-229.35045880
-229.34902638
-229.34828352
-229.34647898
-229.34535402
-229.34451097
-229.34395274
-229.34386021
-229.34327412
-229.34197303
-229.34096271
-229.33952795
-229.33887522
-229.33798530
-229.33712343
-229.33648005
-229.33594622
-229.33524099
-229.33383015
-229.33302869
-229.33246393
-229.33003775
-229.32924171
-229.32915570
-229.32685692
-229.32595779
-229.32518862
-229.32420419
-229.32313174
-229.32134139
-229.32008491
-229.31916889
-229.31831025
-229.31713061
-229.31679463
-229.31588502
-229.31485817
-229.31430333
-229.31379399
-229.31143800
-229.31070760
-229.31063888
-229.30981699
-229.30854251
-229.30710121
-229.30614408
-229.30558150
-229.30472800
-229.30404205
-229.30313408
-229.30286543
-229.30181321
-229.30089675
-229.29980912
-229.29883579
-229.29747832
-229.29611423
-229.29339641
-229.29270281
-229.29248060
-229.29072994
-229.29007420
-229.28901328
-229.28718581
-229.28670940
-229.28521631
-229.28398413
-229.28363013
-229.28295436
-229.28260022
-229.28068393
-229.28021136
-229.27936124
-229.27797918
-229.27679327
-229.27593240
-229.27443947
-229.27416253
-229.27306173
-229.27124108
-229.27025784
-229.26825188
-229.26613644
-229.26582022
-229.26473908
-229.26448433
-229.26357667
-229.26092821
-229.26055213
-229.25894604
-229.25757445
-229.25619953
-229.25361979
-229.25175464
-229.25103607
-229.25040068
-229.24961384
-229.24828867
-229.24693089
-229.24552634
-229.24202912
-229.24159648
-229.23917726
-229.23652018
-229.23495314
-229.23485404
-229.23310705
-229.23203539
-229.23019437
-229.22857925
-229.22795608
-229.22643202
-229.22540976
-229.22376159
-229.22155811
-229.22013895
-229.21883404
-229.21640953
-229.21574339
-229.21480282
-229.21361882
-229.21247124
-229.21202348
-229.21079025
-229.21074323
-229.20883950
-229.20750627
-229.20503764
-229.20438775
-229.20350980
-229.20275971
-229.20228465
-229.20182638
-229.20020724
-229.19824779
-229.19770014
-229.19679947
-229.19541293
-229.19402326
-229.19293594
-229.19202825
-229.19167822
-229.19003990
-229.18712820
-229.18583618
-229.18478959
-229.18294313
-229.18166384
-229.18078729
-229.18050351
-229.17790466
-229.17697494
-229.17637142
-229.17577867
-229.17472085
-229.17274295
-229.17225201
-229.16906653
-229.16877020
-229.16834751
-229.16623388
-229.16507920
-229.16447370
-229.16321438
-229.16093508
-229.15936085
-229.15825319
-229.15718490
-229.15605519
-229.15530096
-229.15521079
-229.15335270
-229.15175071
-229.15009116
-229.14950559
-229.14733264
-229.14546195
-229.14416739
-229.14296525
-229.14272012
-229.14134313
-229.13961466
-229.13948083
-229.13772309
-229.13701430
-229.13588607
-229.13445485
-229.13260877
-229.13180159
-229.13034981
-229.13008102
-229.12793281
-229.12553131
-229.12461752
-229.12302201
-229.12144576
-229.12022756
-229.11925068
-229.11883533
-229.11768975
-229.11500497
-229.11396133
-229.11209134
-229.11024561
-229.10904960
-229.10735182
-229.10587133
-229.10480942
-229.10394153
-229.10261438
-229.10098113
-229.09765219
-229.09647359
-229.09578297
-229.09329265
-229.09242540
-229.09107549
-229.09041085
-229.08918778
-229.08601934
-229.08511828
-229.08265570
-229.08097856
-229.07755011
-229.07608621
-229.07412098
-229.07201580
-229.07139509
-229.06962779
-229.06885474
-229.06567167
-229.06511987
-229.06384786
-229.06251299
-229.05973976
-229.05915510
-229.05770814
-229.05665560
-229.05502315
-229.05297679
-229.05211200
-229.05141775
-229.04964016
-229.04922564
-229.04750771
-229.04679302
-229.04460251
-229.04280511
-229.04142526
-229.04030789
-229.03926072
-229.03765480
-229.03661830
-229.03411240
-229.03360662
-229.03318535
-229.02965306
-229.02894785
-229.02596388
-229.02527807
-229.02339399
-229.01766016
-229.01664618
-229.01519226
-229.01490048
-229.01086024
-229.00862839
-229.00842592
-229.00698513
-229.00525938
-229.00473495
-229.00419270
-229.00286926
-228.99999471
-228.99771480
-228.99737849
-228.99677380
-228.99598263
-228.99307435
-228.99158977
-228.98998681
-228.98907845
-228.98833524
-228.98592377
-228.98518013
-228.98362131
-228.98247608
-228.98221756
-228.98128701
-228.98004435
-228.97906263
-228.97762454
-228.97701451
-228.97538723
-228.97255264
-228.97146260
-228.97113589
-228.96879690
-228.96819534
-228.96760083
-228.96560516
-228.96492531
-228.96195340
-228.96157651
-228.95933468
-228.95784702
-228.95717459
-228.95596300
-228.95456484
-228.95252771
-228.95118662
-228.94832432
-228.94724150
-228.94611720
-228.94304222
-228.94126424
-228.94049780
-228.93842191
-228.93434768
-228.93357893
-228.93271507
-228.92987035
-228.92843375
-228.92768830
-228.92717911
-228.92569304
-228.92470861
-228.92331394
-228.92270109
-228.92245496
-228.92214332
-228.92034752
-228.91757098
-228.91687787
-228.91619345
-228.91553622
-228.91380878
-228.91288579
-228.91195967
-228.91141236
-228.91025001
-228.90790587
-228.90633863
-228.90599218
-228.90513879
-228.90217224
-228.89880974
-228.89712181
-228.89679301
-228.89457591
-228.89411568
-228.89198972
-228.89122867
-228.88852266
-228.88643132
-228.88554357
-228.88254775
-228.88055466
-228.87973010
-228.87841317
-228.87732810
-228.87433030
-228.87312263
-228.87079807
-228.87056296
-228.86932171
-228.86822195
-228.86736192
-228.86594052
-228.86302006
-228.86249674
-228.86148325
-228.86099597
-228.85664360
-228.85396462
-228.85206705
-228.85038480
-228.84904260
-228.84800908
-228.84668847
-228.84571938
-228.84377951
-228.84244649
-228.84190409
-228.84128911
-228.83962992
-228.83815406
-228.83741880
-228.83587637
-228.83513345
-228.83417294
-228.83394326
-228.83243885
-228.83172906
-228.83137854
-228.82991834
-228.82896229
-228.82804597
-228.82756599
-228.82645084
-228.82421333
-228.82281777
-228.82224262
-228.82100035
-228.82032296
-228.81802847
-228.81675817
-228.81624142
-228.81469059
-228.81337305
-228.81228050
-228.81081172
-228.80957172
-228.80843949
-228.80696954
-228.80603341
-228.80412074
-228.80364472
-228.80256740
-228.80190379
-228.80037292
-228.80013037
-228.79891873
-228.79828616
-228.79736509
-228.79624938
-228.79393610
-228.79321608
-228.79044622
-228.78863882
-228.78748187
-228.78687161
-228.78493556
-228.78092012
-228.77936577
-228.77735826
-228.77616767
-228.77416108
-228.77274200
-228.77029512
-228.76961405
-228.76798997
-228.76685889
-228.76545160
-228.76494346
-228.76189355
-228.76144917
-228.75876194
-228.75787757
-228.75630861
-228.75421492
-228.75205979
-228.75070378
-228.74878437
-228.74760139
-228.74653281
-228.74397103
-228.74216593
-228.74157196
-228.74032027
-228.73944964
-228.73877446
-228.73530197
-228.73422118
-228.73324021
-228.73122085
-228.72815021
-228.72740957
-228.72583729
-228.72505233
-228.72391253
-228.72200610
-228.72051822
-228.71791216
-228.71712969
-228.71642868
-228.71520680
-228.71307399
-228.71120095
-228.71057724
-228.70903689
-228.70824303
-228.70774288
-228.70636932
-228.70526177
-228.70450731
-228.70346675
-228.70204608
-228.70020281
-228.69953172
-228.69773949
-228.69624725
-228.69533602
-228.69259649
-228.69085206
-228.68903418
-228.68863018
-228.68646870
-228.68572189
-228.68406166
-228.68221699
-228.68002688
-228.67821122
-228.67710765
-228.67687533
-228.67547126
-228.67513045
-228.67422444
-228.67299561
-228.67130300
-228.66975658
-228.66910854
-228.66889697
-228.66576494
-228.66576296
-228.66347123
-228.66188288
-228.66163274
-228.65964988
-228.65917881
-228.65868156
-228.65713876
-228.65537828
-228.65372699
-228.65298461
-228.65125284
-228.65022244
-228.64765883
-228.64679409
-228.64431528
-228.64245124
-228.64216685
-228.64010083
-228.63967641
-228.63903890
-228.63873952
-228.63753157
-228.63642148
-228.63555333
-228.63487230
-228.63348434
-228.63176306
-228.63033942
-228.62783130
-228.62652197
-228.62449072
-228.62424371
-228.62194139
-228.62110114
-228.62022131
-228.61918285
-228.61696433
-228.61502593
-228.61216321
-228.61101725
-228.60966441
-228.60708932
-228.60516149
-228.60367108
-228.60267666
-228.60153342
-228.59951136
-228.59865859
-228.59706606
-228.59598287
-228.59393784
-228.59294144
-228.59132867
-228.58978192
-228.58829991
-228.58697798
-228.58534249
-228.58270457
-228.58135347
-228.58080737
-228.57721783
-228.57578157
-228.57416628
-228.57411442
-228.57226235
-228.57102143
-228.56916998
-228.56813740
-228.56587470
-228.56405774
-228.56401192
-228.56334632
-228.56297498
-228.56184915
-228.56002238
-228.55931011
-228.55569692
-228.55445573
-228.55374103
-228.55220007
-228.55047884
-228.55004120
-228.54765368
-228.54621313
-228.54466404
-228.54343012
-228.54263968
-228.54006756
-228.53954182
-228.53825312
-228.53665450
-228.53578164
-228.53303613
-228.53194973
-228.53031181
-228.52919753
-228.52611287
-228.52215407
-228.52123226
-228.52023120
-228.51841190
-228.51762435
-228.51605892
-228.51478655
-228.51244316
-228.51170079
-228.51130715
-228.51065669
-228.50838736
-228.50730201
-228.50506730
-228.50243988
-228.50198246
-228.50105829
-228.49823240
-228.49658161
-228.49640478
-228.49486840
-228.49338136
-228.49187840
-228.49048974
-228.48991273
-228.48786872
-228.48460151
-228.48417566
-228.48265153
-228.47934179
-228.47895210
-228.47869689
-228.47723005
-228.47602917
-228.47320996
-228.47302903
-228.47114156
-228.46988256
-228.46949548
-228.46829317
-228.46667487
-228.46474906
-228.46378664
-228.46289661
-228.46152643
-228.45954762
-228.45539932
-228.45427716
-228.45260397
-228.45208961
-228.45130855
-228.44959825
-228.44819389
-228.44770284
-228.44604360
-228.44439367
-228.44344026
-228.44247375
-228.44133008
-228.44070671
-228.43880854
-228.43750419
-228.43713296
-228.43563440
-228.43236686
-228.43168278
-228.43089084
-228.42964974
-228.42777219
-228.42743092
-228.42408283
-228.42327640
-228.42225571
-228.42153234
-228.42081650
-228.42029996
-228.41760732
-228.41644750
-228.41548555
-228.41491961
-228.41273809
-228.41145434
-228.40997693
-228.40881588
-228.40826952
-228.40782201
-228.40603151
-228.40555916
-228.40382752
-228.40276068
-228.40150526
-228.39896557
-228.39796850
-228.39606887
-228.39474146
-228.39429548
-228.39233444
-228.39050873
-228.38957611
-228.38866545
-228.38759598
-228.38637998
-228.38595134
-228.38352010
-228.38199181
-228.38081338
-228.37840444
-228.37609744
-228.37483982
-228.37338216
-228.37246667
-228.37014956
-228.36949990
-228.36746955
-228.36709361
-228.36607714
-228.36497261
-228.36385383
-228.36268057
-228.36005547
-228.35750428
-228.35672313
-228.35504813
-228.35297004
-228.35142885
-228.34984346
-228.34760295
-228.34613672
-228.34530191
-228.34484851
-228.34346300
-228.34190239
-228.34043910
-228.33858499
-228.33734938
-228.33598675
-228.33461206
-228.33110699
-228.33088325
-228.32772508
-228.32641510
-228.32534938
-228.32482216
-228.32321143
-228.32178660
-228.32009102
-228.31943127
-228.31712660
-228.31336163
-228.31253995
-228.30879573
-228.30846533
-228.30720976
-228.30592128
-228.30504762
-228.30401219
-228.30225711
-228.30095405
-228.29901997
-228.29779472
-228.29669525
-228.29503253
-228.29361176
-228.29301768
-228.29191275
-228.29117956
-228.28966909
-228.28960014
-228.28881660
-228.28483358
-228.28400604
-228.28301150
-228.28178682
-228.28063568
-228.27981604
-228.27845163
-228.27571968
-228.27544097
-228.27356894
-228.27215134
-228.26918311
-228.26826336
-228.26711142
-228.26535221
-228.26490088
-228.26409190
-228.26172245
-228.26154266
-228.26000142
-228.25790226
-228.25688259
-228.25578373
-228.25527535
-228.25310852
-228.24983724
-228.24946079
-228.24901883
-228.24741903
-228.24627638
-228.24491099
-228.24388253
-228.24309384
-228.24206757
-228.24063857
-228.23827142
-228.23562346
-228.23500911
-228.23365303
-228.23240548
-228.23056560
-228.22780519
-228.22655049
-228.22586039
-228.22347476
-228.22180112
-228.22040001
-228.21860443
-228.21836250
-228.21507521
-228.21414165
-228.21329311
-228.21223717
-228.20950165
-228.20818414
-228.20623673
-228.20541377
-228.20519678
-228.20391261
-228.20369843
-228.20019539
-228.19951601
-228.19820670
-228.19685783
-228.19595457
-228.19417398
-228.19302954
-228.19231437
-228.19076281
-228.18955504
-228.18806572
-228.18648566
-228.18617129
-228.18546492
-228.18445765
-228.18110467
-228.17995647
-228.17925445
-228.17702086
-228.17527759
-228.17477778
-228.17235864
-228.17156627
-228.17103115
-228.16971708
-228.16646321
-228.16500144
-228.16382032
-228.16233210
-228.16168567
-228.15992488
-228.15642364
-228.15536877
-228.15364069
-228.15275456
-228.15000481
-228.14892858
-228.14770400
-228.14703687
-228.14552830
-228.14352979
-228.14124581
-228.14001867
-228.13767658
-228.13622783
-228.13568906
-228.13467494
-228.13328079
-228.13031692
-228.12897779
-228.12876150
-228.12727960
-228.12395912
-228.12320796
-228.12120220
-228.11935622
-228.11650838
-228.11590605
-228.11340568
-228.11067416
-228.10801272
-228.10743434
-228.10535322
-228.10400028
-228.10320389
-228.10141218
-228.10017042
-228.09920698
-228.09675544
-228.09453712
-228.09232930
-228.09150151
-228.08954908
-228.08653536
-228.08517386
-228.08356517
-228.08240187
-228.08045210
-228.07927627
-228.07886793
-228.07650364
-228.07515451
-228.07163388
-228.07048208
-228.06767652
-228.06555533
-228.06483352
-228.06174299
-228.06137599
-228.05926855
-228.05776777
-228.05677062
-228.05468005
-228.05398195
-228.05021575
-228.04936868
-228.04574557
-228.04395378
-228.04273145
-228.04098631
-228.04000483
-228.03916572
-228.03654356
-228.03352209
-228.03275774
-228.02920756
-228.02744884
-228.02475398
-228.02335696
-228.02270186
-228.02166367
-228.01994368
-228.01870598
-228.01718603
-228.01532379
-228.01352045
-228.01299541
-228.00978621
-228.00603855
-228.00558973
-228.00228712
-228.00011347
-227.99854052
-227.99589103
-227.99260143
-227.99123901
-227.98984787
-227.98920092
-227.98773510
-227.98719109
-227.98524391
-227.98429119
-227.98194675
-227.98087086
-227.97849678
-227.97756940
-227.97617523
-227.96933847
-227.96865652
-227.96716297
-227.96566769
-227.96417143
-227.96284004
-227.95978440
-227.95944279
-227.95766501
-227.95582586
-227.95358495
-227.95124843
-227.95097604
-227.94818496
-227.94554075
-227.94477841
-227.94155478
-227.94025686
-227.93758763
-227.93654889
-227.93632133
-227.93359845
-227.93092756
-227.93010119
-227.92874600
-227.92541449
-227.92325745
-227.92146616
-227.91933164
-227.91742512
-227.91522714
-227.91355020
-227.91008857
-227.90835411
-227.90765134
-227.90665635
-227.90391516
-227.90262202
-227.90214403
-227.89825570
-227.89415735
-227.89024145
-227.88884059
-227.88673317
-227.88506382
-227.88350863
-227.87851561
-227.87748290
-227.87615146
-227.87291029
-227.87199165
-227.87141526
-227.86749312
-227.86711131
-227.86342201
-227.85978045
-227.85628984
-227.85509238
-227.85133708
-227.85028127
-227.84806782
-227.84745769
-227.84384859
-227.84232896
-227.84027748
-227.83669999
-227.83652626
-227.83105234
-227.82899424
-227.82677011
-227.82212927
-227.82083063
-227.81919932
-227.81422492
-227.81263784
-227.81089031
-227.81038101
-227.80459765
-227.80367133
-227.80074650
-227.79946368
-227.79847063
-227.79584444
-227.79421889
-227.79223148
-227.79150176
-227.78895731
-227.78470373
-227.78214914
-227.77948568
-227.77577343
-227.77354596
-227.76842796
-227.76674777
-227.76482765
-227.76271344
-227.76039972
-227.75696640
-227.75302310
-227.75163002
-227.74736114
-227.74389446
-227.74259885
-227.73836886
-227.73750189
-227.73696928
-227.73588305
-227.73261074
-227.73038534
-227.72954961
-227.72847508
-227.72402266
-227.72247040
-227.71804596
-227.71715991
-227.71580542
-227.71263530
-227.71002579
-227.70886451
-227.70802786
-227.70463268
-227.70176744
-227.69873587
-227.69809436
-227.69241657
-227.68883678
-227.68494869
-227.68324060
-227.68081825
-227.67977458
-227.67873250
-227.67412788
-227.67153974
-227.66904413
-227.66570907
-227.66417807
-227.65870477
-227.65297140
-227.64989812
-227.64941647
-227.64768125
-227.64218183
-227.63948154
-227.63802282
-227.63640945
-227.63225329
-227.62881294
-227.62450178
-227.62304416
-227.62222658
-227.62028546
-227.61887924
-227.61580078
-227.61401014
-227.61076188
-227.60932943
-227.60831190
-227.60516643
-227.60347956
-227.60130609
-227.59676693
-227.59518208
-227.59401903
-227.58782977
-227.58462450
-227.58343777
-227.57750918
-227.57548844
-227.57196771
-227.56856808
-227.56655831
-227.56402507
-227.56278773
-227.56040075
-227.56015767
-227.55603282
-227.55352270
-227.54995610
-227.54816058
-227.54755263
-227.54151666
-227.53660879
-227.53555462
-227.53227177
-227.52912035
-227.52551559
-227.52154651
-227.51906647
-227.51779976
-227.51728042
-227.51518442
-227.51085544
-227.50561779
-227.49990753
-227.49510255
-227.49259630
-227.48934938
-227.48834054
-227.48694602
-227.48343099
-227.48176860
-227.47125361
-227.46829876
-227.46656394
-227.46175918
-227.45771029
-227.45564813
-227.45184407
-227.45086456
-227.45002052
-227.44659013
-227.44430339
-227.43936626
-227.43636020
-227.43572477
-227.43227897
-227.43113369
-227.42923530
-227.42669103
-227.42343093
-227.41899798
-227.41503265
-227.41218793
-227.40967845
-227.40208527
-227.40058343
-227.39583333
-227.39326357
-227.39023556
-227.38707757
-227.38612731
-227.38239720
-227.37974574
-227.37849331
-227.37558591
-227.37371172
-227.36988951
-227.36665294
-227.36274142
-227.35902564
-227.35682459
-227.35010760
-227.34516201
-227.33989777
-227.33421579
-227.32752099
-227.32366528
-227.32054921
-227.31554610
-227.31333022
-227.31152181
-227.30904810
-227.30702111
-227.29713809
-227.29529808
-227.29219146
-227.29079666
-227.28905190
-227.28740686
-227.28041102
-227.27988902
-227.27682509
-227.27311228
-227.26902105
-227.25974693
-227.25557657
-227.25111091
-227.25015461
-227.24602948
-227.23989231
-227.23776916
-227.23089062
-227.22930501
-227.22168440
-227.22078112
-227.20828744
-227.20456064
-227.20346297
-227.19839712
-227.19456670
-227.19082670
-227.18920107
-227.18371741
-227.18140244
-227.17971791
-227.17747612
-227.17113564
-227.16608427
-227.16414589
-227.16214180
-227.15804136
-227.15327072
-227.15021352
-227.14289770
-227.13422020
-227.13323761
-227.12883859
-227.12658014
-227.12368994
-227.11731176
-227.11427537
-227.10015497
-227.09805503
-227.09650885
-227.09084589
-227.08696331
-227.07701280
-227.07665357
-227.07207897
-227.06814032
-227.06492881
-227.06341408
-227.06259923
-227.05323858
-227.04904909
-227.04221759
-227.03879707
-227.03204881
-227.02433810
-227.02011450
-227.01740294
-227.00417225
-227.00178106
-226.98931146
-226.96757550
-226.96265783
-226.96046003
-226.95456919
-226.95132786
-226.94885185
-226.94226296
-226.93589260
-226.93274955
-226.92736069
-226.92317777
-226.90947815
-226.90206539
-226.89854728
-226.89597340
-226.89065415
-226.88425755
-226.87985058
-226.87356614
-226.86369078
-226.84542766
-226.84422185
-226.83682823
-226.83392043
-226.83085802
-226.83064092
-226.82506269
-226.82251403
-226.82174970
-226.80941897
-226.79905492
-226.79432601
-226.77264113
-226.76991963
-226.76573165
-226.74859389
-226.74332432
-226.73448122
-226.72781790
-226.72314170
-226.70832484
-226.69444968
-226.68880855
-226.67947404
-226.66589900
-226.64722928
-226.64394492
-226.63036971
-226.61322097
-226.60899893
-226.59323231
-226.58281268
-226.57828006
-226.57624089
-226.57016343
-226.54931787
-226.51924398
-226.49587879
-226.45327577
-226.44336332
-226.42758094
-226.40590842
-226.38971273
-226.33707931
-226.33359983
-226.31112116
-226.27742386
-226.16124168
-226.15438927
-226.03300242
-225.97985000
-225.97669866
-225.83716298
-225.81549457
-225.79378188
-225.72795789
-225.71909917
-225.70377767
-225.64647940
-225.59880713
-225.48620664
-225.48229806
-225.30832170
-225.29860528
-225.17743018
-219.85191244
-219.84617950
-219.84309649
-219.84127599
-219.83941640
-219.83794932
-219.68133971
-219.67699961
-219.67601073
-219.67558194
-219.67147110
-219.65149621
-219.62912329
-219.62654496
-219.62053241
-219.61998274
-219.61804672
-219.61192091
-219.56030294
-219.56004056
-219.55877139
-219.55721854
-219.55586392
-219.55482063
-219.55445802
-219.55248745
-219.55161637
-219.54860830
-219.54732879
-219.54693987
-219.54668996
-219.54467731
-219.54222180
-219.54199924
-219.54156065
-219.54004147
-219.53657145
-219.53230940
-219.53186397
-219.52949499
-219.52835409
-219.52596981
-219.52503215
-219.52444494
-219.52255564
-219.51992037
-219.51869675
-219.51757774
-219.51678737
-219.51492757
-219.51465061
-219.51433853
-219.51239845
-219.51211002
-219.50631917
-219.50448101
-219.50401781
-219.50224365
-219.49963555
-219.49874397
-219.49765971
-219.49726312
-219.49501440
-219.49219656
-219.49013349
-219.48896371
-219.48868935
-219.48779932
-219.48726193
-219.48692729
-219.48553934
-219.48535240
-219.48327843
-219.48254834
-219.48233781
-219.48180831
-219.48008677
-219.47930136
-219.47761076
-219.47719188
-219.47696988
-219.47632389
-219.47450119
-219.47239058
-219.47113949
-219.47022717
-219.46934702
-219.46895712
-219.46851548
-219.46777767
-219.46733985
-219.46653638
-219.46414810
-219.46376541
-219.46223517
-219.46137784
-219.45250919
-219.45054883
-219.44972504
-219.44816406
-219.44720954
-219.44579938
-219.44472483
-219.44375594
-219.44303548
-219.44212740
-219.44161364
-219.44101864
-219.44068061
-219.43889674
-219.43814536
-219.43805293
-219.43761351
-219.43677313
-219.43612889
-219.43494830
-219.43439502
-219.43364158
-219.43129428
-219.43117310
-219.42981908
-219.42952850
-219.42893131
-219.42862373
-219.42759730
-219.42683327
-219.42668637
-219.42465323
-219.42211868
-219.42023200
-219.41965435
-219.41865335
-219.41851262
-219.41818865
-219.41789281
-219.41556646
-219.41415963
-219.41316803
-219.41297816
-219.41231918
-219.41166845
-219.41020818
-219.40893766
-219.40818530
-219.40675453
-219.40658122
-219.40638754
-219.40486217
-219.40346829
-219.40194371
-219.40156648
-219.39882072
-219.39866790
-219.39775062
-219.39631106
-219.39592710
-219.39550474
-219.39418242
-219.39339858
-219.39331580
-219.39108418
-219.39045108
-219.38988527
-219.38896879
-219.38878754
-219.38760258
-219.38506002
-219.38394947
-219.38133356
-219.38078450
-219.37999988
-219.37808274
-219.37545076
-219.37434914
-219.37283486
-219.37209446
-219.36679386
-219.36464393
-219.36361160
-219.35805734
-219.35644246
-219.35502963
-219.35461535
-219.35427147
-219.35237998
-219.35202680
-219.34901463
-219.34887844
-219.34796883
-219.34593193
-219.34540350
-219.34500459
-219.34465577
-219.34355541
-219.34087674
-219.33966915
-219.33877554
-219.33393907
-219.32655117
-219.32211944
-219.31922600
-219.31732068
-219.31605301
-219.31522964
-219.31466986
-219.31242809
-219.31145965
-219.31091259
-219.31029535
-219.30868420
-219.30846611
-219.30595278
-219.30592951
-219.30425792
-219.30352595
-219.30132608
-219.30019099
-219.30013357
-219.29886150
-219.29697107
-219.29608617
-219.29518861
-219.29226601
-219.29141840
-219.29054080
-219.28643235
-219.28626888
-219.28554592
-219.28491290
-219.28260647
-219.28044454
-219.27725960
-219.27367889
-219.27212349
-219.26786546
-219.26712635
-219.26685677
-219.26664671
-219.26221440
-219.26016101
-219.25946286
-219.25877100
-219.25189465
-219.25159041
-219.25047059
-219.25019901
-219.24858044
-219.24780067
-219.24726407
-219.24610515
-219.24372543
-219.24316548
-219.23827981
-219.23746852
-219.23461889
-219.22922154
-219.22601639
-219.22210553
-219.22159655
-219.22142870
-219.21850631
-219.21840074
-219.21440097
-219.21369570
-219.21313795
-219.21260969
-219.21199275
-219.20892951
-219.20789995
-219.20541158
-219.20516998
-219.20183435
-219.20125844
-219.20006574
-219.19955112
-219.19907187
-219.19705210
-219.19287426
-219.19247366
-219.19195073
-219.19183900
-219.19005164
-219.18689369
-219.18585221
-219.18562374
-219.18553939
-219.18414993
-219.18405131
-219.18220284
-219.17946003
-219.17830771
-219.17772323
-219.17689931
-219.17647250
-219.17470757
-219.17181139
-219.16821865
-219.16809753
-219.16547111
-219.16503717
-219.16166440
-219.16022953
-219.15970814
-219.15819659
-219.15480162
-219.15434561
-219.15047303
-219.14999892
-219.14799336
-219.14579004
-219.14323374
-219.14268287
-219.13031871
-219.12420174
-219.12077535
-219.12047082
-219.11851254
-219.11747705
-219.11598000
-219.11574277
-219.11516717
-219.11280560
-219.11277818
-219.11064071
-219.11024655
-219.10974151
-219.10920812
-219.10892579
-219.10741415
-219.10091255
-219.10060826
-219.09827493
-219.09702773
-219.09455020
-219.09268057
-219.08504409
-219.08490114
-219.08402673
-219.08096313
-219.07873479
-219.07860488
-219.07774968
-219.07576658
-219.07534186
-219.07431831
-219.07428249
-219.07368036
-219.07308796
-219.07208762
-219.07059636
-219.06780963
-219.06779481
-219.06678233
-219.06594889
-219.06499337
-219.06360897
-219.05830931
-219.05760426
-219.05622278
-219.05536117
-219.05314624
-219.05133708
-219.04880411
-219.04707542
-219.04558310
-219.04367089
-219.02878178
-219.02738442
-219.02451417
-219.02136378
-219.02117705
-219.02048256
-219.01874354
-219.01856786
-219.01723221
-219.01527535
-219.01500831
-219.01280437
-219.01269568
-219.01261603
-219.01210439
-219.01017239
-219.00849662
-219.00701289
-219.00580812
-219.00393363
-219.00046962
-218.99996188
-218.99684432
-218.99564694
-218.99560761
-218.99441702
-218.99363591
-218.99356019
-218.98921431
-218.98802810
-218.98611222
-218.98125188
-218.98100550
-218.97797375
-218.97561122
-218.97416739
-218.96680298
-218.96521283
-218.96492113
-218.96310918
-218.95901205
-218.95861435
-218.95681737
-218.95659125
-218.95415791
-218.95268530
-218.95198009
-218.95145911
-218.95035842
-218.95006925
-218.94547603
-218.94412200
-218.94329847
-218.94263730
-218.94243380
-218.94213540
-218.94184487
-218.93944376
-218.93792086
-218.93653150
-218.93387807
-218.93299530
-218.93286521
-218.92926675
-218.92502987
-218.92180198
-218.92041796
-218.91702951
-218.91500793
-218.91097690
-218.91047074
-218.90828262
-218.90235933
-218.90099194
-218.89872430
-218.89737322
-218.89687414
-218.89651014
-218.89379769
-218.89334122
-218.89296937
-218.89244503
-218.89146182
-218.88799931
-218.88557467
-218.88230478
-218.88065751
-218.88003247
-218.87490733
-218.86884006
-218.85996157
-218.85756456
-218.85634752
-218.85526964
-218.85438522
-218.85123692
-218.84945542
-218.84908183
-218.84873941
-218.84639799
-218.84351980
-218.84003925
-218.83987978
-218.83028598
-218.82997666
-218.82710789
-218.82685773
-218.82380020
-218.82149150
-218.82028907
-218.81710991
-218.81581742
-218.81547442
-218.81467397
-218.81197498
-218.81014959
-218.80902492
-218.80773459
-218.79825829
-218.79768911
-218.79597093
-218.79592758
-218.79527144
-218.79214092
-218.79156338
-218.79087852
-218.79049296
-218.78552371
-218.78348367
-218.78229444
-218.77890865
-218.77752154
-218.77577352
-218.77433876
-218.77178329
-218.76924517
-218.76736772
-218.76678243
-218.76672733
-218.76613307
-218.76399647
-218.75868059
-218.75732816
-218.75687973
-218.75518581
-218.75404118
-218.75353476
-218.75090824
-218.75037824
-218.75029786
-218.74760266
-218.74472574
-218.74302167
-218.73872661
-218.73763656
-218.73403831
-218.73035957
-218.72733387
-218.72515199
-218.72387902
-218.72286001
-218.72135564
-218.72082507
-218.72020690
-218.71546823
-218.71418745
-218.71282415
-218.71133471
-218.71081811
-218.71043820
-218.70798709
-218.70726334
-218.70092701
-218.69881483
-218.69873671
-218.69649020
-218.69601142
-218.69582869
-218.69152168
-218.68776665
-218.68343688
-218.68301204
-218.67767197
-218.67672001
-218.67102529
-218.66818577
-218.65647431
-218.65508773
-218.65165763
-218.65096658
-218.64836680
-218.64650361
-218.62438575
-218.62350421
-218.62263750
-218.62016166
-218.61743046
-218.61462186
-218.61223487
-218.61091033
-218.60454935
-218.60312475
-218.58584884
-218.57912385
-218.57701669
-218.57425227
-218.57234047
-218.57014972
-218.56797844
-218.56793077
-218.56759737
-218.56541916
-218.56306252
-218.56126956
-218.55925719
-218.55787147
-218.55274555
-218.54866323
-218.54635424
-218.54439039
-218.53228336
-218.52760422
-218.48805745
-218.48570529
-218.48067860
-218.47287223
-218.47210505
-218.46963643
-218.45547840
-218.45103600
-218.44721899
-218.44610158
-218.44173763
-218.43632202
-218.43200447
-218.42515558
-218.42124875
-218.41209695
-218.40613226
-218.40243889
-218.36881338
-218.36104908
-218.35834158
-218.35701917
-218.34345409
-218.33746907
-218.32089829
-218.31356852
-218.31014817
-218.30227533
-218.30056079
-218.29937362
-218.29880167
-218.29608136
-218.29442831
-218.29442573
-218.29238883
-218.28954798
-218.27848016
-218.27621810
-218.27477683
-218.27438211
-218.27203604
-218.26839129
-218.26290330
-218.26238234
-218.25815434
-218.25138625
-218.24593052
-218.23713110
-218.23678080
-218.23498394
-218.23456755
-218.23102085
-218.23083241
-218.22670192
-218.22254239
-218.21790392
-218.21435003
-218.21192266
-218.20482278
-218.19640272
-218.19633181
-218.19170206
-218.18835021
-218.18686326
-218.18622260
-218.18278578
-218.17086676
-218.16826286
-218.16684660
-218.16297665
-218.16239940
-218.15999186
-218.15434468
-218.15376456
-218.14244526
-218.14217004
-218.14151465
-218.13631851
-218.13548376
-218.13537564
-218.12791358
-218.12706810
-218.12308358
-218.12039638
-218.11883489
-218.11267596
-218.10815276
-218.10560662
-218.10418349
-218.09498065
-218.07483504
-218.07472514
-218.07436775
-218.07255386
-218.06991346
-218.06625214
-218.06593616
-218.06538151
-218.06522290
-218.06366326
-218.05969416
-218.05739875
-218.05550459
-218.05490978
-218.04984914
-218.04974843
-218.04763968
-218.04572007
-218.04538211
-218.04378093
-218.04274454
-218.03851385
-218.03690118
-218.03393911
-218.03215494
-218.03014892
-218.02881138
-218.02631372
-218.02286002
-218.01428669
-218.01025643
-218.01003357
-218.00733087
-218.00636816
-218.00352361
-217.99898494
-217.99742603
-217.99668092
-217.99614926
-217.99496334
-217.99256187
-217.99146171
-217.98820776
-217.98729262
-217.98364006
-217.98317999
-217.98134891
-217.97790162
-217.97702692
-217.97356402
-217.97326365
-217.97264856
-217.96886919
-217.96577385
-217.95143010
-217.94268607
-217.94028954
-217.93683507
-217.93572701
-217.93488920
-217.93117183
-217.92623722
-217.92135918
-217.91652144
-217.91450353
-217.91082521
-217.90804287
-217.90754171
-217.90674818
-217.90520319
-217.90230288
-217.89525100
-217.89431704
-217.89320466
-217.88800871
-217.88536577
-217.87819646
-217.87074378
-217.85625645
-217.85571837
-217.85473958
-217.85367321
-217.85242165
-217.85186068
-217.84723921
-217.83868604
-217.83650252
-217.83524030
-217.83267544
-217.82628072
-217.81858235
-217.81659395
-217.80313701
-217.80255574
-217.80051939
-217.79957117
-217.79779136
-217.79369226
-217.79311066
-217.78974012
-217.78880930
-217.77438167
-217.76732530
-217.76596110
-217.76318129
-217.76184767
-217.76118189
-217.76065209
-217.75841233
-217.75769131
-217.75267804
-217.75100485
-217.74675521
-217.74535181
-217.74445078
-217.74052823
-217.73940381
-217.73379402
-217.73057413
-217.72817208
-217.72483139
-217.72425498
-217.71856569
-217.71712059
-217.71487270
-217.71421291
-217.69753021
-217.69717056
-217.69275721
-217.69155536
-217.69031116
-217.68062395
-217.65648839
-217.65523292
-217.65442190
-217.65399577
-217.64678832
-217.64554637
-217.64289939
-217.62789032
-217.62510707
-217.62317743
-217.61903292
-217.61609643
-217.61121960
-217.60612150
-217.60584612
-217.60491825
-217.60486945
-217.60362790
-217.60162402
-217.59796905
-217.59261029
-217.58711324
-217.58578179
-217.58545716
-217.58448682
-217.58239725
-217.56563140
-217.56284567
-217.56157803
-217.56114982
-217.55028354
-217.54704674
-217.54189052
-217.54039066
-217.53679361
-217.53654724
-217.53388899
-217.53196060
-217.53150168
-217.53104411
-217.52716399
-217.52195840
-217.51964505
-217.51552664
-217.51385927
-217.50755836
-217.50384580
-217.49109777
-217.48662833
-217.47067827
-217.46863212
-217.46540223
-217.46518114
-217.46398271
-217.45839515
-217.45448827
-217.45354542
-217.45196072
-217.44968711
-217.44594364
-217.44466962
-217.44235410
-217.43879080
-217.43822227
-217.43199330
-217.41743725
-217.39887943
-217.39293618
-217.38865127
-217.38861388
-217.37370358
-217.36258372
-217.36026131
-217.34433230
-217.33881860
-217.33515432
-217.33318729
-217.32977534
-217.32680871
-217.32478234
-217.32448974
-217.31577501
-217.31136794
-217.31099376
-217.31095760
-217.30995066
-217.30630756
-217.30356358
-217.29993832
-217.29971397
-217.29909752
-217.29672859
-217.29643185
-217.29616118
-217.29522028
-217.29502820
-217.28527497
-217.28349234
-217.28076719
-217.27769293
-217.27755781
-217.27551881
-217.20082699
-217.19348312
-217.17914129
-217.17431673
-217.16462617
-217.11610972
-217.11465197
-217.11080102
-217.10908794
-217.10558142
-217.10468460
-217.08938021
-217.08421557
-217.07828155
-217.07762730
-217.07458268
-217.07228972
-217.06509206
-217.05340326
-217.04947164
-217.02831344
-217.02590483
-217.01962383
-216.99819131
-216.98649003
-216.98463598
-216.98314712
-216.98171109
-216.97132460
-216.96932110
-216.96013157
-216.95448949
-216.94844113
-216.94043769
-216.93558691
-216.92751089
-216.92446246
-216.92161247
-216.91359090
-216.88378313
-216.88265241
-216.87173039
-216.82646075
-216.82478588
-216.82009454
-216.81569734
-216.81239842
-216.79228315
-216.78842329
-216.78455907
-216.78275883
-216.77559016
-216.76791642
-216.75003214
-216.74808264
-216.74499503
-216.74350188
-216.74255221
-216.74166671
-216.74101978
-216.71902862
-216.69861211
-216.69720734
-216.68962364
-216.68462664
-216.67605776
-216.66698537
-216.65563994
-216.64305798
-216.62267474
-216.61716372
-216.61646958
-216.60606858
-216.60139796
-216.58826847
-216.58346596
-216.58345834
-216.57376467
-216.56558562
-216.54989684
-216.53098566
-216.52105195
-216.51690135
-216.51131287
-216.44165090
-216.43856860
-216.43707883
-216.42617005
-216.42397614
-216.40629892
-216.27011345
-216.25788218
-216.25288241
-216.25018026
-216.23977635
-216.22793677
-216.19765669
-216.19702027
-216.19451490
-216.18869803
-216.17556068
-216.16930345
-215.98713069
-215.96967140
-215.96209361
-215.95224433
-215.94877207
-215.94273518
-215.11496827
-215.11112828
-215.10835702
-215.10479098
-215.10343529
-215.09520737
