-230.50246383
-230.49614494
-230.48248343
-230.48193481
-230.46661678
-230.45951606
-230.45934308
-230.45139735
-230.43961878
-230.43906470
-230.43600994
-230.43573575
-230.43523093
-230.43346677
-230.42240088
-230.42178217
-230.41878876
-230.41811336
-230.40745016
-230.40640281
-230.39388715
-230.39363279
-230.39185929
-230.38712587
-230.38359531
-230.37930220
-230.37865658
-230.37794757
-230.37510738
-230.37308485
-230.37287936
-230.37248260
-230.37188401
-230.36572615
-230.36543306
-230.36253300
-230.36121301
-230.36058069
-230.35631832
-230.35600458
-230.35532397
-230.35513095
-230.35488789
-230.34482884
-230.34093355
-230.34011055
-230.33907583
-230.33867933
-230.33420627
-230.33401630
-230.33292155
-230.32886975
-230.32471399
-230.32064118
-230.31982027
-230.31941009
-230.31897592
-230.31787693
-230.31449704
-230.31373725
-230.31361626
-230.31161456
-230.31034589
-230.30881560
-230.30645482
-230.30340338
-230.30296912
-230.30241486
-230.29043153
-230.28949444
-230.28544510
-230.28373754
-230.28278730
-230.28195150
-230.27676207
-230.27177781
-230.26858767
-230.26659762
-230.26540259
-230.26117463
-230.26066711
-230.26053114
-230.25914403
-230.25538370
-230.25351803
-230.25302286
-230.25261302
-230.25086591
-230.25055583
-230.24949662
-230.24900665
-230.24845972
-230.24516620
-230.24501491
-230.24410430
-230.24361255
-230.24334795
-230.24176950
-230.23989382
-230.23961827
-230.23732009
-230.23716064
-230.23533928
-230.23443757
-230.23254506
-230.23181463
-230.23141510
-230.23067481
-230.22984959
-230.22555175
-230.22468634
-230.22422478
-230.22376802
-230.22364414
-230.22165787
-230.22107504
-230.21869512
-230.21789425
-230.21703518
-230.21689682
-230.21642742
-230.21566062
-230.21499473
-230.21461316
-230.21373110
-230.21337827
-230.21171099
-230.21058763
-230.20930090
-230.20818047
-230.20639669
-230.20572672
-230.20538906
-230.20433668
-230.20363261
-230.20320006
-230.20271157
-230.20166455
-230.20083766
-230.19913685
-230.19795834
-230.19776058
-230.19659878
-230.19525120
-230.19490322
-230.19464326
-230.19361279
-230.19348316
-230.19194975
-230.19109341
-230.18813871
-230.18761213
-230.18722430
-230.18608856
-230.18478220
-230.18139691
-230.18101460
-230.18039890
-230.17964809
-230.17817153
-230.17793629
-230.17357507
-230.17175614
-230.17156415
-230.17106244
-230.17094950
-230.17018468
-230.16931643
-230.16863658
-230.16848772
-230.16784592
-230.16684108
-230.16645485
-230.16527171
-230.16460574
-230.16389195
-230.16284397
-230.16241575
-230.16110628
-230.15929603
-230.15657039
-230.15506385
-230.15400092
-230.15265947
-230.15244506
-230.15147056
-230.14951623
-230.14853446
-230.14685050
-230.14542111
-230.14473004
-230.14465994
-230.14340593
-230.14264820
-230.14119162
-230.14096931
-230.14057916
-230.13981287
-230.13824609
-230.13816458
-230.13569227
-230.13068959
-230.12982539
-230.12896230
-230.12850093
-230.12745813
-230.12651389
-230.12566532
-230.12483644
-230.12420846
-230.12366927
-230.12329915
-230.12317080
-230.12283292
-230.12163254
-230.12124552
-230.11996087
-230.11860185
-230.11823663
-230.11360838
-230.11227114
-230.11098317
-230.11036075
-230.11005538
-230.10977410
-230.10932478
-230.10906147
-230.10829540
-230.10677174
-230.10559627
-230.10524405
-230.10467520
-230.10440894
-230.10430438
-230.10366777
-230.10160056
-230.09940983
-230.09818023
-230.09569290
-230.09523389
-230.09476186
-230.09447146
-230.09406801
-230.09370618
-230.09280139
-230.09258395
-230.09169801
-230.09120248
-230.09036274
-230.08969731
-230.08709322
-230.08640259
-230.08573782
-230.08502851
-230.08418894
-230.08336416
-230.08239553
-230.07981668
-230.07952038
-230.07890054
-230.07872822
-230.07850586
-230.07619996
-230.07594649
-230.07570308
-230.07526402
-230.07461090
-230.07360866
-230.07358193
-230.07337996
-230.07295813
-230.07169657
-230.07144062
-230.07029464
-230.06974870
-230.06861814
-230.06734935
-230.06726681
-230.06692845
-230.06677389
-230.06658985
-230.06622200
-230.06556495
-230.06480954
-230.06392208
-230.06344357
-230.06320369
-230.06232160
-230.06048450
-230.05983561
-230.05943021
-230.05900779
-230.05882317
-230.05683612
-230.05482448
-230.05401806
-230.05337668
-230.05261023
-230.05198209
-230.05155427
-230.05121552
-230.05064847
-230.04975090
-230.04963966
-230.04776767
-230.04742617
-230.04697016
-230.04654971
-230.04513415
-230.04436581
-230.04246879
-230.04147190
-230.04113049
-230.03996859
-230.03791314
-230.03727539
-230.03699198
-230.03680558
-230.03632324
-230.03589288
-230.03555921
-230.03486175
-230.03430172
-230.03403219
-230.03258496
-230.03219021
-230.03081124
-230.02999287
-230.02903284
-230.02738596
-230.02470661
-230.02442979
-230.02330486
-230.02303182
-230.02089830
-230.02045216
-230.01957163
-230.01552763
-230.01455025
-230.01442321
-230.01403754
-230.01375173
-230.01265618
-230.01234576
-230.01163603
-230.00950923
-230.00911442
-230.00879624
-230.00842489
-230.00711368
-230.00597754
-230.00436711
-230.00346690
-230.00271511
-230.00258490
-230.00118169
-230.00031322
-229.99917632
-229.99878302
-229.99809972
-229.99733880
-229.99476993
-229.99447582
-229.99344944
-229.99260546
-229.99168518
-229.99087266
-229.98973182
-229.98916626
-229.98847339
-229.98670602
-229.98653090
-229.98629661
-229.98626873
-229.98440045
-229.98321935
-229.98316791
-229.98236088
-229.98065625
-229.97596336
-229.97567122
-229.97533911
-229.97473328
-229.97432048
-229.97309999
-229.97201323
-229.97049265
-229.97010460
-229.96985175
-229.96883422
-229.96701446
-229.96555080
-229.96523586
-229.96476087
-229.96456351
-229.96420513
-229.96407390
-229.96370527
-229.96335099
-229.96244887
-229.96128908
-229.96032197
-229.95978480
-229.95890012
-229.95721177
-229.95687196
-229.95651179
-229.95615256
-229.95505998
-229.95353124
-229.95309304
-229.95246842
-229.95050791
-229.94985563
-229.94965475
-229.94859893
-229.94746267
-229.94703000
-229.94581240
-229.94490931
-229.94474753
-229.94411393
-229.94343486
-229.94317877
-229.94288110
-229.94241433
-229.94183057
-229.94082647
-229.94046217
-229.93973641
-229.93889255
-229.93865921
-229.93761733
-229.93673018
-229.93633471
-229.93576107
-229.93489936
-229.93426914
-229.93383376
-229.93368120
-229.93220409
-229.93061706
-229.93032702
-229.92927566
-229.92766573
-229.92312052
-229.92292256
-229.92179483
-229.92155163
-229.92141555
-229.92093721
-229.92067026
-229.92009860
-229.91993567
-229.91806854
-229.91641647
-229.91587577
-229.91521144
-229.91492083
-229.91400387
-229.91370270
-229.91316156
-229.91132015
-229.90983089
-229.90940449
-229.90849389
-229.90827691
-229.90643991
-229.90635261
-229.90542942
-229.90536633
-229.90485153
-229.90476043
-229.90387846
-229.90318266
-229.90268549
-229.90093220
-229.90020248
-229.89928732
-229.89909501
-229.89881304
-229.89720019
-229.89661823
-229.89415914
-229.89345315
-229.89169938
-229.89016473
-229.88986080
-229.88926340
-229.88872472
-229.88807345
-229.88764383
-229.88728170
-229.88642458
-229.88505764
-229.88446076
-229.88393917
-229.88287710
-229.88211857
-229.88175372
-229.88159048
-229.88123457
-229.88056136
-229.87973677
-229.87845382
-229.87724439
-229.87628446
-229.87595600
-229.87493202
-229.87449593
-229.87426158
-229.87353486
-229.87320742
-229.87298792
-229.87280319
-229.87204192
-229.87170842
-229.87161504
-229.87127390
-229.87069138
-229.86989779
-229.86874171
-229.86844950
-229.86716855
-229.86675634
-229.86583535
-229.86522295
-229.86486774
-229.86461281
-229.86307710
-229.86150041
-229.86014307
-229.85978126
-229.85942469
-229.85925919
-229.85889319
-229.85848761
-229.85798529
-229.85774049
-229.85710717
-229.85666196
-229.85478793
-229.85269615
-229.85251029
-229.85223156
-229.85170586
-229.84977010
-229.84934577
-229.84832385
-229.84817250
-229.84703449
-229.84666125
-229.84596389
-229.84523770
-229.84452364
-229.84405106
-229.84347782
-229.84325172
-229.84286020
-229.84254303
-229.84220544
-229.84179961
-229.84109253
-229.84014227
-229.83958632
-229.83900307
-229.83811074
-229.83682755
-229.83610947
-229.83512725
-229.83436902
-229.83322196
-229.83264750
-229.83253811
-229.82964888
-229.82926424
-229.82812180
-229.82695888
-229.82678007
-229.82594283
-229.82500815
-229.82424716
-229.82361347
-229.82281423
-229.82236966
-229.82078290
-229.82023992
-229.81987773
-229.81858401
-229.81764872
-229.81728270
-229.81713709
-229.81535577
-229.81312540
-229.81293027
-229.81243556
-229.81226185
-229.81193239
-229.81137236
-229.81106452
-229.81076670
-229.80923134
-229.80591550
-229.80551101
-229.80382689
-229.80303084
-229.80010075
-229.79974898
-229.79776295
-229.79666256
-229.79653169
-229.79603189
-229.79590228
-229.79514574
-229.79363771
-229.79217259
-229.79169504
-229.79099405
-229.78980192
-229.78911113
-229.78724567
-229.78502183
-229.78436096
-229.78322380
-229.78190023
-229.78112663
-229.78000552
-229.77930270
-229.77895801
-229.77799377
-229.77662931
-229.77602249
-229.77574648
-229.77525640
-229.77449269
-229.77438230
-229.77063421
-229.76987196
-229.76956233
-229.76782006
-229.76733884
-229.76627115
-229.76537394
-229.76418709
-229.76378482
-229.76281956
-229.76229553
-229.76187470
-229.75920318
-229.75819651
-229.75798192
-229.75469363
-229.75428512
-229.75329819
-229.75243126
-229.75168767
-229.75126361
-229.75089002
-229.75052696
-229.75006777
-229.74980051
-229.74964287
-229.74935335
-229.74865235
-229.74822928
-229.74711301
-229.74694063
-229.74675605
-229.74640225
-229.74577490
-229.74544787
-229.74531413
-229.74433857
-229.74397436
-229.74331251
-229.74238407
-229.74140138
-229.74131701
-229.74109851
-229.74053880
-229.74039398
-229.73961167
-229.73867394
-229.73849391
-229.73814193
-229.73789348
-229.73731075
-229.73667323
-229.73615370
-229.73512661
-229.73464384
-229.73409201
-229.73361687
-229.73311897
-229.73279354
-229.73215781
-229.73199968
-229.73185473
-229.73131633
-229.73006442
-229.72961401
-229.72947755
-229.72894331
-229.72820037
-229.72733341
-229.72712122
-229.72664359
-229.72526806
-229.72441511
-229.72416238
-229.72343490
-229.72253065
-229.72238890
-229.72211118
-229.72138842
-229.72126529
-229.72082702
-229.71956859
-229.71921441
-229.71836949
-229.71716131
-229.71618268
-229.71498745
-229.71486403
-229.71428160
-229.71297375
-229.71279717
-229.71227680
-229.71033916
-229.70989367
-229.70875768
-229.70808636
-229.70732626
-229.70636117
-229.70551162
-229.70492858
-229.70390172
-229.70317725
-229.70302762
-229.70191089
-229.70173298
-229.70100005
-229.70016340
-229.69983665
-229.69901535
-229.69864051
-229.69707572
-229.69646860
-229.69430541
-229.69374803
-229.69299810
-229.69104877
-229.69076411
-229.69069953
-229.69010958
-229.68982154
-229.68895649
-229.68751754
-229.68681148
-229.68558875
-229.68471208
-229.68350027
-229.68312211
-229.68267153
-229.68133316
-229.68110539
-229.68057463
-229.68022017
-229.67967725
-229.67957572
-229.67947812
-229.67878834
-229.67782051
-229.67767855
-229.67735314
-229.67687253
-229.67580701
-229.67488347
-229.67357476
-229.67330954
-229.67311425
-229.67238587
-229.67173689
-229.67132171
-229.67107058
-229.67098473
-229.67078231
-229.66957323
-229.66941538
-229.66651479
-229.66539218
-229.66478741
-229.66429090
-229.66216026
-229.66179849
-229.66144567
-229.66111047
-229.66046433
-229.65971681
-229.65903286
-229.65862214
-229.65819542
-229.65722125
-229.65650560
-229.65588209
-229.65468507
-229.65461295
-229.65407685
-229.65188070
-229.65160124
-229.65075011
-229.65038136
-229.65016934
-229.65005949
-229.64991085
-229.64852471
-229.64830703
-229.64747360
-229.64730097
-229.64630714
-229.64318225
-229.64240443
-229.64190910
-229.64184628
-229.64147295
-229.64101171
-229.63989478
-229.63943732
-229.63891033
-229.63865783
-229.63833461
-229.63790635
-229.63768876
-229.63605084
-229.63567387
-229.63482929
-229.63430816
-229.63341517
-229.63299442
-229.63287167
-229.63271027
-229.63176071
-229.63122219
-229.63039864
-229.62979355
-229.62839536
-229.62806872
-229.62775280
-229.62736611
-229.62696878
-229.62647575
-229.62576929
-229.62515296
-229.62496018
-229.62402800
-229.62313691
-229.62206641
-229.62139484
-229.62072198
-229.62054067
-229.62006566
-229.61931187
-229.61888781
-229.61875916
-229.61834569
-229.61707594
-229.61483124
-229.61469362
-229.61407855
-229.61115419
-229.61009788
-229.60998631
-229.60933605
-229.60923783
-229.60899269
-229.60790733
-229.60715887
-229.60661543
-229.60590729
-229.60452029
-229.60383848
-229.60284947
-229.60224340
-229.60163934
-229.60127533
-229.60106792
-229.60064951
-229.59943609
-229.59910324
-229.59821854
-229.59796912
-229.59715542
-229.59578943
-229.59528601
-229.59410404
-229.59328240
-229.58916577
-229.58719645
-229.58650491
-229.58331190
-229.58302654
-229.58259771
-229.58236387
-229.58207076
-229.58076507
-229.57978609
-229.57802483
-229.57757586
-229.57702774
-229.57494430
-229.57439300
-229.57362330
-229.57179134
-229.57131966
-229.57083234
-229.57004126
-229.56941225
-229.56804593
-229.56726766
-229.56642701
-229.56575778
-229.56404117
-229.56337774
-229.56290546
-229.56265829
-229.56142639
-229.56119490
-229.56062184
-229.56028963
-229.55891856
-229.55777657
-229.55714423
-229.55689764
-229.55672997
-229.55619306
-229.55587882
-229.55552443
-229.55482869
-229.55398051
-229.55360262
-229.55317166
-229.55265410
-229.55232731
-229.55191500
-229.55170098
-229.55000816
-229.54855964
-229.54829251
-229.54777321
-229.54504674
-229.54439984
-229.54385896
-229.54205567
-229.54104103
-229.54046153
-229.53978391
-229.53938371
-229.53841617
-229.53799615
-229.53729874
-229.53709489
-229.53619798
-229.53540154
-229.53489791
-229.53445407
-229.53438758
-229.53365383
-229.53301588
-229.53241600
-229.53178343
-229.53160797
-229.53076146
-229.53042254
-229.53012073
-229.52877670
-229.52708633
-229.52607387
-229.52524811
-229.52475450
-229.52424360
-229.52315156
-229.52184986
-229.52132579
-229.52095898
-229.52039244
-229.51992773
-229.51972148
-229.51878234
-229.51828930
-229.51759231
-229.51734201
-229.51677272
-229.51642920
-229.51625138
-229.51580762
-229.51575145
-229.51523777
-229.51428033
-229.51397238
-229.51308751
-229.51253758
-229.51196909
-229.51172918
-229.51111444
-229.51089250
-229.51017068
-229.50931450
-229.50890306
-229.50804826
-229.50702168
-229.50611955
-229.50557362
-229.50505764
-229.50488883
-229.50340938
-229.50321545
-229.50153914
-229.50057343
-229.49961859
-229.49805314
-229.49771096
-229.49725876
-229.49590920
-229.49504640
-229.49490475
-229.49425764
-229.49389773
-229.49358018
-229.49200209
-229.49025306
-229.48957603
-229.48924921
-229.48906782
-229.48786302
-229.48729696
-229.48664316
-229.48598972
-229.48402628
-229.48371590
-229.48274569
-229.48084966
-229.48016214
-229.47946238
-229.47904773
-229.47866668
-229.47779138
-229.47721046
-229.47666485
-229.47484939
-229.47299581
-229.47139750
-229.47114188
-229.47028585
-229.46962471
-229.46911308
-229.46866829
-229.46750484
-229.46698367
-229.46582609
-229.46511810
-229.46361981
-229.46277488
-229.46184984
-229.46026395
-229.45887431
-229.45836547
-229.45742286
-229.45688309
-229.45448633
-229.45381212
-229.45326492
-229.45168184
-229.45070182
-229.44988371
-229.44899097
-229.44823077
-229.44734851
-229.44686655
-229.44662519
-229.44547583
-229.44484099
-229.44398980
-229.44376798
-229.44276708
-229.44112087
-229.44076367
-229.43966084
-229.43836555
-229.43799949
-229.43732028
-229.43657771
-229.43631818
-229.43454390
-229.43453054
-229.43393847
-229.43255525
-229.43181114
-229.43142341
-229.43075350
-229.42992488
-229.42805675
-229.42721695
-229.42604189
-229.42559689
-229.42494445
-229.42474403
-229.42297600
-229.42235875
-229.42142931
-229.41964879
-229.41835599
-229.41797735
-229.41757789
-229.41697892
-229.41691502
-229.41450420
-229.41432333
-229.41352957
-229.41346486
-229.41233620
-229.41178544
-229.41014650
-229.40832258
-229.40757063
-229.40707357
-229.40614659
-229.40593700
-229.40515081
-229.40434251
-229.40354742
-229.40332423
-229.40217211
-229.40065622
-229.40011484
-229.39943000
-229.39862299
-229.39852036
-229.39770319
-229.39687090
-229.39586200
-229.39391793
-229.39382776
-229.39343116
-229.39261074
-229.39086034
-229.39037828
-229.38943452
-229.38732884
-229.38620651
-229.38568461
-229.38535057
-229.38424278
-229.38299058
-229.38251196
-229.38214360
-229.38144799
-229.38080113
-229.37931650
-229.37828299
-229.37753978
-229.37689526
-229.37615380
-229.37571477
-229.37496588
-229.37421499
-229.37266781
-229.37110617
-229.37023828
-229.36988465
-229.36934754
-229.36826312
-229.36598554
-229.36408658
-229.36274281
-229.36215084
-229.35983386
-229.35932277
-229.35783648
-229.35709893
-229.35556033
-229.35489874
-229.35379423
-229.35280972
-229.35204357
-229.35154090
-229.35072356
-229.34953189
-229.34858591
-229.34734987
-229.34635719
-229.34556811
-229.34393373
-229.34318786
-229.34194786
-229.34131404
-229.34115016
-229.34002384
-229.33867353
-229.33804024
-229.33751086
-229.33441756
-229.33407663
-229.33288297
-229.33118768
-229.33080835
-229.33014838
-229.32919900
-229.32785673
-229.32740014
-229.32652721
-229.32487442
-229.32411512
-229.32365206
-229.32280903
-229.32161888
-229.32055497
-229.31991835
-229.31951934
-229.31790045
-229.31725691
-229.31678278
-229.31581601
-229.31425466
-229.31247860
-229.31179900
-229.31018509
-229.30982951
-229.30919457
-229.30757016
-229.30680637
-229.30560843
-229.30434870
-229.30363284
-229.30190790
-229.30062415
-229.30016488
-229.29827892
-229.29763173
-229.29630940
-229.29565437
-229.29333925
-229.29222559
-229.29178338
-229.29166754
-229.29127461
-229.29067683
-229.28976568
-229.28887140
-229.28749133
-229.28553654
-229.28427475
-229.28306683
-229.28188605
-229.28153733
-229.28012892
-229.27823307
-229.27762496
-229.27710325
-229.27564100
-229.27527003
-229.27507707
-229.27430386
-229.27357834
-229.27346242
-229.27188086
-229.27051986
-229.26920733
-229.26893239
-229.26422430
-229.26290276
-229.26218037
-229.26176100
-229.26057581
-229.25863843
-229.25832002
-229.25435095
-229.25199231
-229.25001510
-229.24861846
-229.24652780
-229.24414144
-229.23929779
-229.23896946
-229.23679482
-229.23615019
-229.23425491
-229.23279045
-229.23206951
-229.23012758
-229.22952182
-229.22883515
-229.22825843
-229.22705239
-229.22670970
-229.22414680
-229.22344377
-229.22280624
-229.22112912
-229.22087966
-229.21924846
-229.21847818
-229.21759540
-229.21648764
-229.21519747
-229.21457631
-229.21378562
-229.21278130
-229.21176192
-229.21096851
-229.21009321
-229.20923081
-229.20900365
-229.20483031
-229.20434173
-229.20351287
-229.20285871
-229.20237992
-229.20142768
-229.19935855
-229.19908868
-229.19711298
-229.19649856
-229.19507606
-229.19461971
-229.19402936
-229.19145189
-229.19070872
-229.18672823
-229.18453757
-229.18352651
-229.18184629
-229.18052666
-229.17987974
-229.17915002
-229.17845651
-229.17804615
-229.17691207
-229.17612878
-229.17457358
-229.17193407
-229.17100559
-229.17048211
-229.17030362
-229.16792240
-229.16732971
-229.16662830
-229.16460770
-229.16290447
-229.15927615
-229.15841324
-229.15786500
-229.15692587
-229.15607290
-229.15567457
-229.15321877
-229.15048821
-229.14927521
-229.14444772
-229.14207035
-229.14196747
-229.13975138
-229.13927458
-229.13871777
-229.13712471
-229.13614978
-229.13569987
-229.13506350
-229.13421078
-229.13353931
-229.13268962
-229.13183443
-229.13092228
-229.13039501
-229.12899430
-229.12797376
-229.12660398
-229.12557321
-229.12521335
-229.12378729
-229.12208651
-229.12103546
-229.11912587
-229.11554751
-229.11358575
-229.11281181
-229.11099998
-229.10932176
-229.10754505
-229.10631531
-229.10606157
-229.10500745
-229.10229284
-229.10173792
-229.10072499
-229.09957114
-229.09910700
-229.09823679
-229.09430845
-229.09211264
-229.08859917
-229.08834851
-229.08771878
-229.08528131
-229.08423345
-229.08326383
-229.08211870
-229.08126972
-229.07991762
-229.07882595
-229.07631184
-229.07587525
-229.07241727
-229.06966967
-229.06752296
-229.06470314
-229.06085344
-229.05967924
-229.05801900
-229.05626269
-229.05542710
-229.05470094
-229.05420492
-229.05355358
-229.05215898
-229.04872217
-229.04856405
-229.04786337
-229.04584917
-229.04544448
-229.04399312
-229.04218652
-229.04112824
-229.03871033
-229.03783510
-229.03517037
-229.03408754
-229.03098991
-229.02810228
-229.02584640
-229.02567197
-229.02425880
-229.02051209
-229.01896739
-229.01822622
-229.01787088
-229.01640391
-229.01603886
-229.01402490
-229.01235014
-229.01200519
-229.00748076
-229.00595189
-229.00453622
-229.00304154
-229.00261317
-229.00071423
-228.99977856
-228.99924245
-228.99843077
-228.99721624
-228.99593755
-228.99525035
-228.99447890
-228.99376721
-228.99326656
-228.99223699
-228.98944377
-228.98808688
-228.98642525
-228.98515873
-228.98401961
-228.98216946
-228.98203272
-228.98028107
-228.97913036
-228.97837603
-228.97811590
-228.97655636
-228.97597210
-228.97247810
-228.97192408
-228.97116894
-228.97001654
-228.96980570
-228.96806524
-228.96714168
-228.96404235
-228.96323104
-228.96080867
-228.96003787
-228.95716282
-228.95429930
-228.95413074
-228.95199798
-228.94993464
-228.94969102
-228.94635487
-228.94448666
-228.94328030
-228.94231616
-228.94165879
-228.94074443
-228.93824689
-228.93692191
-228.93607458
-228.93545037
-228.93455547
-228.93324008
-228.93305166
-228.93076267
-228.93057610
-228.92832177
-228.92739761
-228.92717221
-228.92598966
-228.92512714
-228.92487890
-228.92392036
-228.92274545
-228.92202414
-228.91841099
-228.91609769
-228.91461376
-228.91057344
-228.90784471
-228.90465226
-228.90410119
-228.90365116
-228.90266834
-228.90248676
-228.90117032
-228.90058447
-228.89960725
-228.89799809
-228.89619986
-228.89420549
-228.89001525
-228.88875884
-228.88700051
-228.88641325
-228.88372376
-228.88223144
-228.87974955
-228.87375007
-228.87193218
-228.87035603
-228.86943954
-228.86830309
-228.86704938
-228.86612840
-228.86575138
-228.86442231
-228.86337971
-228.86096294
-228.85970234
-228.85904457
-228.85866757
-228.85826123
-228.85749369
-228.85635841
-228.85494879
-228.85473894
-228.85289550
-228.85231609
-228.85144097
-228.84894495
-228.84689059
-228.84509394
-228.84453258
-228.84341200
-228.84206829
-228.84147716
-228.84086781
-228.84069706
-228.84029266
-228.83931832
-228.83680353
-228.83432862
-228.83386960
-228.83116661
-228.82948756
-228.82837993
-228.82672021
-228.82637249
-228.82467270
-228.82358227
-228.82237742
-228.82127018
-228.82062299
-228.81922624
-228.81897843
-228.81785654
-228.81623538
-228.81545954
-228.81493721
-228.81289961
-228.80962264
-228.80494429
-228.80343475
-228.80169050
-228.79737791
-228.79657394
-228.79574219
-228.79510659
-228.79466818
-228.79448400
-228.78932297
-228.78827589
-228.78675818
-228.78602637
-228.78485076
-228.78406082
-228.78284872
-228.78214205
-228.77982006
-228.77942994
-228.77853068
-228.77713172
-228.77657417
-228.77588757
-228.77469277
-228.77422729
-228.77293786
-228.77174658
-228.77096639
-228.77036369
-228.76713770
-228.76500447
-228.76288573
-228.76149509
-228.76031686
-228.75746206
-228.75733333
-228.75613941
-228.75489811
-228.75362561
-228.75272615
-228.75142518
-228.74987021
-228.74784899
-228.74728811
-228.74661144
-228.74251222
-228.74116052
-228.73781222
-228.73709745
-228.73664351
-228.73475122
-228.73423958
-228.73199580
-228.72991759
-228.72837567
-228.72719083
-228.72654041
-228.72613980
-228.72555736
-228.72338452
-228.72170647
-228.72132958
-228.71952540
-228.71901219
-228.71685775
-228.71535080
-228.71221423
-228.71100625
-228.71017957
-228.70849255
-228.70642220
-228.70510745
-228.70329795
-228.70226280
-228.70066896
-228.70032040
-228.69962429
-228.69724856
-228.69627579
-228.69568010
-228.69424610
-228.69315403
-228.69258606
-228.69108701
-228.68877594
-228.68671914
-228.68632658
-228.68506164
-228.68276708
-228.68167439
-228.68055577
-228.67864466
-228.67692663
-228.67603467
-228.67549035
-228.67396241
-228.66965483
-228.66781843
-228.66675863
-228.66602319
-228.66553447
-228.66516823
-228.66375495
-228.66205753
-228.66154662
-228.66141207
-228.66117789
-228.66062296
-228.66023560
-228.65952931
-228.65578786
-228.65567781
-228.65485542
-228.65383400
-228.65306814
-228.65234351
-228.65034073
-228.64989161
-228.64746999
-228.64736224
-228.64567025
-228.63866840
-228.63622593
-228.63492531
-228.63369851
-228.63272408
-228.63128720
-228.63037692
-228.63001285
-228.62523994
-228.62423768
-228.62297811
-228.62153364
-228.61837889
-228.61716098
-228.61472478
-228.61396776
-228.61199114
-228.61077727
-228.60965779
-228.60904872
-228.60850898
-228.60628374
-228.60500789
-228.60391883
-228.60349920
-228.60187314
-228.59719846
-228.59680768
-228.59440624
-228.59314161
-228.59190797
-228.59120999
-228.58911584
-228.58852720
-228.58774798
-228.58610092
-228.58153704
-228.57991348
-228.57907480
-228.57891936
-228.57819914
-228.57618718
-228.57491825
-228.57428629
-228.57320870
-228.57225793
-228.57104764
-228.56812780
-228.56601586
-228.56300716
-228.56163730
-228.55947727
-228.55831112
-228.55528991
-228.55330292
-228.55175787
-228.55087549
-228.54827722
-228.54750876
-228.54398748
-228.54318253
-228.54098985
-228.54077384
-228.54010832
-228.53905647
-228.53825562
-228.53655238
-228.53602863
-228.53459149
-228.53340151
-228.53216375
-228.53156263
-228.53103375
-228.53058173
-228.52975192
-228.52436462
-228.52264593
-228.52135685
-228.52050442
-228.52038189
-228.51943361
-228.51897010
-228.51827348
-228.51381974
-228.51281554
-228.51085109
-228.51067544
-228.50934629
-228.50868840
-228.50317553
-228.50217924
-228.49943715
-228.49845543
-228.49698231
-228.49550551
-228.49391534
-228.49049979
-228.48904312
-228.48838357
-228.48706297
-228.48664854
-228.48600389
-228.48546202
-228.48274227
-228.48217333
-228.48106431
-228.48033773
-228.47840449
-228.47834682
-228.47709837
-228.47689176
-228.47590447
-228.47458836
-228.47260495
-228.46841516
-228.46554397
-228.46385927
-228.46345380
-228.46257985
-228.46133160
-228.46102413
-228.45958093
-228.45858308
-228.45695351
-228.45574992
-228.45471011
-228.45269789
-228.45128783
-228.45086108
-228.44961454
-228.44697393
-228.44597963
-228.44438665
-228.44188647
-228.44135684
-228.43929306
-228.43885887
-228.43786026
-228.43656315
-228.43544160
-228.43473881
-228.43433395
-228.43279708
-228.43185744
-228.43096619
-228.43005821
-228.42988322
-228.42858082
-228.42809878
-228.42736973
-228.42656489
-228.42558366
-228.42453697
-228.42297264
-228.42220692
-228.41929402
-228.41802150
-228.41635545
-228.41508152
-228.41388143
-228.41311209
-228.41176128
-228.40554025
-228.40244667
-228.39885089
-228.39813675
-228.39629986
-228.39538978
-228.39505131
-228.39406047
-228.39281376
-228.39198041
-228.39125701
-228.39020197
-228.38738273
-228.38506012
-228.38103915
-228.37854698
-228.37729544
-228.37663116
-228.37543800
-228.37484836
-228.37390827
-228.37274760
-228.37224529
-228.37170510
-228.36879699
-228.36795451
-228.36760389
-228.36514129
-228.36393894
-228.36353965
-228.36215299
-228.35932452
-228.35849263
-228.35590093
-228.35548046
-228.35516002
-228.35452935
-228.35295567
-228.35262761
-228.35171539
-228.34997496
-228.34926473
-228.34833963
-228.34046021
-228.33658370
-228.33605323
-228.33499506
-228.33424189
-228.33254252
-228.33216632
-228.33038752
-228.32986027
-228.32914245
-228.32865809
-228.32663424
-228.32551501
-228.32355082
-228.32193954
-228.31906384
-228.31777553
-228.31717135
-228.31473675
-228.31430041
-228.31397857
-228.31357443
-228.31192568
-228.31173634
-228.30911634
-228.30849322
-228.30839149
-228.30331467
-228.30322857
-228.30091739
-228.30029449
-228.29909516
-228.29720502
-228.29698481
-228.29634383
-228.29422644
-228.29276584
-228.29222866
-228.29067486
-228.28957448
-228.28854679
-228.28527139
-228.28482555
-228.28180614
-228.27937604
-228.27789544
-228.27639843
-228.27598208
-228.27533720
-228.27417499
-228.27316519
-228.27144627
-228.27036720
-228.26744418
-228.26596941
-228.26468037
-228.26437029
-228.26211784
-228.26042710
-228.25952389
-228.25695613
-228.25555406
-228.25440621
-228.25423578
-228.25252487
-228.25201750
-228.25027991
-228.25012353
-228.24767431
-228.24616106
-228.24523373
-228.24277464
-228.24215001
-228.24076307
-228.23999583
-228.23628208
-228.23408042
-228.23376743
-228.23251870
-228.23114868
-228.22935867
-228.22896322
-228.22750453
-228.22661128
-228.22238426
-228.22140388
-228.21849962
-228.21703678
-228.21606382
-228.21579980
-228.21471573
-228.21438974
-228.21301090
-228.21234358
-228.21002283
-228.20730692
-228.20608030
-228.20569700
-228.20309216
-228.20288330
-228.20153966
-228.20045786
-228.19882315
-228.19512878
-228.19433407
-228.19311226
-228.19244713
-228.19127055
-228.18668853
-228.18505007
-228.18467355
-228.18220211
-228.18117584
-228.17990792
-228.17892116
-228.17783776
-228.17771098
-228.17749918
-228.17622174
-228.17539103
-228.17525403
-228.17447279
-228.17375327
-228.17274033
-228.17199256
-228.17101696
-228.16848834
-228.16747076
-228.16670894
-228.16464683
-228.16441274
-228.16185818
-228.15993217
-228.15903475
-228.15688850
-228.15644021
-228.15552517
-228.15334666
-228.15034664
-228.14941998
-228.14742020
-228.14611221
-228.14262061
-228.14056496
-228.13808506
-228.13752245
-228.13544664
-228.13176548
-228.12953997
-228.12854986
-228.12528940
-228.12183699
-228.11971302
-228.11696583
-228.11634302
-228.11473516
-228.11443834
-228.11285991
-228.11213081
-228.10932087
-228.10751009
-228.10658687
-228.10585245
-228.10492879
-228.10367394
-228.10128900
-228.09860402
-228.09739753
-228.09506020
-228.09056134
-228.08998941
-228.08772285
-228.08514461
-228.08290748
-228.08242971
-228.08167713
-228.07926127
-228.07769434
-228.07700417
-228.07604981
-228.07480661
-228.06809269
-228.06693322
-228.06644892
-228.06435748
-228.06271169
-228.06010779
-228.05839016
-228.05683985
-228.05246205
-228.05179320
-228.05011256
-228.04931789
-228.04743938
-228.04543586
-228.04409842
-228.04187955
-228.03853312
-228.03576979
-228.03317388
-228.03188532
-228.03125794
-228.03019816
-228.02783426
-228.02421672
-228.02249431
-228.02185625
-228.01953118
-228.01930224
-228.01836331
-228.01627848
-228.01380616
-228.01183479
-228.01060293
-228.00967118
-228.00746011
-228.00525114
-228.00523309
-228.00322506
-228.00216982
-227.99990728
-227.99960981
-227.99083793
-227.98843054
-227.98760194
-227.98551554
-227.98450026
-227.98392131
-227.98332473
-227.98178348
-227.98060551
-227.97954565
-227.97701683
-227.97673397
-227.97548669
-227.97384168
-227.97239441
-227.97009057
-227.96756879
-227.96704437
-227.96432058
-227.96246144
-227.95802540
-227.95756572
-227.95547065
-227.95498642
-227.94987278
-227.94793119
-227.94569221
-227.94162118
-227.94016255
-227.93996739
-227.93727525
-227.93513371
-227.93442387
-227.93356567
-227.92675756
-227.92536674
-227.92081960
-227.91774722
-227.91672230
-227.91637877
-227.91426604
-227.90837436
-227.90510241
-227.90206310
-227.89971517
-227.89894805
-227.89778727
-227.89593235
-227.89465592
-227.88787819
-227.88066142
-227.88057889
-227.87734409
-227.87697206
-227.87571818
-227.87551299
-227.87476920
-227.87177783
-227.87112520
-227.87039894
-227.86764703
-227.86469033
-227.86185886
-227.85460160
-227.85264760
-227.85162907
-227.84831400
-227.84731260
-227.84603414
-227.84581285
-227.84486839
-227.84432034
-227.84113090
-227.84068173
-227.83658359
-227.83450031
-227.82916721
-227.82834887
-227.82645312
-227.82524874
-227.82388339
-227.82318249
-227.82105927
-227.81485723
-227.81044473
-227.80863294
-227.80683800
-227.80645099
-227.80266972
-227.80187513
-227.80043968
-227.79997963
-227.79422580
-227.79247231
-227.79022808
-227.78853056
-227.77866012
-227.77477842
-227.77190849
-227.77182924
-227.76785874
-227.76673297
-227.76372093
-227.76251197
-227.76104590
-227.76035667
-227.75631721
-227.75189965
-227.75142363
-227.75014020
-227.74807467
-227.74652200
-227.74445960
-227.73665720
-227.73441963
-227.73030275
-227.72940717
-227.72709996
-227.72505513
-227.72385250
-227.71248878
-227.71147312
-227.71044002
-227.70928878
-227.70792527
-227.70623556
-227.70179718
-227.69765274
-227.69087068
-227.68662139
-227.68281623
-227.68171125
-227.68052794
-227.67957226
-227.67760567
-227.67609120
-227.67206703
-227.67171348
-227.67044659
-227.66923947
-227.66810991
-227.66652322
-227.66624090
-227.66364898
-227.65703099
-227.65405580
-227.65281329
-227.65203010
-227.65140182
-227.64846918
-227.64357405
-227.64305749
-227.64200132
-227.63905430
-227.63469670
-227.62410340
-227.62085524
-227.61978345
-227.61776481
-227.61615133
-227.61154954
-227.60854906
-227.60388224
-227.60169411
-227.59876145
-227.59436389
-227.59311230
-227.59141736
-227.58994538
-227.58883472
-227.58367009
-227.58079006
-227.57181947
-227.57072114
-227.56560405
-227.56364441
-227.56220251
-227.56095644
-227.56038388
-227.55923127
-227.55515672
-227.55305394
-227.54803793
-227.54689144
-227.54238094
-227.53714568
-227.53379844
-227.53134761
-227.52546046
-227.52338207
-227.52112440
-227.51668794
-227.51324950
-227.51216830
-227.50785944
-227.50756504
-227.50619148
-227.50341283
-227.50295061
-227.49771194
-227.49689435
-227.49415992
-227.49286574
-227.48490274
-227.48241621
-227.48060783
-227.47815969
-227.47660989
-227.47462379
-227.47301472
-227.46746050
-227.46108801
-227.45708754
-227.45486818
-227.45160518
-227.44891222
-227.44824332
-227.44755047
-227.44649032
-227.44295940
-227.44249024
-227.43939924
-227.43371434
-227.42836399
-227.42740926
-227.42622531
-227.42346433
-227.41864557
-227.41164353
-227.41009927
-227.40964640
-227.40650771
-227.39910230
-227.39031888
-227.38161071
-227.37739523
-227.37261773
-227.36827240
-227.36644598
-227.36385770
-227.35885319
-227.35735888
-227.35279930
-227.34972112
-227.34809313
-227.34562083
-227.34108564
-227.34031733
-227.33539580
-227.33335847
-227.33200275
-227.32885017
-227.32766956
-227.32680685
-227.32449820
-227.32033791
-227.31780622
-227.31454901
-227.31445942
-227.31187891
-227.30682024
-227.30130920
-227.29928883
-227.29469181
-227.29191445
-227.28158128
-227.27950012
-227.26704863
-227.26655719
-227.25744429
-227.25360441
-227.25030146
-227.24893932
-227.24366370
-227.23669860
-227.23498906
-227.23423724
-227.23026710
-227.22410663
-227.21930322
-227.21861527
-227.21217876
-227.21174759
-227.20638402
-227.20608325
-227.19992600
-227.19903844
-227.19459790
-227.19056093
-227.18630866
-227.17737195
-227.17607364
-227.17040260
-227.16273575
-227.16154570
-227.15764169
-227.15110716
-227.14881711
-227.14329942
-227.14194496
-227.13661825
-227.13492979
-227.13154474
-227.12587512
-227.12241897
-227.10787445
-227.10545816
-227.09365522
-227.09173764
-227.08608848
-227.08325423
-227.08164003
-227.07967131
-227.07807168
-227.06569790
-227.06267092
-227.05858381
-227.05626143
-227.05517976
-227.05155372
-227.04776495
-227.03012597
-227.02413722
-227.02180623
-227.02061115
-227.01735407
-227.01066139
-226.99896067
-226.98737490
-226.98467874
-226.97897553
-226.97721826
-226.97628625
-226.97172881
-226.96761371
-226.96288830
-226.95714443
-226.94191336
-226.92811732
-226.92435482
-226.91653518
-226.91288979
-226.90670619
-226.90450181
-226.90380936
-226.89638249
-226.89515184
-226.89204402
-226.88820057
-226.86644755
-226.85818613
-226.84689191
-226.83357630
-226.83228734
-226.82535662
-226.81786913
-226.80979391
-226.80663585
-226.80464439
-226.79491486
-226.79446795
-226.79120041
-226.78847149
-226.78565101
-226.78504375
-226.78222487
-226.77046761
-226.74976254
-226.74920304
-226.72945401
-226.72757721
-226.72647229
-226.71768985
-226.68321586
-226.68234020
-226.67548753
-226.67112213
-226.66017212
-226.65104007
-226.59306204
-226.58380871
-226.57622673
-226.57218179
-226.57034916
-226.56347862
-226.56191342
-226.55855283
-226.55065650
-226.49081267
-226.48864660
-226.47310694
-226.44240337
-226.41243839
-226.40953684
-226.38943665
-226.38642428
-226.37058143
-226.36327027
-226.27133086
-226.26182500
-226.25269618
-226.25160260
-226.07516163
-226.07236647
-225.94923659
-225.81929979
-225.81854416
-225.66417701
-225.65613894
-225.64735206
-225.56317832
-225.56003139
-225.54593531
-225.48565376
-225.43472456
-225.32450487
-225.32329184
-225.14527474
-225.14157895
-225.01733119
-219.86213060
-219.85994805
-219.85918559
-219.85837689
-219.85744338
-219.85666218
-219.69006054
-219.68859013
-219.68788332
-219.68608183
-219.68513251
-219.67835000
-219.64085332
-219.63969769
-219.63821718
-219.63720376
-219.63593175
-219.63573786
-219.57777510
-219.57757079
-219.57662798
-219.57588728
-219.57500948
-219.57469241
-219.57037379
-219.56816281
-219.56780203
-219.56733580
-219.56652253
-219.56617560
-219.56586114
-219.56551240
-219.56528670
-219.56437300
-219.56341751
-219.56283003
-219.55168098
-219.55019394
-219.54992868
-219.54818800
-219.54794008
-219.54726356
-219.54078800
-219.54016941
-219.53967738
-219.53885039
-219.53756554
-219.53723647
-219.53712258
-219.53659151
-219.53615048
-219.53549893
-219.53508181
-219.53431794
-219.52292273
-219.52212515
-219.52124308
-219.52040491
-219.51983628
-219.51967310
-219.51030039
-219.50647442
-219.50539060
-219.50491099
-219.50405545
-219.50378082
-219.50345838
-219.50293325
-219.50274693
-219.50199636
-219.50180742
-219.50156042
-219.50075044
-219.50061042
-219.49999615
-219.49946135
-219.49882021
-219.49825604
-219.49731154
-219.49703151
-219.49606885
-219.49526543
-219.49432815
-219.49325741
-219.49279858
-219.49201470
-219.49140118
-219.49076545
-219.49049925
-219.49012728
-219.48957367
-219.48792710
-219.48725877
-219.48721730
-219.48635201
-219.48564285
-219.46896015
-219.46794716
-219.46716716
-219.46675013
-219.46610297
-219.46541957
-219.46513264
-219.46465475
-219.46381744
-219.46236150
-219.46208202
-219.46154369
-219.45852430
-219.45680509
-219.45589558
-219.45456852
-219.45422358
-219.45377784
-219.45281166
-219.45250468
-219.45203325
-219.45194177
-219.45118091
-219.45077756
-219.45051032
-219.44961551
-219.44933980
-219.44845775
-219.44794221
-219.44780598
-219.44051264
-219.43863338
-219.43674805
-219.43655964
-219.43599400
-219.43590769
-219.43583301
-219.43529707
-219.43423577
-219.43412283
-219.43382210
-219.43284319
-219.43218963
-219.43174149
-219.43102252
-219.43062013
-219.42970952
-219.42947203
-219.42918038
-219.42772595
-219.42708912
-219.42646313
-219.42593136
-219.42473700
-219.41909173
-219.41760070
-219.41735838
-219.41606714
-219.41605024
-219.41577545
-219.41433704
-219.41264138
-219.41196787
-219.41043819
-219.41009015
-219.40955450
-219.40818956
-219.40690952
-219.40666434
-219.40628528
-219.40419413
-219.40331445
-219.39852964
-219.39644152
-219.39568706
-219.39507924
-219.39438998
-219.39278876
-219.38581151
-219.38483442
-219.38250837
-219.38225169
-219.38106989
-219.38077674
-219.37147720
-219.37129737
-219.36988015
-219.36901471
-219.36893087
-219.36820987
-219.36678035
-219.36667403
-219.36568473
-219.36426905
-219.36328982
-219.36249212
-219.36203700
-219.36177191
-219.36068970
-219.35961733
-219.35919847
-219.35863618
-219.33763156
-219.33508253
-219.33449057
-219.33244629
-219.33158382
-219.33109749
-219.33085978
-219.32949727
-219.32837555
-219.32731824
-219.32659665
-219.32591846
-219.32424228
-219.32348789
-219.32244098
-219.32179155
-219.32088400
-219.32080132
-219.32008231
-219.31869611
-219.31840823
-219.31635011
-219.31580894
-219.31481739
-219.31276831
-219.31246867
-219.31139532
-219.30945518
-219.30913237
-219.30843477
-219.29199307
-219.29073541
-219.28848577
-219.28780407
-219.28544403
-219.28308242
-219.28237344
-219.27691597
-219.27679379
-219.27526380
-219.27406308
-219.27162401
-219.26980771
-219.26916196
-219.26912606
-219.26794776
-219.26584443
-219.26535004
-219.26523397
-219.26454990
-219.26402731
-219.26280594
-219.26205697
-219.26197084
-219.24849879
-219.24664889
-219.24594141
-219.24282996
-219.23737499
-219.23692072
-219.23639147
-219.23582405
-219.23454485
-219.23370826
-219.23350112
-219.23326434
-219.23308002
-219.23278075
-219.23267201
-219.23033019
-219.22824642
-219.22737235
-219.22679982
-219.22532906
-219.22386605
-219.22223216
-219.22006465
-219.21761396
-219.21112897
-219.20999661
-219.20777727
-219.20740663
-219.20704235
-219.20658317
-219.20531071
-219.20351537
-219.20336784
-219.20300803
-219.20031363
-219.20019315
-219.19966082
-219.19915313
-219.19735936
-219.19637525
-219.19533235
-219.19450039
-219.18605066
-219.18426298
-219.18421265
-219.18321164
-219.18268645
-219.18199089
-219.18162195
-219.18086473
-219.17860014
-219.17796176
-219.17702953
-219.17691860
-219.17582775
-219.17456355
-219.17376635
-219.17350264
-219.17226465
-219.17224159
-219.13955664
-219.13768009
-219.13554750
-219.13535720
-219.13488475
-219.13415119
-219.13380798
-219.13266933
-219.13145221
-219.13112755
-219.12900116
-219.12845260
-219.12666508
-219.12649763
-219.12561613
-219.12443692
-219.12383978
-219.12234616
-219.11521808
-219.11489921
-219.11475596
-219.11365313
-219.11304877
-219.11205149
-219.09708662
-219.09679196
-219.09613437
-219.09560308
-219.09456402
-219.09431904
-219.09331821
-219.09316136
-219.09271656
-219.09258398
-219.09245713
-219.09224507
-219.09170046
-219.09090291
-219.09058976
-219.09037515
-219.08991048
-219.08926505
-219.07096251
-219.07088546
-219.06913336
-219.06898579
-219.06774425
-219.06697227
-219.06369887
-219.06239325
-219.06167412
-219.06108237
-219.05941968
-219.05856232
-219.04359136
-219.04346416
-219.04153845
-219.04094900
-219.04005761
-219.03961051
-219.03918788
-219.03729978
-219.03607368
-219.03463367
-219.03426461
-219.03410116
-219.02079092
-219.02034462
-219.02000150
-219.01890007
-219.01870986
-219.01663415
-219.01658236
-219.01616208
-219.01404179
-219.01304619
-219.01263670
-219.01142073
-219.01029596
-219.00826362
-219.00606023
-219.00503010
-219.00249982
-219.00236837
-219.00164833
-219.00042151
-218.99825307
-218.99740892
-218.99556659
-218.99381833
-218.98457823
-218.98356724
-218.98171972
-218.98105650
-218.98027544
-218.97880872
-218.97119393
-218.97104405
-218.97029780
-218.96860018
-218.96789004
-218.96758975
-218.96696575
-218.96673255
-218.96555800
-218.96451875
-218.96295711
-218.96198091
-218.95642556
-218.95601332
-218.95572659
-218.95449251
-218.95376896
-218.95302152
-218.94727789
-218.94604537
-218.94531059
-218.94518000
-218.94343215
-218.94223228
-218.92938877
-218.92786287
-218.92527274
-218.92385352
-218.92205965
-218.92184829
-218.91688796
-218.91262353
-218.91242296
-218.91004972
-218.90858860
-218.90730900
-218.90439510
-218.90212799
-218.90097775
-218.90052993
-218.90015758
-218.89886883
-218.89468303
-218.89026747
-218.88890915
-218.88734799
-218.88663343
-218.88228059
-218.87293316
-218.87170725
-218.87022926
-218.87005730
-218.86717868
-218.86555651
-218.86467851
-218.86398594
-218.86090707
-218.86026280
-218.86004406
-218.85894790
-218.84227844
-218.84200633
-218.83901517
-218.83868063
-218.83787698
-218.83752218
-218.83162038
-218.83086965
-218.82554926
-218.82442512
-218.82343203
-218.82292019
-218.82221471
-218.82020019
-218.81926802
-218.81922498
-218.81612621
-218.81295173
-218.80897786
-218.80788657
-218.80672508
-218.80510832
-218.80389468
-218.80330829
-218.80267971
-218.80246523
-218.80153884
-218.80107556
-218.79956080
-218.79816201
-218.79659032
-218.79632081
-218.79623705
-218.79599634
-218.79276590
-218.79053654
-218.78271359
-218.78246186
-218.78069121
-218.77574107
-218.77528981
-218.77506263
-218.77463090
-218.77384703
-218.77235476
-218.77014877
-218.76747782
-218.76719538
-218.76179168
-218.76096663
-218.76064954
-218.75929907
-218.75911598
-218.75727019
-218.75028152
-218.74683693
-218.74624348
-218.74593008
-218.74488222
-218.74459556
-218.73460820
-218.73196994
-218.73160179
-218.73067917
-218.72982931
-218.72949209
-218.72820165
-218.72809885
-218.72670273
-218.72646115
-218.72464652
-218.72235507
-218.70616922
-218.70556853
-218.70362778
-218.70340361
-218.70297559
-218.70146817
-218.69440497
-218.69205003
-218.69066265
-218.68948144
-218.68929160
-218.68674723
-218.65031217
-218.65001317
-218.64985527
-218.64955580
-218.64832142
-218.64812319
-218.62371484
-218.62317840
-218.62152343
-218.61984020
-218.61971486
-218.61855452
-218.60092047
-218.59994466
-218.59677564
-218.59667646
-218.59271169
-218.58988223
-218.58554497
-218.58532113
-218.58434067
-218.58339525
-218.58235601
-218.58123707
-218.58102719
-218.58097558
-218.57989805
-218.57878344
-218.57723761
-218.57516951
-218.55964355
-218.55164012
-218.55104320
-218.55077569
-218.54860914
-218.54833689
-218.49149725
-218.49057028
-218.48651109
-218.48532679
-218.48367563
-218.48273209
-218.45122590
-218.45026528
-218.44950505
-218.44856691
-218.44553032
-218.44507931
-218.43181936
-218.42939803
-218.42775663
-218.42299245
-218.42083679
-218.41792785
-218.41007075
-218.40634101
-218.40611217
-218.40428947
-218.39862480
-218.39689509
-218.32374363
-218.32216182
-218.31958454
-218.31617301
-218.31553610
-218.31194065
-218.30819639
-218.30801078
-218.30699278
-218.30633687
-218.30385225
-218.30348719
-218.30334881
-218.30214353
-218.30108203
-218.30037783
-218.29962028
-218.29491354
-218.28600291
-218.27355164
-218.27258918
-218.27127009
-218.26995285
-218.26570539
-218.24205309
-218.24054875
-218.23974610
-218.23891172
-218.23664710
-218.23083255
-218.22617707
-218.22370818
-218.22118970
-218.22014063
-218.21982086
-218.21769532
-218.21580104
-218.21258638
-218.21218615
-218.20955196
-218.20801268
-218.20705288
-218.17689819
-218.17558673
-218.17517929
-218.17459671
-218.17406389
-218.17192286
-218.15926413
-218.15920503
-218.15599113
-218.15588779
-218.15530303
-218.15388739
-218.13194704
-218.13078243
-218.13027049
-218.12957889
-218.12939906
-218.12863630
-218.12775649
-218.12721662
-218.12609094
-218.12548389
-218.12516206
-218.12331466
-218.09249915
-218.09218396
-218.08997003
-218.08944646
-218.08850985
-218.08667139
-218.08225937
-218.08161216
-218.08075713
-218.07912192
-218.07850545
-218.07668189
-218.07494982
-218.07398512
-218.07264093
-218.07027048
-218.07020955
-218.06845759
-218.06817229
-218.06637421
-218.06601049
-218.06528127
-218.06516010
-218.06202289
-218.05006837
-218.04784893
-218.04479821
-218.04440241
-218.04360062
-218.04311549
-218.04195175
-218.04014344
-218.03866578
-218.03803217
-218.03685486
-218.03433951
-218.02521328
-218.02473214
-218.02350886
-218.02134003
-218.02000467
-218.01938313
-218.01820742
-218.01756143
-218.01740022
-218.01561924
-218.01347712
-218.01173624
-217.97982580
-217.97856651
-217.97625646
-217.97582339
-217.97265277
-217.97259215
-217.94910101
-217.94740680
-217.94608154
-217.94490542
-217.94241299
-217.93967129
-217.93810050
-217.93603885
-217.93541293
-217.93267632
-217.93017998
-217.92794406
-217.91165570
-217.91139172
-217.91121728
-217.90634285
-217.90592680
-217.90550559
-217.89011995
-217.88969624
-217.88853116
-217.88514124
-217.88466399
-217.88134895
-217.86725018
-217.86254339
-217.85937022
-217.85846051
-217.85835876
-217.85549889
-217.85013438
-217.84843330
-217.84809263
-217.84447330
-217.84188062
-217.84096602
-217.82359040
-217.81891336
-217.81865043
-217.81852651
-217.81819606
-217.81435063
-217.80224449
-217.80008523
-217.79990845
-217.79978473
-217.79924993
-217.79254999
-217.77313774
-217.77261283
-217.77076997
-217.76903810
-217.76657381
-217.76632828
-217.76425761
-217.76347988
-217.76199829
-217.76106107
-217.75641378
-217.75592361
-217.75540627
-217.75315107
-217.75265695
-217.75188567
-217.75115740
-217.75006754
-217.72821436
-217.72722023
-217.72640556
-217.72578713
-217.72312158
-217.72145873
-217.70642859
-217.70579380
-217.70437141
-217.70318066
-217.70074511
-217.70059857
-217.64000450
-217.63940121
-217.63778249
-217.63703550
-217.63668883
-217.63564770
-217.63412550
-217.63237340
-217.62995709
-217.62797466
-217.62740659
-217.62460195
-217.62368341
-217.62259088
-217.62244982
-217.61449157
-217.61379314
-217.60911817
-217.60872578
-217.59955837
-217.59717333
-217.59608441
-217.59480088
-217.58998557
-217.57980554
-217.57899700
-217.57876297
-217.57581286
-217.57462684
-217.57146491
-217.56999843
-217.56657020
-217.56453572
-217.56295148
-217.56259305
-217.56125349
-217.56062220
-217.55981116
-217.55830727
-217.55586032
-217.55402651
-217.55159023
-217.54889594
-217.54596921
-217.54475093
-217.54119324
-217.53973723
-217.53878156
-217.48723074
-217.48107853
-217.47987191
-217.47957692
-217.47906407
-217.47753150
-217.47062909
-217.46986914
-217.46905576
-217.46892205
-217.46599094
-217.46576479
-217.45598684
-217.45514988
-217.44951634
-217.44903023
-217.44590640
-217.44234026
-217.39734483
-217.39588452
-217.39537559
-217.39278852
-217.38855348
-217.38737556
-217.34586464
-217.34494944
-217.33981721
-217.33684013
-217.33547769
-217.33503004
-217.32812439
-217.32521128
-217.32508234
-217.32331716
-217.32024120
-217.31999925
-217.31967541
-217.31933267
-217.31861536
-217.31632601
-217.31621968
-217.31514260
-217.30365481
-217.30290290
-217.29947201
-217.29836889
-217.29828988
-217.29608697
-217.27681872
-217.27408022
-217.27256571
-217.27218911
-217.27136886
-217.26901297
-217.17365811
-217.17152333
-217.15960656
-217.15727479
-217.15453174
-217.13599820
-217.13492541
-217.13428447
-217.13290611
-217.13110914
-217.13088479
-217.11049998
-217.05404622
-217.05179317
-217.04971959
-217.04930303
-217.04850773
-217.04585316
-216.99710550
-216.99534203
-216.99034528
-216.98903121
-216.98195868
-216.96221807
-216.95340357
-216.94973653
-216.94677050
-216.94306290
-216.93239348
-216.92964798
-216.92489699
-216.92318536
-216.91898258
-216.91758803
-216.91567480
-216.90848534
-216.90632207
-216.90507875
-216.90097281
-216.89759082
-216.87811157
-216.87440314
-216.78847611
-216.78407870
-216.78044345
-216.77856307
-216.77748313
-216.76913534
-216.76733138
-216.76493070
-216.76148997
-216.75857135
-216.75815665
-216.75073068
-216.73489925
-216.73258057
-216.72741353
-216.72608805
-216.71421932
-216.70886016
-216.69372515
-216.67700205
-216.67621054
-216.67508966
-216.67375428
-216.67237812
-216.65602496
-216.65515000
-216.65412718
-216.65182378
-216.64578202
-216.64556022
-216.58327907
-216.57971801
-216.57542046
-216.57285699
-216.57076236
-216.56614361
-216.56604666
-216.56149359
-216.55230353
-216.54022563
-216.53673589
-216.53591317
-216.36828286
-216.36712653
-216.36569160
-216.36301434
-216.36110950
-216.35564303
-216.23735415
-216.23407078
-216.22749156
-216.22732455
-216.22389545
-216.21824331
-216.17293079
-216.17111418
-216.16861403
-216.16728712
-216.16645020
-216.16617939
-215.89119468
-215.88549866
-215.88424142
-215.88133423
-215.88066896
-215.87798595
-214.95699686
-214.95574733
-214.95460852
-214.95335433
-214.95207197
-214.95031477
