-230.50328412
-230.49701014
-230.48385441
-230.48376305
-230.46818838
-230.46107746
-230.46102174
-230.45306859
-230.43933442
-230.43917480
-230.43735991
-230.43715334
-230.43705191
-230.43631372
-230.42349790
-230.42339341
-230.42018595
-230.42005519
-230.40661464
-230.40643934
-230.39588725
-230.39586653
-230.39430519
-230.38895670
-230.38378038
-230.38063066
-230.38046674
-230.37667639
-230.37573833
-230.37502870
-230.37439449
-230.37428861
-230.37346428
-230.36742002
-230.36731839
-230.36426562
-230.36305586
-230.36215266
-230.35752795
-230.35743475
-230.35682280
-230.35675134
-230.35648139
-230.34644809
-230.34242337
-230.34068718
-230.34060908
-230.34023274
-230.33532351
-230.33524765
-230.33255792
-230.33114317
-230.32624785
-230.32145260
-230.32132546
-230.32045117
-230.32038492
-230.31859837
-230.31539658
-230.31522650
-230.31511299
-230.31129168
-230.31090258
-230.30963582
-230.30837541
-230.30527319
-230.30433898
-230.30400613
-230.28937465
-230.28809265
-230.28717635
-230.28601894
-230.28539662
-230.28525940
-230.27580918
-230.27403623
-230.26862051
-230.26786990
-230.26384614
-230.26328084
-230.26297845
-230.26197419
-230.25751461
-230.25658323
-230.25583922
-230.25427896
-230.25261385
-230.25224826
-230.25194600
-230.24985104
-230.24963295
-230.24936725
-230.24626010
-230.24624337
-230.24438370
-230.24403175
-230.24257103
-230.24244203
-230.24150689
-230.23929267
-230.23851078
-230.23784780
-230.23655462
-230.23544305
-230.23413485
-230.23364579
-230.23322766
-230.23153038
-230.23133828
-230.22564348
-230.22545525
-230.22484800
-230.22454988
-230.22436632
-230.22338771
-230.22035497
-230.21956687
-230.21914792
-230.21870169
-230.21807328
-230.21771613
-230.21761371
-230.21740522
-230.21671895
-230.21556023
-230.21544457
-230.21265485
-230.21255249
-230.21244174
-230.20860707
-230.20823952
-230.20705026
-230.20566044
-230.20504456
-230.20490455
-230.20477329
-230.20462183
-230.20151318
-230.20140947
-230.20074844
-230.19996183
-230.19753129
-230.19704439
-230.19674653
-230.19611234
-230.19572258
-230.19553220
-230.19470147
-230.19427697
-230.19393994
-230.19124443
-230.19110252
-230.18842997
-230.18696673
-230.18590655
-230.18211825
-230.18176164
-230.18173822
-230.18142338
-230.18078787
-230.18016516
-230.17230936
-230.17203139
-230.17162807
-230.17136707
-230.17122937
-230.17088212
-230.17038048
-230.16991355
-230.16975186
-230.16947428
-230.16923267
-230.16917796
-230.16482526
-230.16443620
-230.16388996
-230.16216599
-230.16123417
-230.16100770
-230.16032941
-230.15815062
-230.15716199
-230.15680141
-230.15634520
-230.15242707
-230.14955760
-230.14898680
-230.14883803
-230.14869537
-230.14655483
-230.14642897
-230.14485710
-230.14460879
-230.14362199
-230.14351526
-230.14264925
-230.14238225
-230.14165618
-230.13909697
-230.13844980
-230.13673414
-230.13385341
-230.13373097
-230.12975419
-230.12919719
-230.12777298
-230.12749578
-230.12700856
-230.12655416
-230.12600637
-230.12524599
-230.12508833
-230.12475630
-230.12404219
-230.12256021
-230.12183152
-230.12072213
-230.12023032
-230.11896437
-230.11882396
-230.11314331
-230.11280986
-230.11175459
-230.11148614
-230.11134477
-230.11128401
-230.11014253
-230.10781228
-230.10728500
-230.10658541
-230.10649609
-230.10566696
-230.10562205
-230.10533642
-230.10445881
-230.10299996
-230.09786545
-230.09748308
-230.09650927
-230.09596934
-230.09545399
-230.09531631
-230.09518176
-230.09505352
-230.09500041
-230.09482657
-230.09287309
-230.09258129
-230.09226850
-230.09092429
-230.08829351
-230.08802946
-230.08683998
-230.08455495
-230.08452274
-230.08404223
-230.08082226
-230.08010161
-230.07996123
-230.07971043
-230.07952861
-230.07918479
-230.07807725
-230.07682670
-230.07671971
-230.07661677
-230.07542266
-230.07526425
-230.07437502
-230.07431627
-230.07223199
-230.07192442
-230.07167110
-230.07081944
-230.07049394
-230.06992482
-230.06976338
-230.06947473
-230.06906496
-230.06893685
-230.06819190
-230.06624437
-230.06605111
-230.06589224
-230.06491854
-230.06486946
-230.06382098
-230.06349529
-230.06127984
-230.06120284
-230.06111181
-230.05996411
-230.05945467
-230.05728265
-230.05600264
-230.05547792
-230.05495045
-230.05413764
-230.05380638
-230.05246345
-230.05242446
-230.05235510
-230.05095606
-230.05085087
-230.04879682
-230.04874581
-230.04544493
-230.04532314
-230.04387668
-230.04343144
-230.04261413
-230.04213520
-230.04189477
-230.04095357
-230.03909051
-230.03877185
-230.03745806
-230.03719757
-230.03696949
-230.03665429
-230.03648745
-230.03635898
-230.03619310
-230.03597277
-230.03518178
-230.03495322
-230.03451383
-230.03259611
-230.02935903
-230.02839272
-230.02778191
-230.02519132
-230.02482136
-230.02341183
-230.02289241
-230.02150913
-230.02099290
-230.01672296
-230.01659739
-230.01439184
-230.01396621
-230.01380517
-230.01347438
-230.01286325
-230.01232797
-230.01158407
-230.01073562
-230.00874918
-230.00782937
-230.00638844
-230.00599711
-230.00501088
-230.00493097
-230.00404095
-230.00287602
-230.00094616
-230.00064527
-230.00058749
-230.00014186
-229.99927223
-229.99881334
-229.99499170
-229.99486090
-229.99386325
-229.99348480
-229.99227491
-229.99160656
-229.98943954
-229.98941193
-229.98807405
-229.98799149
-229.98793887
-229.98782499
-229.98671711
-229.98480919
-229.98436557
-229.98389618
-229.98370372
-229.98308055
-229.97620450
-229.97522322
-229.97517506
-229.97501142
-229.97446132
-229.97413397
-229.97314430
-229.97135744
-229.97104626
-229.97102295
-229.96902485
-229.96661302
-229.96659514
-229.96626710
-229.96563565
-229.96553806
-229.96513100
-229.96507170
-229.96311458
-229.96246411
-229.96118907
-229.96014823
-229.95963882
-229.95851561
-229.95800404
-229.95707375
-229.95675514
-229.95629073
-229.95579366
-229.95547951
-229.95509494
-229.95417465
-229.95327351
-229.95250962
-229.95110014
-229.95087312
-229.95061118
-229.95016772
-229.94871337
-229.94836965
-229.94566684
-229.94552043
-229.94536236
-229.94445401
-229.94390480
-229.94354688
-229.94309364
-229.94293280
-229.94240663
-229.94068990
-229.94064887
-229.94034982
-229.94026749
-229.93833788
-229.93793802
-229.93757424
-229.93722766
-229.93597447
-229.93576335
-229.93559963
-229.93410650
-229.93222451
-229.93062767
-229.93048786
-229.92876247
-229.92808716
-229.92420015
-229.92370420
-229.92342164
-229.92298337
-229.92205672
-229.92172865
-229.92138922
-229.92126479
-229.91966271
-229.91726611
-229.91601926
-229.91564019
-229.91532144
-229.91510299
-229.91486983
-229.91472771
-229.91362073
-229.91305740
-229.91271772
-229.90954866
-229.90945303
-229.90803006
-229.90676458
-229.90647537
-229.90633501
-229.90621755
-229.90610470
-229.90590522
-229.90588371
-229.90452969
-229.90426206
-229.90206870
-229.90075405
-229.89934497
-229.89684662
-229.89592691
-229.89558169
-229.89468794
-229.89435524
-229.89344435
-229.89277915
-229.89223442
-229.89120838
-229.89055952
-229.88947987
-229.88894602
-229.88822164
-229.88781595
-229.88757870
-229.88684140
-229.88630834
-229.88463104
-229.88414392
-229.88350133
-229.88292102
-229.88236188
-229.88214763
-229.88043172
-229.87959903
-229.87946512
-229.87891262
-229.87774009
-229.87759665
-229.87633285
-229.87570383
-229.87502569
-229.87484085
-229.87415006
-229.87391880
-229.87360417
-229.87325713
-229.87310928
-229.87298803
-229.87282897
-229.87231346
-229.87141553
-229.87104018
-229.86916364
-229.86814726
-229.86782535
-229.86629983
-229.86624361
-229.86611749
-229.86444238
-229.86244066
-229.86113993
-229.86077386
-229.86013606
-229.85945720
-229.85925838
-229.85894181
-229.85861868
-229.85837358
-229.85823217
-229.85811364
-229.85760105
-229.85724286
-229.85491151
-229.85233789
-229.85157772
-229.85154732
-229.85099464
-229.84962783
-229.84868425
-229.84758607
-229.84741266
-229.84728513
-229.84699812
-229.84606185
-229.84493801
-229.84487448
-229.84482228
-229.84451569
-229.84354219
-229.84345065
-229.84283091
-229.84220741
-229.84108804
-229.84088487
-229.83994733
-229.83948980
-229.83861307
-229.83775789
-229.83738139
-229.83667923
-229.83559679
-229.83465348
-229.83448197
-229.83432840
-229.82914127
-229.82861515
-229.82757933
-229.82614318
-229.82592422
-229.82533414
-229.82497624
-229.82473458
-229.82437361
-229.82340587
-229.82295192
-229.82265531
-229.82127982
-229.82104503
-229.81975188
-229.81861947
-229.81696980
-229.81596199
-229.81424888
-229.81399622
-229.81369828
-229.81311919
-229.81215814
-229.81169452
-229.81043932
-229.81020844
-229.80937203
-229.80851354
-229.80773252
-229.80730476
-229.80509732
-229.80420691
-229.80241034
-229.79825016
-229.79725580
-229.79687595
-229.79663303
-229.79650926
-229.79603720
-229.79575472
-229.79523732
-229.79470256
-229.79252357
-229.79222687
-229.78884564
-229.78831499
-229.78789586
-229.78767042
-229.78522463
-229.78495861
-229.78224409
-229.78200023
-229.78156515
-229.78101859
-229.78064195
-229.77978618
-229.77773471
-229.77669176
-229.77644073
-229.77622048
-229.77617637
-229.77545234
-229.77141906
-229.77133611
-229.77056576
-229.76954484
-229.76916394
-229.76666780
-229.76658526
-229.76460742
-229.76365380
-229.76316188
-229.76291253
-229.76255298
-229.75952264
-229.75934023
-229.75812769
-229.75417894
-229.75403920
-229.75330472
-229.75250396
-229.75179476
-229.75158390
-229.75117182
-229.75095988
-229.75068919
-229.75056776
-229.74955463
-229.74941197
-229.74916274
-229.74852640
-229.74828061
-229.74816132
-229.74801993
-229.74780024
-229.74706942
-229.74628287
-229.74382085
-229.74304101
-229.74219197
-229.74169161
-229.74156423
-229.74126763
-229.74047516
-229.74002625
-229.73903384
-229.73871407
-229.73864919
-229.73841880
-229.73832050
-229.73809076
-229.73784010
-229.73752552
-229.73682162
-229.73660564
-229.73577289
-229.73474295
-229.73421550
-229.73412786
-229.73370795
-229.73351257
-229.73325049
-229.73266928
-229.73165956
-229.73149046
-229.73127570
-229.73089171
-229.73030348
-229.72975163
-229.72945835
-229.72902628
-229.72844630
-229.72833061
-229.72680469
-229.72646373
-229.72492831
-229.72409920
-229.72396239
-229.72389055
-229.72362945
-229.72304563
-229.72236524
-229.72217631
-229.72205326
-229.72116203
-229.72044519
-229.71753510
-229.71738531
-229.71623087
-229.71481169
-229.71440439
-229.71408460
-229.71385381
-229.71355160
-229.71296939
-229.71098724
-229.71086619
-229.70967562
-229.70860386
-229.70749109
-229.70696964
-229.70671780
-229.70403711
-229.70374371
-229.70257580
-229.70220838
-229.70166522
-229.70151344
-229.70114203
-229.70018979
-229.70006222
-229.69934449
-229.69786741
-229.69769560
-229.69394543
-229.69377784
-229.69211690
-229.69182266
-229.69158625
-229.69052149
-229.69030305
-229.68799936
-229.68750233
-229.68743263
-229.68649256
-229.68575169
-229.68552564
-229.68489536
-229.68412765
-229.68298512
-229.68254481
-229.68233042
-229.68204747
-229.68138061
-229.68124269
-229.68050325
-229.68009802
-229.67911741
-229.67870555
-229.67724238
-229.67642927
-229.67610947
-229.67592949
-229.67556064
-229.67476941
-229.67456477
-229.67437626
-229.67427878
-229.67405961
-229.67235345
-229.67159622
-229.67126880
-229.67021613
-229.66983869
-229.66833683
-229.66816983
-229.66641474
-229.66626727
-229.66611047
-229.66398679
-229.66308058
-229.66219161
-229.66181882
-229.66113510
-229.65953756
-229.65931197
-229.65828007
-229.65771938
-229.65743152
-229.65726286
-229.65686418
-229.65645934
-229.65598701
-229.65322878
-229.65186526
-229.65166672
-229.65107528
-229.65098142
-229.65065218
-229.65024948
-229.64983371
-229.64968143
-229.64819227
-229.64754760
-229.64745165
-229.64377827
-229.64352859
-229.64342325
-229.64222326
-229.64213394
-229.64145445
-229.64063019
-229.64043605
-229.63902981
-229.63892816
-229.63870389
-229.63863651
-229.63807928
-229.63779936
-229.63767032
-229.63752290
-229.63717363
-229.63430137
-229.63395495
-229.63338166
-229.63279347
-229.63272847
-229.63213215
-229.63161512
-229.63137455
-229.63112664
-229.62995848
-229.62968278
-229.62841961
-229.62824117
-229.62796293
-229.62757644
-229.62753737
-229.62578756
-229.62446786
-229.62369073
-229.62324363
-229.62314810
-229.62219672
-229.62162646
-229.62154881
-229.62101534
-229.61990544
-229.61968480
-229.61947494
-229.61806168
-229.61662358
-229.61604659
-229.61502833
-229.61493197
-229.61200091
-229.61155012
-229.60906686
-229.60880327
-229.60828004
-229.60810528
-229.60766702
-229.60618880
-229.60568941
-229.60502968
-229.60477775
-229.60433466
-229.60412381
-229.60342404
-229.60297138
-229.60272822
-229.60119786
-229.60061245
-229.60031977
-229.59997409
-229.59979415
-229.59846824
-229.59820737
-229.59794139
-229.59754861
-229.59562054
-229.59501457
-229.58990732
-229.58958352
-229.58806292
-229.58639807
-229.58451184
-229.58267292
-229.58241716
-229.58233589
-229.58081406
-229.57931332
-229.57839123
-229.57822680
-229.57802065
-229.57521043
-229.57437742
-229.57305454
-229.57217670
-229.57191623
-229.57172307
-229.56991418
-229.56939610
-229.56836576
-229.56588402
-229.56512019
-229.56429234
-229.56400266
-229.56274035
-229.56192445
-229.56157689
-229.56140200
-229.56113633
-229.56074554
-229.55955028
-229.55901875
-229.55846045
-229.55827051
-229.55712793
-229.55671558
-229.55619660
-229.55565154
-229.55513571
-229.55500330
-229.55448958
-229.55376150
-229.55368062
-229.55346848
-229.55325588
-229.55300459
-229.55226321
-229.54904534
-229.54882142
-229.54874931
-229.54824083
-229.54739061
-229.54419626
-229.54349121
-229.54278407
-229.54077396
-229.54054845
-229.53937191
-229.53923226
-229.53823575
-229.53793044
-229.53639133
-229.53618372
-229.53586865
-229.53494292
-229.53444929
-229.53435118
-229.53421176
-229.53321655
-229.53306870
-229.53264229
-229.53251304
-229.53171131
-229.53163833
-229.53150563
-229.53138597
-229.53055583
-229.52823758
-229.52802559
-229.52500088
-229.52442555
-229.52419475
-229.52188224
-229.52171040
-229.52094550
-229.52060929
-229.52050671
-229.52015459
-229.52002293
-229.51796698
-229.51787851
-229.51779281
-229.51772811
-229.51753455
-229.51743554
-229.51715246
-229.51603025
-229.51559268
-229.51480359
-229.51446099
-229.51401060
-229.51391440
-229.51383389
-229.51353626
-229.51190834
-229.51146549
-229.51011492
-229.50930679
-229.50869861
-229.50844267
-229.50816888
-229.50752387
-229.50735537
-229.50702311
-229.50631683
-229.50565667
-229.50506432
-229.50456800
-229.50358055
-229.50341864
-229.50317514
-229.49827407
-229.49622707
-229.49505428
-229.49471786
-229.49462891
-229.49438752
-229.49367488
-229.49352235
-229.49340831
-229.49311835
-229.49279491
-229.49005266
-229.48954282
-229.48909583
-229.48885408
-229.48714849
-229.48659082
-229.48634470
-229.48117629
-229.48065186
-229.48048886
-229.48009270
-229.47996080
-229.47986797
-229.47881513
-229.47838207
-229.47763429
-229.47696812
-229.47641478
-229.47381319
-229.47330037
-229.47299648
-229.47179952
-229.47104912
-229.46833258
-229.46803695
-229.46783125
-229.46717526
-229.46586222
-229.46546015
-229.46481216
-229.46456035
-229.46396575
-229.46347393
-229.46009480
-229.45974807
-229.45833737
-229.45542899
-229.45517719
-229.45470224
-229.45372581
-229.45310313
-229.44962268
-229.44950778
-229.44916496
-229.44872107
-229.44843171
-229.44758848
-229.44613152
-229.44584161
-229.44451856
-229.44376414
-229.44359865
-229.44310453
-229.44257605
-229.44168337
-229.44082472
-229.44059082
-229.44007214
-229.43974330
-229.43920884
-229.43755745
-229.43627724
-229.43559924
-229.43533550
-229.43475964
-229.43307489
-229.43287297
-229.43251559
-229.43163007
-229.43145156
-229.43090009
-229.42759316
-229.42735723
-229.42593744
-229.42552074
-229.42283841
-229.42248266
-229.42202733
-229.42131425
-229.42023994
-229.41911453
-229.41733267
-229.41728440
-229.41709050
-229.41691413
-229.41644953
-229.41636796
-229.41587179
-229.41436857
-229.41338976
-229.41286058
-229.41023886
-229.40929012
-229.40864415
-229.40642007
-229.40633678
-229.40534294
-229.40468538
-229.40340584
-229.40276233
-229.40182039
-229.40116292
-229.40066583
-229.40005158
-229.39999019
-229.39958642
-229.39939456
-229.39864919
-229.39862460
-229.39784553
-229.39642629
-229.39564979
-229.39303724
-229.39243854
-229.39190558
-229.39117182
-229.39097292
-229.39064464
-229.38754315
-229.38733294
-229.38448072
-229.38375738
-229.38255946
-229.38217328
-229.38213172
-229.38106810
-229.37998081
-229.37876853
-229.37829413
-229.37781673
-229.37763022
-229.37754688
-229.37684800
-229.37535287
-229.37490381
-229.37252018
-229.37206687
-229.37059605
-229.37018718
-229.36871025
-229.36808157
-229.36498521
-229.36459047
-229.36171903
-229.35983406
-229.35942062
-229.35880379
-229.35822442
-229.35608106
-229.35432532
-229.35374033
-229.35340517
-229.35246512
-229.35239106
-229.35198808
-229.35184686
-229.35152092
-229.35065115
-229.34869847
-229.34825011
-229.34350085
-229.34297276
-229.34178967
-229.34060505
-229.34017240
-229.33993142
-229.33903257
-229.33856457
-229.33846298
-229.33724219
-229.33624442
-229.33544873
-229.33376011
-229.33315665
-229.33215913
-229.32931771
-229.32802853
-229.32783618
-229.32716242
-229.32362568
-229.32341001
-229.32305950
-229.32264629
-229.32141459
-229.32076314
-229.32032556
-229.31908865
-229.31885842
-229.31831309
-229.31451896
-229.31282368
-229.31033796
-229.30989452
-229.30983450
-229.30945207
-229.30803249
-229.30727656
-229.30694634
-229.30592753
-229.30508890
-229.30411473
-229.30399119
-229.30239907
-229.30161520
-229.30085582
-229.29960355
-229.29914471
-229.29851398
-229.29671632
-229.29631478
-229.29612752
-229.29512060
-229.29133860
-229.29107102
-229.29078154
-229.29049232
-229.28752751
-229.28725308
-229.28632532
-229.28577198
-229.28214419
-229.28177747
-229.28125078
-229.28045893
-229.27978382
-229.27827578
-229.27756112
-229.27726584
-229.27715390
-229.27590570
-229.27582444
-229.27475181
-229.27398335
-229.27295974
-229.27271942
-229.27018821
-229.26976942
-229.26963756
-229.26494870
-229.26322327
-229.25984396
-229.25924658
-229.25799861
-229.25791155
-229.25743373
-229.25654657
-229.25638326
-229.24922929
-229.24856548
-229.24435220
-229.24370934
-229.23951315
-229.23924015
-229.23395376
-229.23380460
-229.23357345
-229.23332492
-229.23156576
-229.23060242
-229.23055768
-229.23028293
-229.23019169
-229.22718036
-229.22646003
-229.22600082
-229.22576144
-229.22477561
-229.22472108
-229.21942692
-229.21904707
-229.21877534
-229.21782836
-229.21730610
-229.21694518
-229.21568214
-229.21452452
-229.21327685
-229.21280116
-229.21123975
-229.20967633
-229.20786578
-229.20728407
-229.20500254
-229.20463630
-229.20247729
-229.20219216
-229.20165474
-229.20023338
-229.19762211
-229.19556300
-229.19507356
-229.19483631
-229.19467698
-229.19445008
-229.19416503
-229.19142086
-229.18663955
-229.18612659
-229.18373062
-229.18201121
-229.18071405
-229.17945502
-229.17830729
-229.17743009
-229.17699251
-229.17675092
-229.17652110
-229.17621276
-229.17530275
-229.17329908
-229.17201385
-229.17171821
-229.16914759
-229.16802655
-229.16752267
-229.16624495
-229.16571131
-229.16462524
-229.16347217
-229.16228717
-229.15773259
-229.15622073
-229.15596256
-229.15565707
-229.15530697
-229.14918572
-229.14189310
-229.14082708
-229.13931592
-229.13870922
-229.13835813
-229.13740531
-229.13609034
-229.13589398
-229.13549555
-229.13459448
-229.13379084
-229.13101939
-229.13005486
-229.12948657
-229.12830253
-229.12683076
-229.12669154
-229.12624658
-229.12578486
-229.12476151
-229.12311135
-229.12268829
-229.12227591
-229.12139862
-229.11939863
-229.11882628
-229.11510506
-229.11411248
-229.11286569
-229.11221505
-229.10978032
-229.10797380
-229.10754503
-229.10483016
-229.10479126
-229.10444711
-229.10294679
-229.10252219
-229.10206283
-229.10104025
-229.09616320
-229.09404583
-229.09396967
-229.09333425
-229.09142208
-229.08931690
-229.08906238
-229.08843798
-229.08494493
-229.08455805
-229.08382700
-229.08335815
-229.07986958
-229.07950355
-229.07548053
-229.07375085
-229.07267845
-229.07173596
-229.06498111
-229.06351570
-229.06263646
-229.05900474
-229.05832369
-229.05683363
-229.05454373
-229.05417814
-229.05276975
-229.05179140
-229.04668237
-229.04643690
-229.04613295
-229.04470318
-229.04224234
-229.04171955
-229.04084615
-229.03649083
-229.03546083
-229.03261189
-229.03216299
-229.03031486
-229.02895922
-229.02802520
-229.02502183
-229.02475386
-229.02418178
-229.02290923
-229.02170316
-229.01936782
-229.01904878
-229.01647391
-229.01551311
-229.01496923
-229.00933032
-229.00909364
-229.00831411
-229.00508229
-229.00438357
-229.00228431
-229.00204383
-229.00125090
-229.00095497
-228.99974820
-228.99903565
-228.99746407
-228.99707111
-228.99666655
-228.99581062
-228.99508921
-228.99230112
-228.99179944
-228.99093112
-228.99073457
-228.98710692
-228.98582038
-228.98527568
-228.98464278
-228.98283281
-228.98259262
-228.98145822
-228.98136399
-228.98127317
-228.97595023
-228.97189201
-228.97043233
-228.96994761
-228.96916074
-228.96912157
-228.96861708
-228.96737441
-228.96520970
-228.96325909
-228.96263518
-228.96122742
-228.95732015
-228.95568611
-228.95552839
-228.95465921
-228.95108071
-228.95063381
-228.94962938
-228.94845419
-228.94766658
-228.94459585
-228.94432446
-228.94295944
-228.94233039
-228.94107742
-228.93945871
-228.93771270
-228.93710746
-228.93680840
-228.93642250
-228.93542574
-228.93516766
-228.93177393
-228.93045338
-228.92987800
-228.92964999
-228.92694881
-228.92674683
-228.92630393
-228.92497062
-228.92392770
-228.92034386
-228.91908606
-228.91501052
-228.91222392
-228.91207402
-228.90926840
-228.90861561
-228.90540796
-228.90476813
-228.90467522
-228.90149546
-228.89998649
-228.89903369
-228.89868215
-228.89776685
-228.89611733
-228.89491947
-228.89011444
-228.88961822
-228.88917496
-228.88884343
-228.88590016
-228.88233426
-228.88075342
-228.87967684
-228.87204387
-228.87116573
-228.86996641
-228.86815098
-228.86727008
-228.86494734
-228.86443048
-228.86360970
-228.86340619
-228.86269710
-228.86229610
-228.86166324
-228.86015441
-228.85976958
-228.85929997
-228.85853854
-228.85813820
-228.85794298
-228.85601379
-228.85448639
-228.85297492
-228.85180169
-228.84762663
-228.84680392
-228.84339529
-228.84280721
-228.84150858
-228.84111664
-228.84071556
-228.83878596
-228.83803374
-228.83677825
-228.83639245
-228.83466123
-228.83324143
-228.83141724
-228.83115451
-228.83026926
-228.82767886
-228.82667028
-228.82542104
-228.82401242
-228.82269091
-228.81973249
-228.81924801
-228.81872085
-228.81807032
-228.81618801
-228.81560481
-228.81547154
-228.81469240
-228.81369366
-228.81187654
-228.80576267
-228.80146703
-228.80093543
-228.79894708
-228.79542944
-228.79338695
-228.79277526
-228.79099084
-228.79017260
-228.78915173
-228.78848074
-228.78801681
-228.78735276
-228.78602175
-228.78348076
-228.78333224
-228.77967402
-228.77953941
-228.77918449
-228.77775561
-228.77695777
-228.77672866
-228.77640835
-228.77592885
-228.77333985
-228.77263766
-228.77185364
-228.77163871
-228.76844370
-228.76776571
-228.76509638
-228.76355040
-228.76323515
-228.76061769
-228.76017537
-228.75935802
-228.75603767
-228.75564731
-228.75326555
-228.75202676
-228.75159419
-228.75014111
-228.75008441
-228.74947057
-228.74839650
-228.74399031
-228.74167686
-228.74151156
-228.73874601
-228.73810657
-228.73741990
-228.73677262
-228.73638651
-228.73484225
-228.73254702
-228.72820444
-228.72740764
-228.72702784
-228.72639857
-228.72200837
-228.72149441
-228.72126365
-228.71945312
-228.71718541
-228.71693494
-228.71427979
-228.71325885
-228.71242484
-228.71204558
-228.70865662
-228.70727328
-228.70595933
-228.70506895
-228.70479072
-228.70205213
-228.69955814
-228.69913582
-228.69619266
-228.69485154
-228.69457886
-228.69422482
-228.69399174
-228.69348855
-228.69322907
-228.68425991
-228.68225390
-228.68137980
-228.68084607
-228.68041347
-228.67923848
-228.67904369
-228.67809453
-228.67742386
-228.67607724
-228.67496772
-228.67466357
-228.66971581
-228.66817447
-228.66675642
-228.66619315
-228.66554572
-228.66530791
-228.66490990
-228.66457323
-228.66396059
-228.66283108
-228.66236478
-228.66210128
-228.66200690
-228.66011779
-228.65766746
-228.65699189
-228.65609908
-228.65522353
-228.65438225
-228.65388755
-228.65006496
-228.64856358
-228.64823028
-228.64659527
-228.64554697
-228.63874651
-228.63796899
-228.63703097
-228.63437641
-228.63094493
-228.63040370
-228.62997228
-228.62829560
-228.62620385
-228.62566141
-228.62480360
-228.62394846
-228.61872884
-228.61851048
-228.61576267
-228.61500878
-228.61250637
-228.61196645
-228.61007132
-228.60847927
-228.60686968
-228.60651059
-228.60522118
-228.60341955
-228.60129265
-228.59623315
-228.59578133
-228.59454662
-228.59401253
-228.59384590
-228.59307393
-228.58987933
-228.58939205
-228.58765815
-228.58507752
-228.58479924
-228.58328390
-228.58206009
-228.58106349
-228.57999995
-228.57825799
-228.57791300
-228.57676921
-228.57440377
-228.57379745
-228.57298249
-228.56811730
-228.56747296
-228.56622277
-228.56379022
-228.56327386
-228.56250688
-228.55839246
-228.55815810
-228.55598615
-228.55269637
-228.55144327
-228.54771931
-228.54635364
-228.54081348
-228.54045445
-228.53912813
-228.53878013
-228.53816689
-228.53516394
-228.53471403
-228.53370793
-228.53314833
-228.53293690
-228.53276452
-228.53203424
-228.53179982
-228.52638636
-228.52246251
-228.52093818
-228.52064220
-228.52005677
-228.51954744
-228.51910303
-228.51872357
-228.51841199
-228.51775038
-228.51635590
-228.51505091
-228.51383057
-228.51358306
-228.51273232
-228.51227291
-228.51204451
-228.50251341
-228.50188055
-228.49799813
-228.49761357
-228.49715728
-228.49557256
-228.49091140
-228.49016866
-228.48986858
-228.48937001
-228.48600086
-228.48567483
-228.48555810
-228.48516593
-228.48386630
-228.48329564
-228.48311742
-228.48276245
-228.48096372
-228.48043653
-228.47868638
-228.47831104
-228.47762218
-228.47595691
-228.47424773
-228.46611485
-228.46406062
-228.46338901
-228.46253008
-228.46210656
-228.46109331
-228.46024586
-228.45917988
-228.45876191
-228.45593952
-228.45574708
-228.45486109
-228.45306788
-228.45216535
-228.45176418
-228.44525120
-228.44476624
-228.44428885
-228.44378612
-228.44040174
-228.43960936
-228.43940558
-228.43831902
-228.43478724
-228.43371918
-228.43352140
-228.43293764
-228.43277339
-228.43111856
-228.43012634
-228.42906082
-228.42884357
-228.42817394
-228.42788338
-228.42703355
-228.42532828
-228.42394560
-228.42371396
-228.42264027
-228.42214673
-228.42209029
-228.42197085
-228.41942599
-228.41893918
-228.41824870
-228.41454894
-228.41434998
-228.40395902
-228.40350788
-228.39714772
-228.39533559
-228.39485961
-228.39409147
-228.39381840
-228.39346208
-228.39290808
-228.39184608
-228.39139258
-228.38989816
-228.38709051
-228.38613355
-228.38245269
-228.38205758
-228.38148871
-228.37724045
-228.37541785
-228.37534496
-228.37504227
-228.37479991
-228.37446807
-228.37396323
-228.37040764
-228.36659945
-228.36615231
-228.36377151
-228.36360953
-228.36287501
-228.36022622
-228.35826006
-228.35806467
-228.35786376
-228.35410477
-228.35383744
-228.35315019
-228.35145494
-228.35072887
-228.35032776
-228.34938919
-228.34913994
-228.34842595
-228.34372182
-228.33733344
-228.33416089
-228.33379409
-228.33327693
-228.33180394
-228.33154474
-228.33016907
-228.33001345
-228.32927438
-228.32861967
-228.32446386
-228.32339223
-228.32249816
-228.32123950
-228.32087531
-228.31993463
-228.31939765
-228.31775443
-228.31618130
-228.31488482
-228.31472098
-228.31419890
-228.31342045
-228.31143601
-228.30887000
-228.30741932
-228.30413737
-228.30187806
-228.30154472
-228.30143814
-228.30096863
-228.30022877
-228.29810629
-228.29491977
-228.29459273
-228.29395295
-228.29379741
-228.29358204
-228.29247780
-228.29192622
-228.28998550
-228.28507725
-228.28493131
-228.28438727
-228.28411800
-228.28350801
-228.27871970
-228.27806641
-228.27626240
-228.27473958
-228.27366695
-228.26766293
-228.26716638
-228.26693552
-228.26623637
-228.26497314
-228.26326525
-228.26309462
-228.26168184
-228.26056696
-228.25525138
-228.25484707
-228.25381946
-228.25282833
-228.25204612
-228.24872252
-228.24785435
-228.24685204
-228.24648767
-228.24536459
-228.24312643
-228.24281252
-228.24122996
-228.24090561
-228.23993151
-228.23216303
-228.23183156
-228.23101063
-228.23046118
-228.22948437
-228.22928284
-228.22857336
-228.22488156
-228.22446731
-228.22052527
-228.21783160
-228.21715146
-228.21656123
-228.21532021
-228.21485829
-228.21371606
-228.21094686
-228.21055340
-228.20910153
-228.20768775
-228.20751043
-228.20673966
-228.20572542
-228.20283607
-228.20024454
-228.19910912
-228.19785263
-228.19777577
-228.19544559
-228.19219857
-228.19192103
-228.19081750
-228.18861949
-228.18502535
-228.18359670
-228.17988301
-228.17949987
-228.17942932
-228.17901618
-228.17881305
-228.17814694
-228.17585599
-228.17549969
-228.17531968
-228.17525950
-228.17449751
-228.17349388
-228.17293628
-228.17279069
-228.17252017
-228.16861425
-228.16821907
-228.16787506
-228.16667431
-228.16605253
-228.16405761
-228.16379574
-228.16305811
-228.15975561
-228.15944342
-228.15820826
-228.15744230
-228.15627644
-228.15366374
-228.14576433
-228.14264551
-228.14124047
-228.14025074
-228.13990780
-228.13956074
-228.13713351
-228.13413035
-228.13388561
-228.13280532
-228.12360461
-228.12149683
-228.11972589
-228.11844253
-228.11699011
-228.11608080
-228.11507041
-228.11466500
-228.11405682
-228.11340177
-228.11292657
-228.11126243
-228.11022417
-228.10747499
-228.10481957
-228.10399732
-228.10267257
-228.09183152
-228.09149761
-228.09041402
-228.08986210
-228.08712201
-228.08420503
-228.08413101
-228.08311537
-228.08066746
-228.07945876
-228.07862837
-228.07844813
-228.07732870
-228.07642670
-228.07503661
-228.07354975
-228.06534442
-228.06395673
-228.06178908
-228.06135671
-228.06059038
-228.06042076
-228.05648766
-228.04993842
-228.04945865
-228.04917344
-228.04807789
-228.04792070
-228.04324813
-228.03916982
-228.03668566
-228.03640318
-228.03021279
-228.02928544
-228.02914481
-228.02680714
-228.02568938
-228.02353869
-228.02309794
-228.02146230
-228.01926043
-228.01771372
-228.01686394
-228.01349759
-228.01265250
-228.01226722
-228.00995197
-228.00982611
-228.00502832
-228.00412380
-228.00072424
-227.99943139
-227.99928845
-227.99832174
-227.99787511
-227.99777427
-227.98886249
-227.98620107
-227.98476415
-227.98185983
-227.98118996
-227.98096512
-227.98080293
-227.98015604
-227.97925032
-227.97854475
-227.97790581
-227.97725288
-227.97702471
-227.97639948
-227.97558840
-227.97523006
-227.97086728
-227.97051134
-227.96541916
-227.96257588
-227.95720457
-227.95681932
-227.95620672
-227.95559281
-227.95346676
-227.95157594
-227.94749285
-227.94551403
-227.93512365
-227.93483747
-227.93325785
-227.93302894
-227.92647765
-227.92584620
-227.91825311
-227.91785310
-227.91687800
-227.91594778
-227.91354952
-227.91297156
-227.91074384
-227.90261549
-227.90011025
-227.89928632
-227.89838781
-227.89796089
-227.89423050
-227.89400926
-227.88593729
-227.88415410
-227.87779010
-227.87763437
-227.87566536
-227.87275410
-227.87243944
-227.87018109
-227.86869266
-227.86636726
-227.86587777
-227.86562028
-227.86132641
-227.85768685
-227.85267322
-227.84688673
-227.84658026
-227.84518972
-227.84420925
-227.84387734
-227.84362784
-227.84332871
-227.84139954
-227.84087440
-227.83992045
-227.83652027
-227.83483364
-227.83257046
-227.82650728
-227.82603183
-227.82417913
-227.82292080
-227.82039018
-227.81984023
-227.81484990
-227.81125099
-227.80772018
-227.80422160
-227.80321490
-227.80079233
-227.79913202
-227.79866994
-227.79847223
-227.79706154
-227.79685425
-227.79548548
-227.78707338
-227.78614298
-227.78514474
-227.77104652
-227.77098999
-227.76741724
-227.76610077
-227.76579656
-227.76312268
-227.75811296
-227.75763109
-227.75439533
-227.75329427
-227.75305044
-227.75240266
-227.75063558
-227.74967905
-227.73681449
-227.73100585
-227.72993340
-227.72910679
-227.72684697
-227.72396680
-227.72089380
-227.72058102
-227.71526804
-227.70687139
-227.70532155
-227.70486606
-227.70332312
-227.69988023
-227.69869035
-227.69804504
-227.69264721
-227.69157948
-227.68117095
-227.67817414
-227.67708368
-227.67648848
-227.67601232
-227.67360387
-227.67188127
-227.67063782
-227.66974758
-227.66932713
-227.66807588
-227.66787417
-227.66212380
-227.66103665
-227.65705167
-227.65577259
-227.65253862
-227.65200099
-227.65139181
-227.64760193
-227.64302464
-227.64003933
-227.63718736
-227.63550188
-227.63210995
-227.62497740
-227.62410588
-227.62193622
-227.62127172
-227.61612690
-227.61565527
-227.60824108
-227.60715325
-227.60351182
-227.58977523
-227.58790739
-227.58665493
-227.58586092
-227.58397649
-227.58361627
-227.58261004
-227.57535647
-227.57254639
-227.56749356
-227.56551895
-227.56138577
-227.56077025
-227.55960650
-227.55252865
-227.55055896
-227.54878418
-227.54704861
-227.54565489
-227.54364409
-227.53976167
-227.53440223
-227.53371169
-227.53005976
-227.52923309
-227.51929811
-227.51786440
-227.51725708
-227.51435667
-227.50873609
-227.50823103
-227.50254465
-227.50047494
-227.49979102
-227.49950895
-227.49724468
-227.49482268
-227.49221226
-227.48512324
-227.47963058
-227.47307805
-227.47191592
-227.47118443
-227.46942155
-227.46497879
-227.46440820
-227.46163866
-227.45905626
-227.45369561
-227.45343102
-227.45296669
-227.45121495
-227.45052416
-227.44682234
-227.44499992
-227.44222764
-227.44051117
-227.44000154
-227.43652487
-227.43342502
-227.42755443
-227.42010577
-227.41934222
-227.41884962
-227.41531277
-227.40994580
-227.40620345
-227.39950744
-227.39861208
-227.39021105
-227.38184020
-227.38034736
-227.37293131
-227.36356334
-227.36077321
-227.35917127
-227.35032711
-227.34617937
-227.34361448
-227.34273821
-227.34200636
-227.33592314
-227.33534527
-227.33441674
-227.33370811
-227.33066817
-227.32954943
-227.32773023
-227.32175174
-227.31845645
-227.31697431
-227.31602834
-227.31509819
-227.31189934
-227.31013302
-227.30733831
-227.30479821
-227.30284760
-227.30081972
-227.29755862
-227.29463429
-227.28192756
-227.27210859
-227.26923385
-227.26917688
-227.26553093
-227.25556527
-227.24386219
-227.24274921
-227.23789598
-227.23606760
-227.23174036
-227.21689358
-227.21619722
-227.21329326
-227.21037244
-227.20708050
-227.20657513
-227.20643312
-227.20285254
-227.20060626
-227.19984522
-227.19501198
-227.19328391
-227.19016240
-227.18720184
-227.18206418
-227.17026552
-227.16336027
-227.15902343
-227.15603775
-227.15363476
-227.15201091
-227.14187144
-227.13853371
-227.13810197
-227.13191714
-227.13131977
-227.12771235
-227.12276322
-227.12211547
-227.11959069
-227.09848024
-227.09278393
-227.08411156
-227.08033092
-227.07955855
-227.07853508
-227.07322249
-227.07301743
-227.06366337
-227.05524829
-227.04805425
-227.04772651
-227.04162166
-227.04087678
-227.04044855
-227.03811440
-227.01494035
-227.01292268
-227.01138473
-227.00732346
-227.00423348
-226.99826311
-226.99334586
-226.98052211
-226.97340336
-226.97271559
-226.96302887
-226.96220277
-226.96198070
-226.96093188
-226.94528483
-226.94387207
-226.94176373
-226.91886368
-226.91071600
-226.91014231
-226.90817970
-226.89684839
-226.89329494
-226.89295877
-226.89032823
-226.88940511
-226.88727754
-226.87191081
-226.84603837
-226.84410115
-226.84098642
-226.81640037
-226.81477880
-226.81396072
-226.80503928
-226.80162876
-226.79890278
-226.79660947
-226.79285983
-226.78913794
-226.78481955
-226.78126675
-226.78105187
-226.77896122
-226.77652192
-226.76172148
-226.72787340
-226.72777467
-226.71588842
-226.71213470
-226.70904670
-226.70881963
-226.67124647
-226.66836870
-226.66113076
-226.65974847
-226.65643680
-226.64812265
-226.56591735
-226.56228955
-226.56072869
-226.55992897
-226.55875973
-226.55719534
-226.55221574
-226.53386082
-226.53064145
-226.46807965
-226.46737475
-226.45196752
-226.41496891
-226.40043414
-226.39096738
-226.37847255
-226.37805265
-226.36354276
-226.34078908
-226.25924438
-226.25564218
-226.23067655
-226.23023159
-226.05225593
-226.05130886
-225.92693182
-225.78330985
-225.78309687
-225.62286215
-225.62043787
-225.61711817
-225.52593528
-225.52490771
-225.51030160
-225.45000057
-225.39795279
-225.28820616
-225.28772141
-225.10800567
-225.10676755
-224.98099817
-219.86226766
-219.86142529
-219.86139866
-219.86093000
-219.86039965
-219.85958671
-219.68997204
-219.68934670
-219.68878427
-219.68781742
-219.68710898
-219.68508877
-219.64148978
-219.64120213
-219.64058192
-219.64019003
-219.63964511
-219.63948666
-219.58045431
-219.58003921
-219.57968007
-219.57877358
-219.57842609
-219.57790286
-219.57105695
-219.57030858
-219.57013642
-219.56978668
-219.56967491
-219.56941978
-219.56923186
-219.56890422
-219.56833289
-219.56791795
-219.56732734
-219.56713113
-219.55297233
-219.55255050
-219.55232900
-219.55188460
-219.55167116
-219.55141885
-219.54226053
-219.54192563
-219.54161796
-219.54142363
-219.54112322
-219.54079084
-219.54017168
-219.53946078
-219.53927817
-219.53905308
-219.53878338
-219.53853712
-219.52489416
-219.52468555
-219.52422449
-219.52389678
-219.52349934
-219.52334315
-219.50824224
-219.50671687
-219.50605121
-219.50545893
-219.50509000
-219.50482621
-219.50439185
-219.50422439
-219.50391382
-219.50375991
-219.50366135
-219.50322616
-219.50297559
-219.50295779
-219.50255687
-219.50212281
-219.50172546
-219.50148905
-219.50055651
-219.50046017
-219.49996199
-219.49977850
-219.49905998
-219.49889294
-219.49639923
-219.49593347
-219.49540535
-219.49508158
-219.49459305
-219.49447795
-219.49117372
-219.49043502
-219.49027527
-219.49021016
-219.48983216
-219.48951467
-219.47084974
-219.47057801
-219.47015756
-219.46995545
-219.46947485
-219.46926469
-219.46761714
-219.46720368
-219.46680219
-219.46646416
-219.46613689
-219.46598768
-219.45936735
-219.45887839
-219.45841379
-219.45804574
-219.45757436
-219.45728952
-219.45521924
-219.45465607
-219.45413761
-219.45383708
-219.45328829
-219.45315614
-219.45304307
-219.45279965
-219.45252828
-219.45212897
-219.45179582
-219.45167955
-219.44022128
-219.43954897
-219.43900213
-219.43894057
-219.43890466
-219.43864450
-219.43844979
-219.43829043
-219.43778965
-219.43766786
-219.43706102
-219.43670062
-219.43495257
-219.43462478
-219.43397409
-219.43322600
-219.43264634
-219.43235818
-219.43134225
-219.43091292
-219.43049974
-219.43008615
-219.42965401
-219.42937192
-219.42093582
-219.42053566
-219.42028560
-219.42003010
-219.41984434
-219.41973019
-219.41546941
-219.41498605
-219.41451888
-219.41418429
-219.41379289
-219.41359582
-219.40907043
-219.40859042
-219.40838168
-219.40823983
-219.40771366
-219.40746769
-219.39896519
-219.39844997
-219.39801043
-219.39741781
-219.39697708
-219.39661923
-219.38657107
-219.38627587
-219.38552822
-219.38495219
-219.38438129
-219.38410897
-219.37367353
-219.37336886
-219.37296286
-219.37243343
-219.37227482
-219.37191377
-219.36776301
-219.36751690
-219.36693526
-219.36635887
-219.36571851
-219.36546089
-219.36416752
-219.36403866
-219.36357219
-219.36328863
-219.36299557
-219.36292646
-219.33794525
-219.33713134
-219.33677958
-219.33622400
-219.33586045
-219.33571575
-219.33110374
-219.33083372
-219.33021071
-219.32976952
-219.32919994
-219.32883311
-219.32665635
-219.32561077
-219.32505264
-219.32458086
-219.32397199
-219.32373553
-219.32142629
-219.32071840
-219.32044139
-219.31995123
-219.31962220
-219.31924451
-219.31448624
-219.31433226
-219.31395636
-219.31345682
-219.31316812
-219.31289575
-219.29069369
-219.29030214
-219.28982539
-219.28910168
-219.28879429
-219.28779341
-219.27762354
-219.27685358
-219.27627063
-219.27603305
-219.27533987
-219.27515828
-219.27126533
-219.27075789
-219.27009744
-219.26929963
-219.26902125
-219.26898707
-219.26711125
-219.26689630
-219.26630100
-219.26584666
-219.26515600
-219.26467196
-219.24215216
-219.24185974
-219.24103630
-219.24043166
-219.23862732
-219.23814836
-219.23801288
-219.23790511
-219.23730571
-219.23710479
-219.23657427
-219.23647434
-219.23608014
-219.23556890
-219.23436997
-219.23387327
-219.23309384
-219.23267249
-219.23204526
-219.23181033
-219.23144427
-219.23002426
-219.22977407
-219.22903809
-219.21144049
-219.21075005
-219.21033275
-219.21013369
-219.21011234
-219.20996732
-219.20413336
-219.20391333
-219.20383500
-219.20378387
-219.20311346
-219.20307414
-219.19878284
-219.19873452
-219.19848159
-219.19780887
-219.19714000
-219.19708114
-219.18634783
-219.18570151
-219.18526590
-219.18493387
-219.18459112
-219.18439838
-219.18414792
-219.18408044
-219.18389388
-219.18350591
-219.18292101
-219.18281235
-219.17867901
-219.17803456
-219.17783716
-219.17750684
-219.17730437
-219.17706608
-219.13987379
-219.13934014
-219.13868376
-219.13855708
-219.13800380
-219.13774799
-219.13438096
-219.13399281
-219.13328737
-219.13289719
-219.13209407
-219.13192334
-219.12860031
-219.12842837
-219.12789399
-219.12731073
-219.12677825
-219.12659381
-219.11696072
-219.11675177
-219.11666539
-219.11632245
-219.11599774
-219.11577391
-219.09805400
-219.09777773
-219.09749800
-219.09740813
-219.09701055
-219.09671347
-219.09641632
-219.09615199
-219.09585487
-219.09574756
-219.09559682
-219.09543096
-219.09495711
-219.09468004
-219.09415506
-219.09364565
-219.09328519
-219.09293512
-219.07136755
-219.07109494
-219.07060932
-219.06998856
-219.06963419
-219.06933353
-219.06339439
-219.06283994
-219.06259621
-219.06191942
-219.06142986
-219.06119700
-219.04526347
-219.04516321
-219.04464801
-219.04434646
-219.04391548
-219.04382848
-219.03956806
-219.03887442
-219.03844928
-219.03808722
-219.03784194
-219.03767464
-219.01894756
-219.01889566
-219.01880925
-219.01837229
-219.01819650
-219.01759665
-219.01665696
-219.01647075
-219.01586730
-219.01537241
-219.01494007
-219.01483622
-219.00924067
-219.00850190
-219.00764081
-219.00740025
-219.00739338
-219.00706223
-219.00038937
-218.99990697
-218.99931769
-218.99890755
-218.99827921
-218.99762187
-218.98650592
-218.98614195
-218.98549344
-218.98512839
-218.98484083
-218.98467917
-218.97225509
-218.97196855
-218.97153933
-218.97121679
-218.97103606
-218.97046725
-218.97031161
-218.97010905
-218.96963064
-218.96938020
-218.96884212
-218.96840012
-218.95722883
-218.95709649
-218.95673106
-218.95628957
-218.95627591
-218.95581399
-218.94665315
-218.94618622
-218.94598549
-218.94584980
-218.94581448
-218.94566239
-218.92759275
-218.92730297
-218.92612341
-218.92605004
-218.92565560
-218.92540231
-218.91572533
-218.91445497
-218.91416580
-218.91336049
-218.91298469
-218.91247639
-218.90164556
-218.90091909
-218.90045855
-218.89999869
-218.89974587
-218.89933402
-218.88731017
-218.88682495
-218.88659784
-218.88614107
-218.88584226
-218.88482599
-218.87364577
-218.87329009
-218.87242282
-218.87233491
-218.87132802
-218.87077781
-218.86061194
-218.86017719
-218.85933256
-218.85882677
-218.85853639
-218.85805359
-218.84251339
-218.84229474
-218.84176000
-218.84137003
-218.84123670
-218.84115471
-218.82856830
-218.82814202
-218.82671467
-218.82598370
-218.82547943
-218.82528299
-218.81937148
-218.81923510
-218.81896943
-218.81865121
-218.81774192
-218.81708596
-218.81643156
-218.81636899
-218.81559276
-218.81510872
-218.81427997
-218.81384444
-218.80769914
-218.80761645
-218.80738148
-218.80707524
-218.80695042
-218.80622377
-218.79596294
-218.79581387
-218.79546111
-218.79539759
-218.79470917
-218.79414356
-218.78319724
-218.78308904
-218.78256517
-218.78137477
-218.78110318
-218.78103943
-218.77492999
-218.77381630
-218.77274405
-218.77233662
-218.77135979
-218.77098734
-218.76169123
-218.76129854
-218.76114471
-218.76103281
-218.76034693
-218.75982745
-218.75178795
-218.75081639
-218.75052595
-218.75003200
-218.74912860
-218.74897870
-218.73419554
-218.73348761
-218.73319094
-218.73289743
-218.73245708
-218.73231911
-218.73159012
-218.73101809
-218.72999012
-218.72971196
-218.72925462
-218.72873613
-218.70524508
-218.70487714
-218.70444571
-218.70377300
-218.70368950
-218.70315336
-218.69258129
-218.69193115
-218.69123325
-218.69076740
-218.69026768
-218.68963778
-218.64687875
-218.64674266
-218.64664765
-218.64642608
-218.64628666
-218.64608676
-218.62015739
-218.61979805
-218.61913471
-218.61833900
-218.61791722
-218.61746614
-218.59522649
-218.59449777
-218.59372803
-218.59358051
-218.59312051
-218.59276090
-218.58679840
-218.58644861
-218.58584982
-218.58506325
-218.58441135
-218.58410151
-218.58316976
-218.58258655
-218.58213432
-218.58140218
-218.58123949
-218.58078765
-218.55252928
-218.55159207
-218.55122985
-218.55087567
-218.55056013
-218.55037627
-218.48711873
-218.48638587
-218.48599863
-218.48536358
-218.48471238
-218.48446006
-218.44161732
-218.44121863
-218.44045847
-218.43970740
-218.43934715
-218.43856104
-218.43066520
-218.43032718
-218.42947379
-218.42705746
-218.42600199
-218.42432068
-218.42131178
-218.42039404
-218.42033329
-218.41962837
-218.41774775
-218.41701762
-218.32122385
-218.32048380
-218.31953553
-218.31855845
-218.31809891
-218.31706002
-218.30857411
-218.30845338
-218.30792641
-218.30780700
-218.30761772
-218.30743030
-218.30711324
-218.30685643
-218.30652879
-218.30637833
-218.30590023
-218.30524810
-218.28088070
-218.27670625
-218.27608123
-218.27579402
-218.27493893
-218.27373266
-218.23880190
-218.23823577
-218.23775294
-218.23680214
-218.23673610
-218.23562968
-218.22388721
-218.22308659
-218.22204394
-218.22192768
-218.22141710
-218.22092418
-218.21807860
-218.21741673
-218.21663863
-218.21656800
-218.21539950
-218.21510916
-218.17544169
-218.17519214
-218.17477247
-218.17467844
-218.17400784
-218.17365463
-218.15992821
-218.15970851
-218.15909890
-218.15889936
-218.15813732
-218.15770889
-218.13065324
-218.13037811
-218.13000014
-218.12963334
-218.12940644
-218.12866825
-218.12706383
-218.12682227
-218.12614537
-218.12562456
-218.12523515
-218.12477640
-218.09692492
-218.09682133
-218.09610261
-218.09573190
-218.09513574
-218.09503348
-218.08284525
-218.08252707
-218.08206329
-218.08184899
-218.08173760
-218.08130519
-218.07637394
-218.07634793
-218.07615685
-218.07515905
-218.07512250
-218.07465326
-218.06966611
-218.06860533
-218.06850140
-218.06786138
-218.06770704
-218.06734954
-218.04946216
-218.04840426
-218.04737042
-218.04617832
-218.04614855
-218.04606667
-218.04600328
-218.04597143
-218.04589447
-218.04532320
-218.04524933
-218.04402707
-218.02842037
-218.02767804
-218.02725124
-218.02699774
-218.02604699
-218.02584026
-218.02359172
-218.02328497
-218.02316187
-218.02212067
-218.02170127
-218.02117955
-217.97658774
-217.97582100
-217.97537412
-217.97460513
-217.97372592
-217.97321721
-217.95333295
-217.95252348
-217.95233388
-217.95134367
-217.94994416
-217.94927755
-217.93485270
-217.93414598
-217.93353989
-217.93279048
-217.93271487
-217.93216716
-217.91068652
-217.91046553
-217.90992205
-217.90934724
-217.90883250
-217.90870623
-217.89220463
-217.89128385
-217.89042916
-217.89006363
-217.88910932
-217.88800431
-217.84957070
-217.84921599
-217.84803658
-217.84717621
-217.84701896
-217.84686578
-217.84640287
-217.84628983
-217.84581997
-217.84489010
-217.84425820
-217.84407983
-217.82350844
-217.82246134
-217.82208222
-217.82185080
-217.82143137
-217.82070964
-217.80279050
-217.80180010
-217.80171703
-217.80100563
-217.80084015
-217.79998085
-217.77175573
-217.77143256
-217.77070529
-217.77023419
-217.76966657
-217.76908280
-217.76036055
-217.75957974
-217.75950236
-217.75863506
-217.75847113
-217.75778376
-217.75404453
-217.75380846
-217.75335957
-217.75287917
-217.75209204
-217.75070396
-217.71824937
-217.71784983
-217.71738726
-217.71660563
-217.71651396
-217.71575495
-217.70540191
-217.70495250
-217.70421702
-217.70361068
-217.70310064
-217.70260844
-217.63516605
-217.63500321
-217.63432122
-217.63347337
-217.63304979
-217.63249047
-217.63238737
-217.63218472
-217.63184291
-217.63092587
-217.63083168
-217.63056997
-217.62340667
-217.62274536
-217.61965484
-217.61901848
-217.61678250
-217.61563786
-217.59589286
-217.59280639
-217.59170916
-217.59161853
-217.59127624
-217.58990740
-217.58230370
-217.58217835
-217.58139669
-217.58073818
-217.57855530
-217.57781968
-217.56635180
-217.56610017
-217.56518942
-217.56495185
-217.56426842
-217.56251839
-217.56220972
-217.56128316
-217.56103940
-217.56041762
-217.55942167
-217.55748807
-217.55459551
-217.55365401
-217.55275316
-217.55118526
-217.55043046
-217.55038299
-217.48325976
-217.48181501
-217.48137993
-217.48116578
-217.48078097
-217.48020941
-217.47093600
-217.47063975
-217.47023847
-217.46977216
-217.46906339
-217.46878182
-217.45127885
-217.45105510
-217.44965366
-217.44852998
-217.44793727
-217.44733153
-217.39550801
-217.39543336
-217.39529058
-217.39346850
-217.39306792
-217.39288880
-217.34102556
-217.34097676
-217.33944319
-217.33885793
-217.33826866
-217.33712371
-217.32534530
-217.32440593
-217.32408793
-217.32340938
-217.32263658
-217.32231367
-217.31972136
-217.31933873
-217.31872603
-217.31799804
-217.31760112
-217.31719427
-217.29793994
-217.29787391
-217.29624814
-217.29577848
-217.29569682
-217.29495142
-217.27050925
-217.26947520
-217.26895619
-217.26878669
-217.26833694
-217.26711385
-217.15819698
-217.15785068
-217.15331227
-217.15167465
-217.15135555
-217.13766267
-217.13747232
-217.13670105
-217.13659760
-217.13573385
-217.13501019
-217.13464873
-217.04452466
-217.04363518
-217.04290729
-217.04221901
-217.04197125
-217.04104170
-216.97955981
-216.97882639
-216.97750491
-216.97460625
-216.97292903
-216.96642428
-216.93816729
-216.93753698
-216.93566417
-216.93395517
-216.92844112
-216.92650773
-216.91663455
-216.91578992
-216.91365301
-216.91359387
-216.91124989
-216.91038225
-216.89460108
-216.89443469
-216.89423164
-216.89137463
-216.88563595
-216.88265984
-216.77134704
-216.76972562
-216.76916276
-216.76660810
-216.76639722
-216.76481131
-216.76395552
-216.76332722
-216.76074671
-216.76030399
-216.75977637
-216.75553138
-216.72147510
-216.72056196
-216.71962389
-216.71778583
-216.71485996
-216.71380446
-216.67360051
-216.66958490
-216.66820698
-216.66674357
-216.66521430
-216.66205315
-216.66009793
-216.65925709
-216.65404864
-216.65398654
-216.65370204
-216.65315593
-216.57061318
-216.56832394
-216.56685867
-216.56645507
-216.56543227
-216.56324722
-216.54995945
-216.54853523
-216.54490043
-216.54229267
-216.54021848
-216.53973771
-216.34160971
-216.34071104
-216.33996377
-216.33936214
-216.33842148
-216.33676044
-216.22491269
-216.22425949
-216.22109052
-216.22091058
-216.22021504
-216.21858215
-216.16295355
-216.16264709
-216.16238156
-216.16207020
-216.16037020
-216.16031655
-215.86607579
-215.86435528
-215.86336656
-215.86294293
-215.86242904
-215.86130172
-214.92140132
-214.92081243
-214.92045295
-214.91929998
-214.91890033
-214.91830789
