-230.50307552
-230.49680415
-230.48382361
-230.48382361
-230.46818506
-230.46105816
-230.46105816
-230.45308845
-230.43887907
-230.43887907
-230.43734107
-230.43713536
-230.43713536
-230.43660196
-230.42339770
-230.42339770
-230.42017282
-230.42017282
-230.40620586
-230.40620586
-230.39601784
-230.39601784
-230.39443486
-230.38901387
-230.38353187
-230.38053367
-230.38053367
-230.37577092
-230.37556741
-230.37556741
-230.37433012
-230.37433012
-230.37346077
-230.36742047
-230.36742047
-230.36424590
-230.36311581
-230.36215565
-230.35741629
-230.35741629
-230.35678627
-230.35678627
-230.35643891
-230.34646522
-230.34240679
-230.34063023
-230.34024750
-230.34024750
-230.33520630
-230.33520630
-230.33181654
-230.33181654
-230.32621141
-230.32129418
-230.32129418
-230.32035905
-230.32035905
-230.31856151
-230.31512537
-230.31512537
-230.31508233
-230.31105922
-230.31105922
-230.30871964
-230.30871964
-230.30530968
-230.30438823
-230.30373680
-230.28890174
-230.28749152
-230.28749152
-230.28644012
-230.28535902
-230.28535902
-230.27493420
-230.27493420
-230.26794655
-230.26794655
-230.26315458
-230.26315458
-230.26277197
-230.26277197
-230.25677546
-230.25630772
-230.25630772
-230.25410837
-230.25225354
-230.25221117
-230.25221117
-230.24973492
-230.24926039
-230.24926039
-230.24616883
-230.24616883
-230.24427870
-230.24427870
-230.24181512
-230.24181512
-230.24156961
-230.23921287
-230.23842110
-230.23706880
-230.23706880
-230.23537701
-230.23415236
-230.23348918
-230.23348918
-230.23133460
-230.23133460
-230.22571097
-230.22543836
-230.22427385
-230.22427385
-230.22405106
-230.22405106
-230.22000306
-230.21919702
-230.21919702
-230.21893800
-230.21738114
-230.21738114
-230.21731541
-230.21731541
-230.21704228
-230.21567422
-230.21563224
-230.21267412
-230.21267412
-230.21260445
-230.20846352
-230.20846352
-230.20680904
-230.20517203
-230.20517203
-230.20514063
-230.20469821
-230.20469821
-230.20133120
-230.20129748
-230.20047465
-230.19984901
-230.19716138
-230.19716138
-230.19631199
-230.19631199
-230.19561842
-230.19561138
-230.19458779
-230.19428899
-230.19428899
-230.19132129
-230.19132129
-230.18836265
-230.18628473
-230.18628473
-230.18165206
-230.18165206
-230.18150300
-230.18150300
-230.18114973
-230.18021856
-230.17186953
-230.17186953
-230.17135450
-230.17091513
-230.17091513
-230.17082882
-230.17082882
-230.16974085
-230.16959588
-230.16959588
-230.16932762
-230.16932762
-230.16421809
-230.16421809
-230.16379094
-230.16041500
-230.16041500
-230.16029963
-230.16023083
-230.16023083
-230.15678904
-230.15678904
-230.15668049
-230.15228054
-230.14864910
-230.14864910
-230.14863943
-230.14863943
-230.14666305
-230.14666305
-230.14461719
-230.14461719
-230.14360610
-230.14325455
-230.14288739
-230.14288739
-230.14164109
-230.13733928
-230.13733928
-230.13654873
-230.13497496
-230.13497496
-230.12967645
-230.12905231
-230.12720739
-230.12720739
-230.12685295
-230.12685295
-230.12623641
-230.12528344
-230.12528344
-230.12459876
-230.12375244
-230.12217206
-230.12217206
-230.12153798
-230.11980058
-230.11863388
-230.11863388
-230.11298136
-230.11298136
-230.11160494
-230.11158047
-230.11158047
-230.11130219
-230.11019812
-230.10686586
-230.10686586
-230.10685159
-230.10685159
-230.10555846
-230.10555846
-230.10532289
-230.10417004
-230.10302439
-230.09702194
-230.09674462
-230.09662209
-230.09662209
-230.09533938
-230.09533938
-230.09506879
-230.09506879
-230.09499955
-230.09486526
-230.09273264
-230.09244382
-230.09231565
-230.09088813
-230.08811411
-230.08811411
-230.08667047
-230.08432734
-230.08432734
-230.08396827
-230.07984254
-230.07984254
-230.07939238
-230.07939238
-230.07912575
-230.07897459
-230.07897459
-230.07673181
-230.07673181
-230.07654510
-230.07542615
-230.07542615
-230.07412192
-230.07412192
-230.07153537
-230.07145904
-230.07145904
-230.07056585
-230.07056585
-230.07008341
-230.06990421
-230.06990421
-230.06905854
-230.06849050
-230.06849050
-230.06592833
-230.06592833
-230.06559198
-230.06483936
-230.06476596
-230.06356934
-230.06356934
-230.06128139
-230.06128139
-230.06094846
-230.05974606
-230.05933813
-230.05745329
-230.05506378
-230.05506378
-230.05427592
-230.05412627
-230.05382331
-230.05382331
-230.05223006
-230.05223006
-230.05084617
-230.05084617
-230.04883569
-230.04883569
-230.04504767
-230.04504767
-230.04310438
-230.04225351
-230.04225351
-230.04104079
-230.04104079
-230.04078694
-230.03919793
-230.03856466
-230.03721083
-230.03721083
-230.03651053
-230.03651053
-230.03616633
-230.03611085
-230.03611085
-230.03573148
-230.03573148
-230.03556176
-230.03556175
-230.03249492
-230.02867225
-230.02867225
-230.02854034
-230.02498681
-230.02489522
-230.02291510
-230.02236877
-230.02125903
-230.02125903
-230.01656061
-230.01656061
-230.01450527
-230.01356208
-230.01343739
-230.01343739
-230.01270155
-230.01184590
-230.01184590
-230.01083957
-230.00798980
-230.00798980
-230.00567709
-230.00476221
-230.00474299
-230.00474299
-230.00390587
-230.00390587
-230.00048587
-230.00048587
-229.99994726
-229.99994726
-229.99888788
-229.99888788
-229.99469351
-229.99469351
-229.99354933
-229.99333119
-229.99174930
-229.99174930
-229.98920024
-229.98920024
-229.98795594
-229.98785779
-229.98785779
-229.98768656
-229.98535785
-229.98443613
-229.98443613
-229.98364346
-229.98364346
-229.98359967
-229.97599318
-229.97485870
-229.97485870
-229.97457716
-229.97457716
-229.97343961
-229.97343961
-229.97116766
-229.97085532
-229.97085532
-229.96881807
-229.96651067
-229.96629794
-229.96615234
-229.96542418
-229.96542417
-229.96501783
-229.96501783
-229.96238511
-229.96238511
-229.96107226
-229.95908237
-229.95908237
-229.95678614
-229.95678614
-229.95656514
-229.95656514
-229.95569649
-229.95569649
-229.95515727
-229.95453604
-229.95409561
-229.95381452
-229.95381452
-229.95198155
-229.95055884
-229.95039095
-229.95039095
-229.94839616
-229.94839616
-229.94539532
-229.94539532
-229.94521718
-229.94427515
-229.94359142
-229.94336590
-229.94264980
-229.94215830
-229.94215830
-229.94047850
-229.94047850
-229.94033636
-229.94032921
-229.93795704
-229.93795704
-229.93732506
-229.93732506
-229.93573462
-229.93563869
-229.93563869
-229.93382853
-229.93182707
-229.93037670
-229.93037670
-229.92779415
-229.92779415
-229.92379238
-229.92379238
-229.92314602
-229.92314602
-229.92204454
-229.92129498
-229.92128882
-229.92128882
-229.91974474
-229.91601827
-229.91601827
-229.91521373
-229.91521373
-229.91457547
-229.91457547
-229.91445184
-229.91411188
-229.91326992
-229.91326992
-229.90933662
-229.90933662
-229.90725629
-229.90646586
-229.90646586
-229.90638158
-229.90638158
-229.90628212
-229.90598217
-229.90598217
-229.90358084
-229.90358084
-229.90201528
-229.90079294
-229.89912841
-229.89575863
-229.89575863
-229.89460444
-229.89310850
-229.89287914
-229.89287914
-229.89281520
-229.89281520
-229.89125734
-229.89062901
-229.89047788
-229.88826842
-229.88826842
-229.88753782
-229.88748842
-229.88702295
-229.88702295
-229.88436576
-229.88436576
-229.88336278
-229.88213606
-229.88213606
-229.88207101
-229.87998487
-229.87947322
-229.87947322
-229.87845636
-229.87764238
-229.87764238
-229.87623101
-229.87560508
-229.87483262
-229.87483262
-229.87396084
-229.87371278
-229.87371278
-229.87297506
-229.87297506
-229.87284755
-229.87251895
-229.87251895
-229.87113217
-229.87113217
-229.86887793
-229.86789453
-229.86789453
-229.86619060
-229.86619060
-229.86577952
-229.86405831
-229.86215247
-229.86108484
-229.86068202
-229.85934112
-229.85934112
-229.85868745
-229.85868745
-229.85809474
-229.85809474
-229.85793973
-229.85793973
-229.85736808
-229.85703729
-229.85512765
-229.85159602
-229.85104390
-229.85075335
-229.85075335
-229.84924266
-229.84846177
-229.84729490
-229.84729490
-229.84707188
-229.84707188
-229.84703706
-229.84482986
-229.84450519
-229.84450519
-229.84425326
-229.84328584
-229.84328584
-229.84242082
-229.84242082
-229.84052159
-229.84052159
-229.83922000
-229.83922000
-229.83868197
-229.83715761
-229.83715761
-229.83697356
-229.83524704
-229.83446365
-229.83437029
-229.83437029
-229.82874854
-229.82874854
-229.82608306
-229.82579646
-229.82559156
-229.82457798
-229.82457798
-229.82446687
-229.82446687
-229.82396941
-229.82396941
-229.82172490
-229.82098021
-229.82098021
-229.81897165
-229.81897165
-229.81642154
-229.81570742
-229.81419148
-229.81385667
-229.81385667
-229.81201665
-229.81201665
-229.81120472
-229.80979252
-229.80894687
-229.80894687
-229.80662118
-229.80662118
-229.80636455
-229.80474249
-229.80472448
-229.80472448
-229.79657142
-229.79657142
-229.79626870
-229.79619530
-229.79619530
-229.79614856
-229.79614856
-229.79502469
-229.79502469
-229.79254155
-229.79254155
-229.78925580
-229.78925580
-229.78785163
-229.78767800
-229.78510623
-229.78291566
-229.78219937
-229.78219937
-229.78203640
-229.78085485
-229.78060773
-229.77954831
-229.77668041
-229.77668041
-229.77610650
-229.77610650
-229.77601192
-229.77568814
-229.77111505
-229.77111505
-229.76982935
-229.76982935
-229.76908988
-229.76634482
-229.76634482
-229.76427137
-229.76281185
-229.76281149
-229.76281149
-229.76237701
-229.75925619
-229.75925619
-229.75783039
-229.75335633
-229.75335633
-229.75304669
-229.75209440
-229.75161206
-229.75161206
-229.75061082
-229.75061082
-229.75060706
-229.75060706
-229.74874015
-229.74861540
-229.74861540
-229.74848555
-229.74848555
-229.74802405
-229.74781763
-229.74781763
-229.74674238
-229.74674238
-229.74242375
-229.74242375
-229.74237858
-229.74121102
-229.74097556
-229.74097556
-229.73967300
-229.73927359
-229.73824281
-229.73824281
-229.73804397
-229.73804397
-229.73798098
-229.73780098
-229.73780098
-229.73655786
-229.73625403
-229.73625403
-229.73585628
-229.73449575
-229.73449575
-229.73371155
-229.73347193
-229.73347193
-229.73240575
-229.73240575
-229.73174426
-229.73174426
-229.73078816
-229.73019608
-229.73019608
-229.72968631
-229.72936492
-229.72936492
-229.72838598
-229.72822624
-229.72610135
-229.72610135
-229.72460262
-229.72392291
-229.72392291
-229.72376529
-229.72344073
-229.72223403
-229.72223403
-229.72220451
-229.72182583
-229.72182583
-229.72019482
-229.71707279
-229.71707279
-229.71611991
-229.71399261
-229.71399261
-229.71374042
-229.71352309
-229.71352309
-229.71344510
-229.71098343
-229.71098343
-229.70849416
-229.70849416
-229.70810130
-229.70656973
-229.70656973
-229.70357998
-229.70357998
-229.70223594
-229.70223594
-229.70151102
-229.70138767
-229.70047119
-229.70010798
-229.69886755
-229.69886755
-229.69774204
-229.69774204
-229.69358426
-229.69358426
-229.69166645
-229.69155865
-229.69155865
-229.69000645
-229.69000645
-229.68797995
-229.68684968
-229.68606982
-229.68546310
-229.68546310
-229.68528387
-229.68528387
-229.68384245
-229.68255284
-229.68244771
-229.68244771
-229.68241608
-229.68120655
-229.68120655
-229.68006482
-229.68006482
-229.67905372
-229.67848776
-229.67639872
-229.67567431
-229.67534388
-229.67534388
-229.67510215
-229.67510215
-229.67484477
-229.67484477
-229.67466463
-229.67412497
-229.67214009
-229.67121144
-229.67076727
-229.66962846
-229.66962846
-229.66831642
-229.66831642
-229.66623916
-229.66623916
-229.66436906
-229.66395306
-229.66295917
-229.66212676
-229.66212676
-229.66128250
-229.65854537
-229.65854537
-229.65826214
-229.65826214
-229.65675162
-229.65675162
-229.65640875
-229.65640875
-229.65580441
-229.65264380
-229.65155177
-229.65155177
-229.65075994
-229.65022107
-229.65022107
-229.65021271
-229.65021271
-229.64983314
-229.64755246
-229.64755246
-229.64723390
-229.64356964
-229.64312031
-229.64312031
-229.64186575
-229.64072664
-229.64072664
-229.64001608
-229.64001608
-229.63868095
-229.63868095
-229.63848412
-229.63826424
-229.63815706
-229.63747235
-229.63747235
-229.63726746
-229.63708425
-229.63357847
-229.63357847
-229.63337216
-229.63250165
-229.63170622
-229.63139877
-229.63139877
-229.63134506
-229.63134506
-229.62947157
-229.62895371
-229.62895371
-229.62800976
-229.62800976
-229.62718777
-229.62718777
-229.62553795
-229.62413750
-229.62303331
-229.62236550
-229.62201948
-229.62201948
-229.62184883
-229.62184883
-229.62077836
-229.61928709
-229.61928709
-229.61919337
-229.61737490
-229.61602802
-229.61602802
-229.61468073
-229.61468073
-229.61203386
-229.61135959
-229.60844287
-229.60844287
-229.60728330
-229.60728330
-229.60710240
-229.60620155
-229.60498465
-229.60477332
-229.60477332
-229.60335447
-229.60335447
-229.60297312
-229.60281683
-229.60209090
-229.60103742
-229.60009352
-229.59988642
-229.59988642
-229.59962455
-229.59807164
-229.59807164
-229.59798668
-229.59798668
-229.59526145
-229.59526145
-229.59007994
-229.58967413
-229.58967413
-229.58507381
-229.58507381
-229.58218359
-229.58203229
-229.58203229
-229.58004828
-229.57887180
-229.57841285
-229.57809118
-229.57809118
-229.57410474
-229.57410474
-229.57223314
-229.57149515
-229.57149515
-229.57133261
-229.56948643
-229.56871722
-229.56871722
-229.56459683
-229.56459683
-229.56400306
-229.56400306
-229.56154300
-229.56151506
-229.56109822
-229.56082526
-229.56082526
-229.56060604
-229.55927134
-229.55927134
-229.55798591
-229.55798591
-229.55654725
-229.55654725
-229.55613662
-229.55542906
-229.55464239
-229.55449792
-229.55449792
-229.55367069
-229.55335670
-229.55269981
-229.55269981
-229.55199584
-229.55199584
-229.54853338
-229.54845753
-229.54845753
-229.54794378
-229.54794378
-229.54342154
-229.54342154
-229.54252393
-229.54032406
-229.54012519
-229.53883359
-229.53883359
-229.53776128
-229.53776128
-229.53600611
-229.53600611
-229.53523499
-229.53413799
-229.53406306
-229.53394235
-229.53394235
-229.53261613
-229.53261613
-229.53189279
-229.53189279
-229.53124430
-229.53124430
-229.53112182
-229.53099330
-229.53099330
-229.52876127
-229.52876127
-229.52386066
-229.52371972
-229.52371972
-229.52143534
-229.52143534
-229.51998936
-229.51998936
-229.51991213
-229.51981675
-229.51981675
-229.51754365
-229.51743577
-229.51739358
-229.51722987
-229.51722987
-229.51662702
-229.51662702
-229.51590856
-229.51513399
-229.51435647
-229.51435647
-229.51373725
-229.51373725
-229.51332278
-229.51332278
-229.51143225
-229.50895900
-229.50884581
-229.50883433
-229.50811790
-229.50811790
-229.50772979
-229.50772979
-229.50734746
-229.50734746
-229.50692552
-229.50692552
-229.50505417
-229.50389005
-229.50342284
-229.50342284
-229.50262824
-229.49778333
-229.49511250
-229.49456325
-229.49456325
-229.49407909
-229.49407909
-229.49358741
-229.49244019
-229.49244019
-229.49242851
-229.49242851
-229.49004530
-229.49004530
-229.48867113
-229.48867113
-229.48624195
-229.48624195
-229.48608295
-229.48008620
-229.48008620
-229.47981804
-229.47981804
-229.47958128
-229.47958128
-229.47797846
-229.47764733
-229.47695069
-229.47695069
-229.47579239
-229.47366882
-229.47366882
-229.47336862
-229.47070605
-229.47070605
-229.46762570
-229.46758685
-229.46758685
-229.46666307
-229.46579470
-229.46455978
-229.46455978
-229.46398561
-229.46353185
-229.46353185
-229.45930079
-229.45930079
-229.45799786
-229.45464381
-229.45435767
-229.45371615
-229.45371615
-229.45274866
-229.45014133
-229.45014133
-229.44890675
-229.44829460
-229.44746030
-229.44746030
-229.44506885
-229.44475735
-229.44364749
-229.44279869
-229.44279869
-229.44244216
-229.44165710
-229.44165710
-229.44133442
-229.44133442
-229.44037748
-229.43915353
-229.43915353
-229.43657145
-229.43518247
-229.43518247
-229.43432363
-229.43432363
-229.43245055
-229.43245055
-229.43221157
-229.43118198
-229.43118198
-229.43098631
-229.42764828
-229.42764828
-229.42479198
-229.42479198
-229.42235547
-229.42162606
-229.41983135
-229.41956875
-229.41956875
-229.41929565
-229.41683962
-229.41670478
-229.41636113
-229.41634182
-229.41634182
-229.41624212
-229.41624212
-229.41395550
-229.41257036
-229.41257036
-229.41158408
-229.41158408
-229.40975285
-229.40578466
-229.40578466
-229.40460817
-229.40460817
-229.40282978
-229.40120348
-229.40095105
-229.39976214
-229.39976214
-229.39900331
-229.39900331
-229.39894872
-229.39894872
-229.39827641
-229.39827641
-229.39725705
-229.39587206
-229.39587206
-229.39407455
-229.39268133
-229.39158419
-229.39158419
-229.39083527
-229.39039676
-229.38722038
-229.38722038
-229.38356337
-229.38356337
-229.38223886
-229.38162124
-229.38162124
-229.38070495
-229.37920664
-229.37785134
-229.37785134
-229.37749676
-229.37749676
-229.37738242
-229.37677481
-229.37483132
-229.37483132
-229.37209584
-229.37209584
-229.36986768
-229.36986767
-229.36794396
-229.36794396
-229.36440383
-229.36440383
-229.36101071
-229.35864868
-229.35851031
-229.35845442
-229.35845442
-229.35577854
-229.35526584
-229.35287902
-229.35285191
-229.35216987
-229.35216986
-229.35142833
-229.35142833
-229.34985195
-229.34985195
-229.34895975
-229.34835585
-229.34272734
-229.34272734
-229.34008698
-229.33940806
-229.33940806
-229.33826265
-229.33813070
-229.33807715
-229.33807715
-229.33806123
-229.33806123
-229.33444197
-229.33421037
-229.33237169
-229.33237169
-229.32826842
-229.32748661
-229.32683907
-229.32683907
-229.32279240
-229.32279240
-229.32201839
-229.32201839
-229.32058470
-229.31978380
-229.31978380
-229.31884410
-229.31884410
-229.31755480
-229.31340208
-229.31235599
-229.30941786
-229.30941786
-229.30870558
-229.30870558
-229.30633910
-229.30633910
-229.30507739
-229.30507739
-229.30494745
-229.30387480
-229.30387480
-229.30035969
-229.30035969
-229.29894603
-229.29894603
-229.29802064
-229.29732108
-229.29732108
-229.29696916
-229.29696916
-229.29464509
-229.29055885
-229.29055885
-229.28992657
-229.28992657
-229.28905447
-229.28905447
-229.28553416
-229.28553416
-229.28187650
-229.28187650
-229.27938121
-229.27929767
-229.27922133
-229.27922133
-229.27670189
-229.27665562
-229.27665562
-229.27600659
-229.27600659
-229.27481620
-229.27327955
-229.27169621
-229.27169621
-229.26969507
-229.26940292
-229.26888201
-229.26351211
-229.26351211
-229.25805685
-229.25805685
-229.25801508
-229.25801508
-229.25680177
-229.25680177
-229.25601083
-229.24832054
-229.24832054
-229.24359400
-229.24288153
-229.23921082
-229.23921082
-229.23320496
-229.23303316
-229.23215702
-229.23215702
-229.23099959
-229.23095992
-229.23095992
-229.23039084
-229.23039084
-229.22688088
-229.22688088
-229.22527422
-229.22487761
-229.22460548
-229.22460548
-229.21848748
-229.21848748
-229.21819794
-229.21716870
-229.21669186
-229.21669186
-229.21557770
-229.21441095
-229.21256973
-229.21256973
-229.21078819
-229.20925524
-229.20647132
-229.20613305
-229.20485880
-229.20485880
-229.20175430
-229.20175430
-229.20105534
-229.19988869
-229.19686851
-229.19440680
-229.19440680
-229.19422588
-229.19379032
-229.19362867
-229.19362867
-229.19185140
-229.18616618
-229.18616618
-229.18272716
-229.18040314
-229.17985884
-229.17985884
-229.17618572
-229.17612544
-229.17612544
-229.17567045
-229.17528238
-229.17528238
-229.17495667
-229.17291536
-229.17167296
-229.17167296
-229.16837691
-229.16660875
-229.16660875
-229.16650593
-229.16650593
-229.16537905
-229.16537905
-229.16224550
-229.15724556
-229.15541015
-229.15541015
-229.15506238
-229.15506238
-229.14854797
-229.14077416
-229.14077416
-229.13746097
-229.13746097
-229.13663303
-229.13663302
-229.13631855
-229.13498200
-229.13496591
-229.13496591
-229.13342568
-229.12977401
-229.12961690
-229.12731107
-229.12731107
-229.12532137
-229.12522744
-229.12487940
-229.12487940
-229.12393170
-229.12261739
-229.12133893
-229.12131788
-229.12131788
-229.11784386
-229.11784386
-229.11351849
-229.11351849
-229.11351069
-229.11171521
-229.11171521
-229.10806190
-229.10651519
-229.10444017
-229.10444017
-229.10402683
-229.10272047
-229.10272047
-229.10136551
-229.10136551
-229.09500796
-229.09467864
-229.09290503
-229.09290503
-229.09286279
-229.09127791
-229.08878432
-229.08878432
-229.08450638
-229.08450638
-229.08314271
-229.08314271
-229.07900969
-229.07900969
-229.07518539
-229.07508964
-229.07508964
-229.07193508
-229.06296831
-229.06296831
-229.06208771
-229.05774238
-229.05774238
-229.05656858
-229.05377366
-229.05377366
-229.05201977
-229.05104107
-229.04579327
-229.04579327
-229.04488073
-229.04488073
-229.04119270
-229.04119270
-229.03955763
-229.03527699
-229.03527698
-229.03143925
-229.03143925
-229.03075712
-229.02852402
-229.02540885
-229.02403571
-229.02403571
-229.02397354
-229.02397354
-229.02085501
-229.01898256
-229.01898256
-229.01615137
-229.01484430
-229.01484430
-229.00830649
-229.00830649
-229.00739811
-229.00473763
-229.00408342
-229.00247809
-229.00247809
-229.00121410
-229.00121410
-228.99868671
-228.99868671
-228.99754003
-228.99754003
-228.99605681
-228.99605681
-228.99597082
-228.99195752
-228.99195752
-228.99170889
-228.99060805
-228.98628142
-228.98628142
-228.98551898
-228.98307208
-228.98248288
-228.98248288
-228.98131476
-228.98131476
-228.98105661
-228.97565896
-228.97184672
-228.96884231
-228.96884231
-228.96838664
-228.96838664
-228.96833005
-228.96644097
-228.96239490
-228.96239490
-228.96058008
-228.96058008
-228.95967078
-228.95581089
-228.95581089
-228.95350757
-228.95040224
-228.95024465
-228.95024465
-228.94780101
-228.94780101
-228.94344354
-228.94344354
-228.94291650
-228.94154409
-228.94154409
-228.94054660
-228.93791405
-228.93791405
-228.93653257
-228.93653257
-228.93511628
-228.93511628
-228.93231819
-228.92989185
-228.92932687
-228.92932687
-228.92709539
-228.92574438
-228.92574438
-228.92379285
-228.92344089
-228.91977411
-228.91773194
-228.91419034
-228.91419034
-228.91135693
-228.91077944
-228.90833772
-228.90525745
-228.90491418
-228.90100067
-228.90100067
-228.89899898
-228.89899897
-228.89726931
-228.89726931
-228.89486190
-228.89486190
-228.88970355
-228.88970355
-228.88930869
-228.88930869
-228.88912083
-228.88258835
-228.87983090
-228.87983090
-228.87107542
-228.87063259
-228.87063259
-228.86748253
-228.86748252
-228.86655741
-228.86262620
-228.86251856
-228.86251856
-228.86244447
-228.86173633
-228.86173633
-228.86037434
-228.85949132
-228.85949132
-228.85856641
-228.85856641
-228.85844551
-228.85570367
-228.85388270
-228.85264626
-228.85264626
-228.84756122
-228.84756122
-228.84245039
-228.84245039
-228.84066774
-228.84031223
-228.84031223
-228.83800137
-228.83693054
-228.83603610
-228.83472539
-228.83472539
-228.83235524
-228.83235524
-228.83051046
-228.83051046
-228.82824517
-228.82610907
-228.82534499
-228.82345228
-228.82345228
-228.81818905
-228.81818905
-228.81759084
-228.81759084
-228.81555036
-228.81487078
-228.81487078
-228.81412658
-228.81377901
-228.81154076
-228.80597876
-228.80014590
-228.80004688
-228.80004688
-228.79479413
-228.79238623
-228.79238623
-228.79044813
-228.79044813
-228.78789135
-228.78772296
-228.78718688
-228.78718688
-228.78711224
-228.78283586
-228.78283586
-228.77934452
-228.77934452
-228.77829534
-228.77680078
-228.77680078
-228.77658246
-228.77658246
-228.77459015
-228.77191220
-228.77191220
-228.77139820
-228.77139820
-228.76763700
-228.76763700
-228.76607150
-228.76492506
-228.76492506
-228.76018502
-228.76018502
-228.75655234
-228.75493657
-228.75493657
-228.75336815
-228.75221375
-228.75104274
-228.75051189
-228.74950295
-228.74794523
-228.74794523
-228.74363733
-228.74245072
-228.74245072
-228.73850606
-228.73796707
-228.73796707
-228.73712036
-228.73712036
-228.73397321
-228.73268421
-228.72770540
-228.72770540
-228.72747782
-228.72683954
-228.72107719
-228.72107719
-228.72080675
-228.72080675
-228.71591824
-228.71591824
-228.71469697
-228.71245799
-228.71232622
-228.71232622
-228.70792901
-228.70674673
-228.70673793
-228.70512250
-228.70512250
-228.70212632
-228.69958349
-228.69958349
-228.69483143
-228.69481653
-228.69481653
-228.69342537
-228.69342537
-228.69290242
-228.69290242
-228.68419851
-228.68138736
-228.68138736
-228.67926566
-228.67926566
-228.67860134
-228.67860134
-228.67669993
-228.67669993
-228.67439458
-228.67415430
-228.67415430
-228.66982536
-228.66718445
-228.66658606
-228.66658606
-228.66546253
-228.66482589
-228.66482589
-228.66394700
-228.66302842
-228.66302842
-228.66282414
-228.66262980
-228.66167340
-228.66015035
-228.65717926
-228.65717926
-228.65524456
-228.65524456
-228.65357752
-228.65357752
-228.64972393
-228.64811790
-228.64811790
-228.64500846
-228.64500846
-228.63894463
-228.63894463
-228.63706258
-228.63307765
-228.63206257
-228.62836705
-228.62836705
-228.62779968
-228.62639461
-228.62639461
-228.62484296
-228.62266172
-228.61851112
-228.61851112
-228.61562957
-228.61562957
-228.61193525
-228.61193525
-228.60979244
-228.60861931
-228.60553974
-228.60553974
-228.60500910
-228.60249410
-228.60249410
-228.59417505
-228.59417505
-228.59370624
-228.59370624
-228.59336182
-228.59325978
-228.58803354
-228.58803354
-228.58705611
-228.58705611
-228.58435498
-228.58335878
-228.58181160
-228.58181160
-228.57993843
-228.57732755
-228.57732755
-228.57570620
-228.57570620
-228.57293776
-228.57149897
-228.56667301
-228.56667301
-228.56590355
-228.56412073
-228.56412073
-228.56317489
-228.55782812
-228.55782812
-228.55600589
-228.55195524
-228.55195524
-228.54691240
-228.54691240
-228.54034968
-228.54034968
-228.53837870
-228.53837870
-228.53755338
-228.53340401
-228.53340401
-228.53314678
-228.53314678
-228.53253946
-228.53253946
-228.53190156
-228.53145064
-228.52554147
-228.51954790
-228.51954790
-228.51939016
-228.51847698
-228.51847698
-228.51771016
-228.51771016
-228.51745392
-228.51745392
-228.51541393
-228.51541393
-228.51490413
-228.51251103
-228.51233537
-228.51229821
-228.51229821
-228.50191026
-228.50191026
-228.49788669
-228.49754948
-228.49752555
-228.49370270
-228.49007934
-228.49007934
-228.48990755
-228.48990755
-228.48677516
-228.48494034
-228.48494034
-228.48411422
-228.48219043
-228.48219043
-228.48183258
-228.48183258
-228.48141052
-228.48141052
-228.47835758
-228.47835758
-228.47819614
-228.47343038
-228.47343038
-228.46770687
-228.46563987
-228.46422457
-228.46201924
-228.46057173
-228.46057173
-228.45989090
-228.45850365
-228.45850365
-228.45471138
-228.45471138
-228.45393711
-228.45327347
-228.45142290
-228.45112559
-228.44432071
-228.44431275
-228.44403216
-228.44222073
-228.44028185
-228.44028185
-228.43833286
-228.43833286
-228.43420011
-228.43339482
-228.43339482
-228.43211485
-228.43091610
-228.43086097
-228.42866424
-228.42866424
-228.42768488
-228.42768488
-228.42728442
-228.42728442
-228.42460028
-228.42234146
-228.42200345
-228.42200345
-228.42047179
-228.41991336
-228.41991336
-228.41913488
-228.41913488
-228.41821545
-228.41508955
-228.41508955
-228.40302007
-228.40302007
-228.39729465
-228.39342685
-228.39332044
-228.39332044
-228.39298018
-228.39298018
-228.39153058
-228.39097674
-228.39084679
-228.38889293
-228.38605560
-228.38605559
-228.38196437
-228.38196437
-228.38104936
-228.37703816
-228.37455538
-228.37455538
-228.37452703
-228.37452703
-228.37409451
-228.37398126
-228.36959019
-228.36621851
-228.36621851
-228.36257070
-228.36244270
-228.36244270
-228.35813224
-228.35767791
-228.35742768
-228.35742768
-228.35379258
-228.35379258
-228.35282766
-228.35126284
-228.35126284
-228.34873553
-228.34873553
-228.34741031
-228.34741031
-228.33744839
-228.33744839
-228.33354530
-228.33354530
-228.33310430
-228.33107843
-228.33107843
-228.32930723
-228.32915162
-228.32915162
-228.32815639
-228.32398177
-228.32126189
-228.32126188
-228.32084029
-228.32084029
-228.31999469
-228.31904649
-228.31787016
-228.31602476
-228.31396108
-228.31396108
-228.31366362
-228.31366362
-228.31159572
-228.30540204
-228.30540204
-228.30278969
-228.30278969
-228.30127951
-228.30094274
-228.30094274
-228.30003086
-228.29707325
-228.29433351
-228.29433351
-228.29338424
-228.29290615
-228.29290615
-228.29237958
-228.29237958
-228.28987310
-228.28469813
-228.28469813
-228.28337281
-228.28337281
-228.28295136
-228.27862989
-228.27862989
-228.27554474
-228.27347401
-228.27347401
-228.26670786
-228.26670786
-228.26556144
-228.26556144
-228.26374824
-228.26333650
-228.26287488
-228.26015689
-228.26015689
-228.25464752
-228.25464752
-228.25348734
-228.25210956
-228.25210956
-228.24699688
-228.24699688
-228.24652240
-228.24529265
-228.24527845
-228.24273498
-228.24273498
-228.24000700
-228.24000700
-228.23826731
-228.23155059
-228.23053763
-228.22987209
-228.22923763
-228.22857917
-228.22857917
-228.22835505
-228.22310728
-228.22310728
-228.22004696
-228.21663537
-228.21634241
-228.21634241
-228.21436049
-228.21436049
-228.21307109
-228.20982142
-228.20930857
-228.20770951
-228.20766027
-228.20766026
-228.20706255
-228.20313764
-228.20313764
-228.19866233
-228.19866233
-228.19778829
-228.19778829
-228.19613309
-228.18964672
-228.18866524
-228.18866524
-228.18767105
-228.18389087
-228.18389086
-228.17952297
-228.17935438
-228.17842918
-228.17813055
-228.17720008
-228.17720008
-228.17550019
-228.17453649
-228.17453649
-228.17442811
-228.17442810
-228.17247393
-228.17247393
-228.17137746
-228.17137746
-228.16789145
-228.16789145
-228.16702005
-228.16541511
-228.16541511
-228.16339718
-228.16339718
-228.16304296
-228.15977109
-228.15809085
-228.15809085
-228.15654034
-228.15654034
-228.15388842
-228.14430592
-228.14047649
-228.14047649
-228.13923839
-228.13923839
-228.13753336
-228.13753336
-228.13327494
-228.13301824
-228.13301824
-228.11949506
-228.11949506
-228.11925930
-228.11836646
-228.11836646
-228.11419302
-228.11398941
-228.11398941
-228.11393755
-228.11393755
-228.11197243
-228.11197243
-228.11052525
-228.10715018
-228.10427890
-228.10427890
-228.10102100
-228.08946229
-228.08946229
-228.08852210
-228.08852210
-228.08831704
-228.08274976
-228.08274976
-228.08175998
-228.07938788
-228.07938788
-228.07779112
-228.07691994
-228.07629495
-228.07629495
-228.07389724
-228.07389724
-228.06344865
-228.06344865
-228.06219681
-228.05959487
-228.05959487
-228.05938818
-228.05539442
-228.04874354
-228.04874354
-228.04837479
-228.04837479
-228.04587680
-228.04257311
-228.03803645
-228.03527546
-228.03527546
-228.02923661
-228.02784376
-228.02784376
-228.02586979
-228.02586978
-228.02163947
-228.02163947
-228.02086667
-228.01882401
-228.01588141
-228.01588141
-228.01195759
-228.01092530
-228.01092530
-228.00905148
-228.00905148
-228.00365770
-228.00365770
-227.99731212
-227.99731212
-227.99705000
-227.99705000
-227.99682376
-227.99682376
-227.98748012
-227.98533062
-227.98377682
-227.98014231
-227.97939151
-227.97938716
-227.97938716
-227.97912736
-227.97912736
-227.97701213
-227.97701213
-227.97653562
-227.97653562
-227.97651964
-227.97616892
-227.97616892
-227.97033417
-227.97033417
-227.96500792
-227.96129600
-227.95629987
-227.95555367
-227.95555367
-227.95448624
-227.95359420
-227.95145797
-227.94707496
-227.94551845
-227.93302787
-227.93302787
-227.93197456
-227.93197456
-227.92400673
-227.92400673
-227.91586812
-227.91586812
-227.91533199
-227.91520138
-227.91191433
-227.91191433
-227.90886032
-227.90132108
-227.89817723
-227.89817723
-227.89804418
-227.89804418
-227.89246334
-227.89246334
-227.88319625
-227.88319625
-227.87646215
-227.87646215
-227.87507983
-227.87134116
-227.87134116
-227.86787455
-227.86787455
-227.86555640
-227.86555640
-227.86394823
-227.85923524
-227.85298203
-227.84501663
-227.84498132
-227.84498132
-227.84437571
-227.84284772
-227.84284772
-227.84252448
-227.84252448
-227.84104397
-227.83991096
-227.83991096
-227.83558444
-227.83140788
-227.83140788
-227.82530239
-227.82512689
-227.82501969
-227.82326365
-227.81815391
-227.81815391
-227.81404549
-227.80902325
-227.80690583
-227.80271537
-227.79971848
-227.79733536
-227.79733535
-227.79699086
-227.79699086
-227.79649856
-227.79596539
-227.79236018
-227.79236018
-227.78368506
-227.78368506
-227.77056127
-227.77056127
-227.76694312
-227.76454527
-227.76454527
-227.75981049
-227.75631339
-227.75631339
-227.75308792
-227.75308792
-227.75152530
-227.75152530
-227.74907766
-227.74907766
-227.73465153
-227.73011175
-227.72849651
-227.72579955
-227.72292525
-227.72292525
-227.71886046
-227.71317570
-227.71317570
-227.71018967
-227.70347294
-227.70245935
-227.70215518
-227.70215518
-227.69597844
-227.69322671
-227.69322670
-227.69012297
-227.67800995
-227.67645282
-227.67642879
-227.67642879
-227.67140097
-227.67140097
-227.67055667
-227.67055667
-227.66947894
-227.66805454
-227.66770507
-227.66770507
-227.65914258
-227.65914258
-227.65586679
-227.65586679
-227.65124593
-227.65124593
-227.64594700
-227.64449698
-227.64449698
-227.63848544
-227.63365116
-227.63365116
-227.62981443
-227.62394437
-227.62119896
-227.62119896
-227.62038974
-227.61450823
-227.61450823
-227.60611923
-227.60611923
-227.60260886
-227.58754165
-227.58754165
-227.58267861
-227.58150473
-227.58138276
-227.58138276
-227.57982901
-227.57642518
-227.56963102
-227.56456323
-227.56456323
-227.56020188
-227.56020188
-227.55825716
-227.54877899
-227.54877899
-227.54815633
-227.54367689
-227.54012125
-227.54012125
-227.53727471
-227.53727471
-227.53133543
-227.53041397
-227.52714370
-227.51563504
-227.51563504
-227.51463187
-227.51463187
-227.50743479
-227.50743479
-227.49806593
-227.49806593
-227.49735045
-227.49735045
-227.49560375
-227.49560375
-227.49024044
-227.48203260
-227.47642641
-227.47038247
-227.46968113
-227.46968113
-227.46191021
-227.46191021
-227.46118227
-227.45410695
-227.45410695
-227.45366720
-227.45366720
-227.45149710
-227.45012910
-227.45012910
-227.44495767
-227.44495767
-227.44037737
-227.43929088
-227.43874294
-227.43437666
-227.42851293
-227.42851293
-227.41673755
-227.41673755
-227.41549592
-227.41549592
-227.40878339
-227.40421892
-227.39666690
-227.39666690
-227.38760246
-227.37920962
-227.37920962
-227.37102424
-227.36059667
-227.35789499
-227.35789499
-227.34785973
-227.34104600
-227.34104600
-227.33890770
-227.33890770
-227.33741725
-227.33190498
-227.33190498
-227.33060803
-227.32895351
-227.32895351
-227.32543471
-227.31926891
-227.31481055
-227.31481054
-227.31103371
-227.31103371
-227.30892389
-227.30892389
-227.30417308
-227.29928792
-227.29928792
-227.29754534
-227.29754534
-227.29317682
-227.27828755
-227.26963339
-227.26963339
-227.26501126
-227.26501126
-227.25418067
-227.24071395
-227.24071395
-227.23388738
-227.23388738
-227.23035773
-227.21101340
-227.21101340
-227.20944523
-227.20944523
-227.20518971
-227.20363063
-227.19973078
-227.19973078
-227.19736969
-227.19503245
-227.18928487
-227.18928487
-227.18788464
-227.18788464
-227.18031197
-227.16641092
-227.15853060
-227.15853060
-227.15361307
-227.15018858
-227.15018858
-227.13929203
-227.13612875
-227.13612875
-227.12881332
-227.12804346
-227.12186953
-227.12186953
-227.11994867
-227.11769760
-227.09345212
-227.09345212
-227.07958653
-227.07958653
-227.07605990
-227.07605990
-227.06973900
-227.06494289
-227.06494289
-227.04906241
-227.04437315
-227.04437315
-227.03902989
-227.03791433
-227.03447960
-227.03447960
-227.01102693
-227.01102693
-227.00840000
-227.00022174
-227.00022173
-226.99936398
-226.98870359
-226.97770560
-226.97012185
-226.97012185
-226.95909498
-226.95909498
-226.95819120
-226.95819120
-226.94063968
-226.93957591
-226.93957591
-226.91566687
-226.90789693
-226.90789693
-226.90556840
-226.88971705
-226.88971705
-226.88868301
-226.88752733
-226.88752733
-226.88672899
-226.86703542
-226.84237329
-226.84237329
-226.83548463
-226.81292880
-226.80916805
-226.80916805
-226.79949986
-226.79843888
-226.79843888
-226.79199192
-226.79199192
-226.78619274
-226.78214537
-226.77788646
-226.77666937
-226.77666937
-226.77276534
-226.75797342
-226.72262644
-226.72262644
-226.71073433
-226.71073433
-226.70406910
-226.70406910
-226.66613946
-226.66613946
-226.65585721
-226.65585721
-226.64887414
-226.64887413
-226.55861322
-226.55695832
-226.55695832
-226.55582860
-226.55499349
-226.55499349
-226.54932940
-226.52675721
-226.52675721
-226.46247727
-226.46247727
-226.44670601
-226.40903367
-226.39686289
-226.38597177
-226.37458432
-226.37458432
-226.36034723
-226.33530715
-226.25372447
-226.25372447
-226.22522383
-226.22522382
-226.04642616
-226.04642616
-225.92136053
-225.77569299
-225.77569299
-225.61307639
-225.61307639
-225.61175021
-225.51785003
-225.51785003
-225.50267047
-225.44268363
-225.39013880
-225.28040660
-225.28040660
-225.09972139
-225.09972139
-224.97312157
-219.86185314
-219.86169696
-219.86169696
-219.86101769
-219.86101769
-219.85994671
-219.68960903
-219.68908882
-219.68908882
-219.68784302
-219.68784302
-219.68650811
-219.64149276
-219.64115952
-219.64115952
-219.64054522
-219.64054522
-219.64019936
-219.58098512
-219.58040487
-219.58040487
-219.57918832
-219.57918832
-219.57849904
-219.57067322
-219.57063257
-219.57063257
-219.57052460
-219.57052460
-219.57044054
-219.56959432
-219.56918889
-219.56918889
-219.56835011
-219.56835011
-219.56791641
-219.55285726
-219.55274158
-219.55274158
-219.55254954
-219.55254954
-219.55245501
-219.54222793
-219.54222793
-219.54215731
-219.54198152
-219.54198152
-219.54153188
-219.54012872
-219.53973272
-219.53973272
-219.53968047
-219.53957262
-219.53957262
-219.52528071
-219.52499133
-219.52499133
-219.52436444
-219.52436444
-219.52403683
-219.50768532
-219.50636955
-219.50636955
-219.50531227
-219.50476610
-219.50476610
-219.50463979
-219.50463979
-219.50394376
-219.50365432
-219.50365432
-219.50348014
-219.50313164
-219.50310467
-219.50310467
-219.50242456
-219.50242456
-219.50204517
-219.50117216
-219.50101741
-219.50101741
-219.50054562
-219.50054562
-219.50019468
-219.49685327
-219.49640488
-219.49640488
-219.49570579
-219.49570579
-219.49544600
-219.49065647
-219.49060886
-219.49060886
-219.49038715
-219.49038715
-219.49028196
-219.47108236
-219.47093379
-219.47093379
-219.47042625
-219.47042625
-219.47002437
-219.46773150
-219.46745981
-219.46745981
-219.46714718
-219.46714718
-219.46705060
-219.45926389
-219.45903100
-219.45903100
-219.45859088
-219.45859088
-219.45834027
-219.45524397
-219.45485016
-219.45485016
-219.45408766
-219.45408766
-219.45366597
-219.45314354
-219.45306952
-219.45306952
-219.45278019
-219.45278019
-219.45256185
-219.43953380
-219.43947548
-219.43947548
-219.43933780
-219.43933780
-219.43928640
-219.43907879
-219.43878184
-219.43878184
-219.43831681
-219.43831681
-219.43809509
-219.43516127
-219.43457234
-219.43457234
-219.43336565
-219.43336565
-219.43280603
-219.43163852
-219.43123887
-219.43123887
-219.43052433
-219.43052433
-219.43014002
-219.42102065
-219.42088796
-219.42088796
-219.42065340
-219.42065340
-219.42045314
-219.41543339
-219.41523056
-219.41523056
-219.41476316
-219.41476316
-219.41444774
-219.40872637
-219.40862819
-219.40862819
-219.40856602
-219.40856602
-219.40856064
-219.39901739
-219.39857932
-219.39857932
-219.39771556
-219.39771556
-219.39730054
-219.38685506
-219.38632172
-219.38632172
-219.38523382
-219.38523382
-219.38471105
-219.37406186
-219.37365158
-219.37365158
-219.37295132
-219.37295132
-219.37258942
-219.36785914
-219.36738193
-219.36738193
-219.36635607
-219.36635607
-219.36586543
-219.36450371
-219.36427206
-219.36427206
-219.36389403
-219.36389403
-219.36370393
-219.33727972
-219.33716853
-219.33716853
-219.33703154
-219.33703154
-219.33701348
-219.33085073
-219.33064869
-219.33064869
-219.33017950
-219.33017950
-219.32982408
-219.32631192
-219.32584789
-219.32584789
-219.32490498
-219.32490498
-219.32447542
-219.32094385
-219.32092010
-219.32092010
-219.32061437
-219.32061437
-219.32032529
-219.31459387
-219.31436254
-219.31436254
-219.31409556
-219.31409556
-219.31402660
-219.28973061
-219.28970431
-219.28970431
-219.28968853
-219.28968319
-219.28968319
-219.27668774
-219.27648669
-219.27648669
-219.27602017
-219.27602017
-219.27566453
-219.27086760
-219.27066849
-219.27066849
-219.27033657
-219.27033657
-219.27016848
-219.26641652
-219.26636637
-219.26636637
-219.26598765
-219.26598765
-219.26578309
-219.23941531
-219.23914174
-219.23914174
-219.23865710
-219.23865710
-219.23839084
-219.23809503
-219.23786873
-219.23786873
-219.23738386
-219.23738386
-219.23720534
-219.23715111
-219.23667076
-219.23667076
-219.23569562
-219.23569562
-219.23531008
-219.23259938
-219.23228900
-219.23228900
-219.23153511
-219.23153511
-219.23114074
-219.21086535
-219.21086535
-219.21085848
-219.21085848
-219.21078748
-219.21077552
-219.20413233
-219.20399157
-219.20399157
-219.20382440
-219.20382440
-219.20378666
-219.19822957
-219.19811195
-219.19811195
-219.19793076
-219.19793076
-219.19784385
-219.18661631
-219.18606976
-219.18606976
-219.18495690
-219.18495690
-219.18442900
-219.18436042
-219.18434374
-219.18434374
-219.18428755
-219.18428755
-219.18417739
-219.17890876
-219.17862252
-219.17862252
-219.17804847
-219.17804847
-219.17776387
-219.13971312
-219.13944854
-219.13944854
-219.13893330
-219.13893329
-219.13862289
-219.13437434
-219.13389265
-219.13389265
-219.13293153
-219.13293153
-219.13247828
-219.12887242
-219.12847686
-219.12847686
-219.12767879
-219.12767879
-219.12727224
-219.11724758
-219.11706572
-219.11706571
-219.11662035
-219.11662035
-219.11628055
-219.09791889
-219.09779083
-219.09779083
-219.09740683
-219.09740683
-219.09705878
-219.09653549
-219.09645856
-219.09645856
-219.09634113
-219.09629335
-219.09629335
-219.09532567
-219.09484033
-219.09484033
-219.09395230
-219.09395230
-219.09350325
-219.07155610
-219.07108342
-219.07108342
-219.07009630
-219.07009630
-219.06963308
-219.06327701
-219.06280802
-219.06280802
-219.06187670
-219.06187670
-219.06146450
-219.04519481
-219.04517159
-219.04517159
-219.04496319
-219.04496319
-219.04475951
-219.03895454
-219.03884424
-219.03884424
-219.03879985
-219.03876489
-219.03876489
-219.01841845
-219.01841845
-219.01838494
-219.01830420
-219.01830420
-219.01824474
-219.01656317
-219.01627686
-219.01627686
-219.01570712
-219.01570711
-219.01539431
-219.00853017
-219.00832181
-219.00832181
-219.00804901
-219.00804901
-219.00794203
-218.99935717
-218.99924004
-218.99924004
-218.99873929
-218.99873929
-218.99847521
-218.98635071
-218.98622233
-218.98622233
-218.98599094
-218.98599094
-218.98584764
-218.97188258
-218.97188258
-218.97185931
-218.97185931
-218.97181305
-218.97177648
-218.97066272
-218.97036590
-218.97036590
-218.96987353
-218.96987353
-218.96960319
-218.95728993
-218.95702261
-218.95702261
-218.95656221
-218.95656221
-218.95626690
-218.94647107
-218.94630269
-218.94630269
-218.94612812
-218.94612812
-218.94607600
-218.92712162
-218.92689428
-218.92689428
-218.92645033
-218.92645033
-218.92618598
-218.91448589
-218.91433538
-218.91433538
-218.91403574
-218.91403574
-218.91389892
-218.90103044
-218.90061973
-218.90061973
-218.89983908
-218.89983908
-218.89942733
-218.88659276
-218.88640223
-218.88640223
-218.88590620
-218.88590620
-218.88565273
-218.87312949
-218.87293333
-218.87293333
-218.87254040
-218.87254040
-218.87229618
-218.85933968
-218.85889392
-218.85889392
-218.85807221
-218.85807221
-218.85768432
-218.84242047
-218.84227853
-218.84227853
-218.84192006
-218.84192006
-218.84171824
-218.82677400
-218.82669953
-218.82669953
-218.82637498
-218.82637498
-218.82619654
-218.81847904
-218.81838608
-218.81830724
-218.81830724
-218.81804126
-218.81804126
-218.81798930
-218.81798930
-218.81786052
-218.81728723
-218.81728723
-218.81685221
-218.80809537
-218.80796055
-218.80796055
-218.80778497
-218.80778497
-218.80772738
-218.79539839
-218.79523917
-218.79523917
-218.79502949
-218.79502949
-218.79491779
-218.78292465
-218.78279075
-218.78279075
-218.78254835
-218.78254835
-218.78241268
-218.77307261
-218.77299794
-218.77299794
-218.77275596
-218.77275596
-218.77256399
-218.76133721
-218.76113574
-218.76113574
-218.76083880
-218.76083880
-218.76069922
-218.75142144
-218.75099073
-218.75099073
-218.75011991
-218.75011990
-218.74969013
-218.73364542
-218.73364542
-218.73349360
-218.73345982
-218.73345982
-218.73313803
-218.73104929
-218.73065945
-218.73065945
-218.73042924
-218.73039103
-218.73039103
-218.70516940
-218.70471321
-218.70471321
-218.70380370
-218.70380370
-218.70336615
-218.69169757
-218.69123823
-218.69123823
-218.69031081
-218.69031081
-218.68986593
-218.64621935
-218.64612643
-218.64612643
-218.64594140
-218.64594139
-218.64587801
-218.61950658
-218.61892101
-218.61892101
-218.61772507
-218.61772507
-218.61717464
-218.59389538
-218.59363610
-218.59363610
-218.59317064
-218.59317064
-218.59291177
-218.58700769
-218.58640044
-218.58640044
-218.58515922
-218.58515922
-218.58458335
-218.58270676
-218.58251648
-218.58251648
-218.58205692
-218.58205692
-218.58176766
-218.55174232
-218.55140779
-218.55140779
-218.55083220
-218.55083220
-218.55053141
-218.48635102
-218.48582490
-218.48582490
-218.48477755
-218.48477755
-218.48429932
-218.43800749
-218.43744756
-218.43744756
-218.43631578
-218.43631578
-218.43578172
-218.43072511
-218.43048448
-218.43048448
-218.42988332
-218.42988332
-218.42936918
-218.42223952
-218.42202322
-218.42202322
-218.42191892
-218.42187984
-218.42187984
-218.32000461
-218.31981429
-218.31981429
-218.31937894
-218.31937894
-218.31894919
-218.30861707
-218.30854748
-218.30821343
-218.30821343
-218.30818718
-218.30818718
-218.30753130
-218.30753130
-218.30739858
-218.30739858
-218.30724627
-218.30700501
-218.27716021
-218.27688795
-218.27688795
-218.27634917
-218.27634917
-218.27604848
-218.23820589
-218.23765639
-218.23765639
-218.23650704
-218.23650704
-218.23597360
-218.22285807
-218.22276970
-218.22276970
-218.22255642
-218.22255642
-218.22235686
-218.21783138
-218.21760802
-218.21760802
-218.21723003
-218.21723003
-218.21701635
-218.17518934
-218.17495455
-218.17495455
-218.17450225
-218.17450225
-218.17425297
-218.15999918
-218.15969147
-218.15969147
-218.15905251
-218.15905251
-218.15875816
-218.13051305
-218.13034061
-218.13034061
-218.12996415
-218.12996415
-218.12976386
-218.12659528
-218.12622999
-218.12622999
-218.12556431
-218.12556431
-218.12525718
-218.09740134
-218.09714845
-218.09714845
-218.09659301
-218.09659301
-218.09626385
-218.08250141
-218.08241405
-218.08241405
-218.08228509
-218.08228509
-218.08227748
-218.07658740
-218.07648608
-218.07648608
-218.07622459
-218.07622459
-218.07609809
-218.06917885
-218.06904070
-218.06904070
-218.06878778
-218.06878778
-218.06871058
-218.04800195
-218.04792321
-218.04792321
-218.04770650
-218.04770650
-218.04757966
-218.04638803
-218.04638803
-218.04636348
-218.04636348
-218.04634707
-218.04629293
-218.02852790
-218.02813924
-218.02813924
-218.02738767
-218.02738767
-218.02702445
-218.02407100
-218.02382614
-218.02382614
-218.02341133
-218.02341133
-218.02319328
-217.97505823
-217.97488009
-217.97488009
-217.97448322
-217.97448322
-217.97424075
-217.95369337
-217.95316822
-217.95316822
-217.95208964
-217.95208964
-217.95157455
-217.93382513
-217.93346113
-217.93346113
-217.93286994
-217.93286994
-217.93256568
-217.91015220
-217.91002134
-217.91002134
-217.90966390
-217.90966390
-217.90946048
-217.89144650
-217.89090399
-217.89090399
-217.88979674
-217.88979674
-217.88927339
-217.84644987
-217.84644987
-217.84619140
-217.84616342
-217.84596487
-217.84596487
-217.84540036
-217.84540036
-217.84523718
-217.84521224
-217.84491572
-217.84491572
-217.82309925
-217.82280905
-217.82280905
-217.82228003
-217.82228003
-217.82198345
-217.80207018
-217.80191155
-217.80191155
-217.80164334
-217.80164334
-217.80151446
-217.77084892
-217.77065563
-217.77065563
-217.77018748
-217.77018748
-217.76991288
-217.76076473
-217.76037275
-217.76037275
-217.75958712
-217.75958712
-217.75919443
-217.75195175
-217.75169239
-217.75169239
-217.75118203
-217.75118203
-217.75094669
-217.71671972
-217.71620960
-217.71620960
-217.71516502
-217.71516502
-217.71467958
-217.70512766
-217.70457962
-217.70457962
-217.70346696
-217.70346696
-217.70293982
-217.63318993
-217.63291958
-217.63291958
-217.63269378
-217.63242521
-217.63242521
-217.63230580
-217.63230580
-217.63192686
-217.63189811
-217.63189811
-217.63159236
-217.61957821
-217.61928317
-217.61928317
-217.61882748
-217.61882748
-217.61861916
-217.59044075
-217.59030169
-217.59030169
-217.58990954
-217.58990954
-217.58967655
-217.58260110
-217.58231013
-217.58231013
-217.58174634
-217.58174634
-217.58141402
-217.56621139
-217.56587820
-217.56587820
-217.56527482
-217.56527482
-217.56493363
-217.55804413
-217.55803023
-217.55799510
-217.55799510
-217.55796873
-217.55796873
-217.55563039
-217.55516987
-217.55516987
-217.55427925
-217.55427925
-217.55385463
-217.48151753
-217.48124973
-217.48124973
-217.48072241
-217.48072241
-217.48046624
-217.47014451
-217.46979070
-217.46979070
-217.46905053
-217.46905053
-217.46866857
-217.44939442
-217.44913322
-217.44913322
-217.44867936
-217.44867936
-217.44843179
-217.39463711
-217.39440172
-217.39440172
-217.39392430
-217.39392430
-217.39364264
-217.33953190
-217.33921683
-217.33921683
-217.33866032
-217.33866032
-217.33835751
-217.32393096
-217.32343069
-217.32343069
-217.32233677
-217.32233677
-217.32181794
-217.31933345
-217.31878222
-217.31878222
-217.31766613
-217.31766613
-217.31714368
-217.29570244
-217.29545223
-217.29545223
-217.29493149
-217.29493149
-217.29461148
-217.26841883
-217.26803614
-217.26803614
-217.26737151
-217.26737151
-217.26704134
-217.15126528
-217.15095587
-217.15095586
-217.15025048
-217.15025047
-217.14961243
-217.13692837
-217.13632146
-217.13632146
-217.13508056
-217.13508056
-217.13450528
-217.04205344
-217.04144936
-217.04144936
-217.04021347
-217.04021347
-217.03963921
-216.97273412
-216.97271412
-216.97271412
-216.97268030
-216.97268030
-216.97267065
-216.93218584
-216.93209387
-216.93209387
-216.93194275
-216.93194275
-216.93183586
-216.91247673
-216.91211518
-216.91211518
-216.91137648
-216.91137648
-216.91095760
-216.88927585
-216.88917645
-216.88917645
-216.88903466
-216.88903466
-216.88897425
-216.76557166
-216.76542016
-216.76542016
-216.76491858
-216.76491858
-216.76453419
-216.76100838
-216.76055595
-216.76055595
-216.75990940
-216.75990940
-216.75966034
-216.71730593
-216.71681849
-216.71681849
-216.71582005
-216.71582005
-216.71535292
-216.66495225
-216.66494109
-216.66494109
-216.66475890
-216.66475890
-216.66460146
-216.65423601
-216.65414066
-216.65414066
-216.65409593
-216.65407276
-216.65407276
-216.56381341
-216.56373549
-216.56373549
-216.56362192
-216.56362192
-216.56353707
-216.54172864
-216.54161486
-216.54161486
-216.54143811
-216.54143811
-216.54132704
-216.33572064
-216.33516097
-216.33516097
-216.33403352
-216.33403352
-216.33353102
-216.21952443
-216.21927907
-216.21927907
-216.21874562
-216.21874562
-216.21842251
-216.15966460
-216.15932438
-216.15932438
-216.15872376
-216.15872376
-216.15839693
-215.86003593
-215.85943854
-215.85943854
-215.85819152
-215.85819152
-215.85761416
-214.91424087
-214.91361750
-214.91361750
-214.91233738
-214.91233738
-214.91174793
