-230.50139540
-230.49504585
-230.48104624
-230.48013509
-230.46501271
-230.45790139
-230.45766943
-230.44970315
-230.43903227
-230.43842496
-230.43465939
-230.43435406
-230.43344110
-230.43131412
-230.42109301
-230.42014636
-230.41734833
-230.41626726
-230.40743246
-230.40579995
-230.39215708
-230.39175880
-230.38966071
-230.38527723
-230.38312286
-230.37824785
-230.37778342
-230.37687495
-230.37427680
-230.37167185
-230.37123741
-230.37071073
-230.37023852
-230.36400988
-230.36363693
-230.36076220
-230.35939659
-230.35896809
-230.35497630
-230.35449204
-230.35375813
-230.35352125
-230.35319295
-230.34318656
-230.33946113
-230.33916716
-230.33750036
-230.33708211
-230.33291155
-230.33270422
-230.33239699
-230.32717917
-230.32312780
-230.31962666
-230.31852200
-230.31823074
-230.31751910
-230.31673283
-230.31329459
-230.31224425
-230.31198671
-230.31136507
-230.30984120
-230.30715793
-230.30494176
-230.30234947
-230.30159963
-230.29972700
-230.29072290
-230.28975697
-230.28415302
-230.28200348
-230.28024838
-230.27891951
-230.27668132
-230.27022966
-230.26784628
-230.26603126
-230.26528373
-230.26172513
-230.25943270
-230.25835463
-230.25651023
-230.25486612
-230.25328385
-230.25205034
-230.25090612
-230.24989533
-230.24921458
-230.24855988
-230.24777352
-230.24730857
-230.24439502
-230.24371991
-230.24360114
-230.24324204
-230.24238877
-230.24017132
-230.23930399
-230.23826382
-230.23615005
-230.23578994
-230.23413504
-230.23336400
-230.23124525
-230.23060546
-230.22980841
-230.22956763
-230.22820329
-230.22531561
-230.22428266
-230.22298421
-230.22259088
-230.22231313
-230.22095946
-230.22040543
-230.21775121
-230.21690302
-230.21594026
-230.21503306
-230.21419566
-230.21380124
-230.21292328
-230.21253444
-230.21202978
-230.21168017
-230.21021045
-230.20888895
-230.20739579
-230.20641588
-230.20517185
-230.20467874
-230.20356265
-230.20339427
-230.20233409
-230.20166725
-230.20131904
-230.20091794
-230.19973817
-230.19823537
-230.19654664
-230.19592222
-230.19575820
-230.19386381
-230.19369143
-230.19305576
-230.19210954
-230.19186703
-230.19006677
-230.18888465
-230.18702800
-230.18539507
-230.18466598
-230.18377667
-230.18358055
-230.18006165
-230.18001099
-230.17939188
-230.17772222
-230.17612002
-230.17570583
-230.17447080
-230.17153554
-230.17119681
-230.17022741
-230.16990191
-230.16976962
-230.16792828
-230.16751384
-230.16726623
-230.16637114
-230.16544503
-230.16461965
-230.16433398
-230.16367390
-230.16292250
-230.16252585
-230.16140728
-230.15935633
-230.15812046
-230.15559261
-230.15367785
-230.15274975
-230.15162948
-230.15158169
-230.14934814
-230.14911182
-230.14754447
-230.14555719
-230.14494095
-230.14353749
-230.14326024
-230.14222151
-230.14099193
-230.13934259
-230.13916380
-230.13869976
-230.13794613
-230.13622442
-230.13570015
-230.13429567
-230.12928391
-230.12832679
-230.12778940
-230.12737309
-230.12632479
-230.12491130
-230.12431174
-230.12423874
-230.12331093
-230.12250957
-230.12170024
-230.12151642
-230.12099252
-230.12017633
-230.11984383
-230.11837560
-230.11743260
-230.11725367
-230.11118274
-230.11010951
-230.10963531
-230.10899331
-230.10887866
-230.10848126
-230.10801098
-230.10746421
-230.10653704
-230.10556549
-230.10473787
-230.10423110
-230.10376002
-230.10352055
-230.10297496
-230.10216125
-230.10020915
-230.09939579
-230.09788585
-230.09487985
-230.09461561
-230.09383742
-230.09343192
-230.09300951
-230.09259990
-230.09127727
-230.09086182
-230.09025615
-230.08971722
-230.08882882
-230.08811722
-230.08577170
-230.08541458
-230.08491399
-230.08424943
-230.08344166
-230.08272599
-230.08139885
-230.07950880
-230.07882694
-230.07809831
-230.07741504
-230.07719465
-230.07546316
-230.07490133
-230.07450528
-230.07432233
-230.07363681
-230.07257583
-230.07231851
-230.07201430
-230.07137036
-230.07083989
-230.07049719
-230.06977635
-230.06862151
-230.06756519
-230.06699086
-230.06571637
-230.06549542
-230.06522110
-230.06498601
-230.06442201
-230.06399356
-230.06351405
-230.06274274
-230.06226138
-230.06172781
-230.06080607
-230.05907486
-230.05898070
-230.05840218
-230.05748723
-230.05712520
-230.05561250
-230.05405208
-230.05271449
-230.05213523
-230.05134709
-230.05086886
-230.05032813
-230.05011324
-230.04954299
-230.04925908
-230.04836319
-230.04788894
-230.04676532
-230.04640270
-230.04472872
-230.04350443
-230.04251498
-230.04152656
-230.03997696
-230.03970507
-230.03867240
-230.03675631
-230.03635892
-230.03618636
-230.03597314
-230.03501670
-230.03476807
-230.03441425
-230.03376637
-230.03262324
-230.03213584
-230.03124989
-230.03053320
-230.02963280
-230.02778720
-230.02648544
-230.02590813
-230.02418439
-230.02320752
-230.02239663
-230.02162108
-230.01976540
-230.01863204
-230.01713118
-230.01613674
-230.01423037
-230.01417504
-230.01241012
-230.01175801
-230.01143207
-230.01099341
-230.01030094
-230.00907474
-230.00782664
-230.00744641
-230.00685861
-230.00610566
-230.00505374
-230.00348695
-230.00316117
-230.00207357
-230.00119236
-230.00029726
-229.99986114
-229.99800423
-229.99763221
-229.99635916
-229.99574828
-229.99428877
-229.99374179
-229.99294723
-229.99230162
-229.99124894
-229.99010978
-229.98847305
-229.98807493
-229.98732841
-229.98539517
-229.98512419
-229.98475207
-229.98463236
-229.98346467
-229.98223204
-229.98210456
-229.98103257
-229.97909739
-229.97572101
-229.97535070
-229.97478086
-229.97413351
-229.97342959
-229.97216878
-229.97111097
-229.96980443
-229.96938014
-229.96856277
-229.96814855
-229.96676156
-229.96559132
-229.96516551
-229.96384977
-229.96346868
-229.96326393
-229.96287790
-229.96264083
-229.96204204
-229.96195037
-229.96152269
-229.96001592
-229.95859627
-229.95774446
-229.95681455
-229.95668621
-229.95576863
-229.95539343
-229.95431938
-229.95265737
-229.95225049
-229.95168640
-229.94957161
-229.94876928
-229.94821839
-229.94753286
-229.94636130
-229.94570866
-229.94552220
-229.94403367
-229.94386565
-229.94291791
-229.94238329
-229.94191162
-229.94154763
-229.94081925
-229.93992938
-229.93984534
-229.93858828
-229.93767963
-229.93754791
-229.93710263
-229.93634605
-229.93544605
-229.93459150
-229.93438167
-229.93384335
-229.93322324
-229.93278379
-229.93208418
-229.93123673
-229.92985746
-229.92924379
-229.92796293
-229.92700224
-229.92258913
-229.92182118
-229.92102369
-229.92096343
-229.92075059
-229.92032744
-229.91977522
-229.91883885
-229.91791833
-229.91679534
-229.91637908
-229.91557273
-229.91468862
-229.91447960
-229.91300084
-229.91242837
-229.91188705
-229.91038097
-229.90979244
-229.90913316
-229.90723885
-229.90689039
-229.90607684
-229.90593474
-229.90534397
-229.90478083
-229.90463921
-229.90383781
-229.90225784
-229.90147765
-229.90070843
-229.90007805
-229.89931009
-229.89879671
-229.89843644
-229.89737550
-229.89688322
-229.89642959
-229.89337003
-229.89226195
-229.89025484
-229.88923727
-229.88890521
-229.88805890
-229.88745998
-229.88720085
-229.88661612
-229.88610264
-229.88519535
-229.88502616
-229.88406399
-229.88247653
-229.88190280
-229.88168911
-229.88111351
-229.88043478
-229.88015550
-229.87833199
-229.87775677
-229.87727290
-229.87593591
-229.87511367
-229.87460131
-229.87387131
-229.87344975
-229.87299298
-229.87223769
-229.87211868
-229.87174532
-229.87135457
-229.87053211
-229.87015992
-229.86982410
-229.86978115
-229.86929116
-229.86830721
-229.86773495
-229.86678502
-229.86667410
-229.86582696
-229.86498000
-229.86405699
-229.86356668
-229.86329996
-229.86304320
-229.86110270
-229.85957816
-229.85902052
-229.85857409
-229.85823799
-229.85819188
-229.85793801
-229.85712978
-229.85662352
-229.85610129
-229.85496788
-229.85296590
-229.85224149
-229.85185370
-229.85101349
-229.85067476
-229.84927288
-229.84882992
-229.84752700
-229.84714784
-229.84649079
-229.84590082
-229.84497606
-229.84433815
-229.84404607
-229.84354254
-229.84296848
-229.84246529
-229.84203036
-229.84163099
-229.84115637
-229.84082920
-229.84001624
-229.83937069
-229.83879747
-229.83770113
-229.83616441
-229.83568461
-229.83448856
-229.83431168
-229.83279610
-229.83203896
-229.83144944
-229.83063210
-229.82903441
-229.82870941
-229.82790797
-229.82696368
-229.82582689
-229.82516392
-229.82434285
-229.82319859
-229.82241601
-229.82231578
-229.82152258
-229.81932393
-229.81889853
-229.81858042
-229.81811187
-229.81765180
-229.81654311
-229.81585403
-229.81475126
-229.81329474
-229.81231919
-229.81202883
-229.81126695
-229.81092451
-229.81027285
-229.80989166
-229.80938640
-229.80741251
-229.80427088
-229.80391032
-229.80271795
-229.80226499
-229.79957226
-229.79823898
-229.79704728
-229.79613922
-229.79539041
-229.79508251
-229.79496377
-229.79434087
-229.79240710
-229.79185050
-229.79131395
-229.79002903
-229.78852497
-229.78824644
-229.78649773
-229.78611779
-229.78303766
-229.78255589
-229.78154148
-229.78079648
-229.77886198
-229.77817074
-229.77765248
-229.77646691
-229.77579451
-229.77528994
-229.77394985
-229.77361239
-229.77321089
-229.77204584
-229.76943933
-229.76910864
-229.76819151
-229.76706040
-229.76557885
-229.76549656
-229.76347945
-229.76312269
-229.76290190
-229.76161237
-229.76133889
-229.76049679
-229.75874104
-229.75735877
-229.75697732
-229.75431420
-229.75373019
-229.75301688
-229.75190110
-229.75128912
-229.75092532
-229.75008522
-229.74990311
-229.74958151
-229.74897459
-229.74878643
-229.74838426
-229.74823387
-229.74742084
-229.74729241
-229.74623406
-229.74580296
-229.74566916
-229.74543401
-229.74504978
-229.74441322
-229.74393205
-229.74348795
-229.74284551
-229.74200986
-229.74175960
-229.74119868
-229.74070046
-229.74050108
-229.74010485
-229.73900434
-229.73834964
-229.73804695
-229.73765569
-229.73724923
-229.73656732
-229.73613018
-229.73525532
-229.73496505
-229.73421293
-229.73357526
-229.73300513
-229.73208779
-229.73183747
-229.73115403
-229.73098189
-229.73050362
-229.73013297
-229.72955466
-229.72861339
-229.72824052
-229.72752731
-229.72741436
-229.72665669
-229.72587216
-229.72500384
-229.72419460
-229.72290492
-229.72197531
-229.72184211
-229.72112465
-229.72098185
-229.72022542
-229.72012720
-229.72005902
-229.71906794
-229.71780163
-229.71718923
-229.71605126
-229.71590650
-229.71510468
-229.71363913
-229.71329792
-229.71303856
-229.71195955
-229.71096858
-229.71070724
-229.70920046
-229.70780841
-229.70696937
-229.70645561
-229.70564979
-229.70493915
-229.70431779
-229.70351444
-229.70348788
-229.70270349
-229.70239095
-229.70125814
-229.70091129
-229.70002692
-229.69919632
-229.69829481
-229.69736122
-229.69728640
-229.69611922
-229.69573252
-229.69423029
-229.69363802
-229.69328697
-229.69037548
-229.69018402
-229.68982087
-229.68953012
-229.68871843
-229.68825885
-229.68674873
-229.68630018
-229.68511974
-229.68308381
-229.68268336
-229.68229593
-229.68186573
-229.68166763
-229.68074509
-229.68003851
-229.67916884
-229.67876384
-229.67817205
-229.67758583
-229.67756320
-229.67659543
-229.67612190
-229.67597847
-229.67579646
-229.67509665
-229.67381911
-229.67338825
-229.67299781
-229.67241828
-229.67190863
-229.67101384
-229.67046457
-229.67019184
-229.66945455
-229.66926236
-229.66861803
-229.66778602
-229.66533727
-229.66382955
-229.66319137
-229.66280602
-229.66191339
-229.66155455
-229.66098074
-229.65991236
-229.65913023
-229.65902096
-229.65836343
-229.65750240
-229.65725373
-229.65637060
-229.65586896
-229.65527147
-229.65499658
-229.65359372
-229.65325347
-229.65258846
-229.65140439
-229.65111965
-229.65014179
-229.64939005
-229.64874303
-229.64854995
-229.64800390
-229.64772767
-229.64626328
-229.64583111
-229.64477880
-229.64261075
-229.64230657
-229.64118672
-229.64092330
-229.64089928
-229.64015503
-229.63957973
-229.63913683
-229.63796515
-229.63752243
-229.63728981
-229.63645938
-229.63622612
-229.63480315
-229.63403133
-229.63380425
-229.63335503
-229.63259013
-229.63236684
-229.63194530
-229.63161859
-229.63081077
-229.63041035
-229.62925207
-229.62790800
-229.62756999
-229.62732643
-229.62673770
-229.62644651
-229.62574566
-229.62522268
-229.62425620
-229.62419291
-229.62352329
-229.62267917
-229.62171121
-229.62097825
-229.62019564
-229.61982338
-229.61966931
-229.61907904
-229.61876045
-229.61750345
-229.61716320
-229.61665619
-229.61630807
-229.61433511
-229.61374520
-229.61229145
-229.61100997
-229.60995882
-229.60908115
-229.60888569
-229.60851428
-229.60795869
-229.60716977
-229.60658795
-229.60615321
-229.60520892
-229.60391341
-229.60249596
-229.60165072
-229.60159480
-229.60076668
-229.60023506
-229.60016091
-229.59928038
-229.59824570
-229.59759817
-229.59694299
-229.59652522
-229.59586359
-229.59467248
-229.59335891
-229.59244825
-229.59123009
-229.58885205
-229.58617987
-229.58466293
-229.58306473
-229.58244600
-229.58223984
-229.58176094
-229.58093040
-229.58028272
-229.57922873
-229.57846104
-229.57745434
-229.57658756
-229.57506244
-229.57437597
-229.57290164
-229.57235344
-229.57140504
-229.57051601
-229.57030424
-229.56803369
-229.56656919
-229.56636687
-229.56422429
-229.56394102
-229.56380154
-229.56298245
-229.56253513
-229.56233123
-229.56129107
-229.56062630
-229.56011584
-229.55973216
-229.55853480
-229.55713877
-229.55699851
-229.55636001
-229.55568722
-229.55546117
-229.55531332
-229.55478099
-229.55380062
-229.55257784
-229.55244300
-229.55214924
-229.55175572
-229.55122939
-229.55068364
-229.55038507
-229.54957862
-229.54794229
-229.54773302
-229.54680352
-229.54500784
-229.54449657
-229.54317661
-229.54174400
-229.54119728
-229.53997489
-229.53949821
-229.53921526
-229.53865741
-229.53789030
-229.53726744
-229.53646669
-229.53600611
-229.53561742
-229.53502038
-229.53438489
-229.53387060
-229.53285829
-229.53269756
-229.53166659
-229.53056205
-229.53024713
-229.52969861
-229.52916822
-229.52875195
-229.52830026
-229.52626809
-229.52522511
-229.52483766
-229.52421473
-229.52296312
-229.52197308
-229.52168338
-229.52110808
-229.52032223
-229.51953048
-229.51908559
-229.51871720
-229.51807652
-229.51771879
-229.51694528
-229.51660384
-229.51550977
-229.51531537
-229.51513576
-229.51471122
-229.51442014
-229.51422202
-229.51363335
-229.51303802
-229.51224889
-229.51209877
-229.51144391
-229.51101714
-229.51087874
-229.51008081
-229.50962664
-229.50832076
-229.50794760
-229.50712556
-229.50614334
-229.50544965
-229.50476331
-229.50433348
-229.50301229
-229.50196119
-229.50154848
-229.49971904
-229.49926492
-229.49913258
-229.49784009
-229.49704501
-229.49612768
-229.49526722
-229.49481268
-229.49450893
-229.49384305
-229.49301927
-229.49250005
-229.49082610
-229.49004471
-229.48935203
-229.48885839
-229.48852434
-229.48663840
-229.48626159
-229.48599272
-229.48573836
-229.48475336
-229.48457068
-229.48309447
-229.48123171
-229.47953486
-229.47930649
-229.47862638
-229.47854740
-229.47738731
-229.47650246
-229.47569287
-229.47501724
-229.47259049
-229.47235318
-229.47088449
-229.47024601
-229.46982765
-229.46855966
-229.46771958
-229.46712235
-229.46629086
-229.46585946
-229.46454073
-229.46306244
-229.46221545
-229.46195012
-229.46137988
-229.45952079
-229.45833854
-229.45736711
-229.45580432
-229.45427702
-229.45338475
-229.45297619
-229.45130380
-229.45029685
-229.44983938
-229.44880350
-229.44783356
-229.44739029
-229.44698674
-229.44616938
-229.44544149
-229.44512811
-229.44397659
-229.44235813
-229.44191367
-229.44020523
-229.43932175
-229.43866946
-229.43745742
-229.43677838
-229.43591417
-229.43494333
-229.43459067
-229.43348482
-229.43283845
-229.43258505
-229.43193817
-229.43050235
-229.43017363
-229.42976749
-229.42891544
-229.42662855
-229.42601628
-229.42447473
-229.42423322
-229.42349325
-229.42299309
-229.42231808
-229.41982860
-229.41939552
-229.41926660
-229.41785416
-229.41734807
-229.41696926
-229.41631484
-229.41523982
-229.41333069
-229.41290599
-229.41241848
-229.41217676
-229.41122266
-229.41026943
-229.40994504
-229.40910916
-229.40755541
-229.40726973
-229.40639873
-229.40582476
-229.40532423
-229.40473393
-229.40328845
-229.40304172
-229.40177581
-229.39973934
-229.39890466
-229.39818258
-229.39736598
-229.39678723
-229.39544481
-229.39445850
-229.39398604
-229.39308187
-229.39270155
-229.39175393
-229.39140776
-229.38967957
-229.38923120
-229.38790524
-229.38688064
-229.38529215
-229.38500926
-229.38435361
-229.38368075
-229.38263260
-229.38224003
-229.38135837
-229.38106093
-229.38019485
-229.37876860
-229.37813847
-229.37692693
-229.37573989
-229.37526828
-229.37510508
-229.37384130
-229.37340807
-229.37212859
-229.37075877
-229.36950099
-229.36895489
-229.36878755
-229.36775922
-229.36595775
-229.36388628
-229.36303741
-229.36236355
-229.36085091
-229.35889884
-229.35811772
-229.35717299
-229.35502928
-229.35460349
-229.35361738
-229.35264421
-229.35141222
-229.35074764
-229.34944292
-229.34844693
-229.34790318
-229.34699659
-229.34517888
-229.34410714
-229.34305199
-229.34261938
-229.34254391
-229.34147876
-229.34097471
-229.34011539
-229.33856432
-229.33708187
-229.33621813
-229.33488739
-229.33355407
-229.33241018
-229.33125489
-229.33049253
-229.32939874
-229.32854759
-229.32774924
-229.32727322
-229.32553480
-229.32518995
-229.32421647
-229.32302862
-229.32283543
-229.32168352
-229.32081547
-229.32034196
-229.31988486
-229.31937419
-229.31875149
-229.31684470
-229.31541391
-229.31479369
-229.31337672
-229.31333561
-229.31169206
-229.30964185
-229.30888505
-229.30760073
-229.30698169
-229.30596390
-229.30441833
-229.30261581
-229.30052812
-229.30027644
-229.29994780
-229.29734587
-229.29650744
-229.29521280
-229.29488764
-229.29435488
-229.29359138
-229.29244912
-229.29115505
-229.29045681
-229.29026441
-229.28910135
-229.28792314
-229.28724546
-229.28612237
-229.28506759
-229.28363754
-229.28273255
-229.28164023
-229.27928359
-229.27856515
-229.27776236
-229.27729719
-229.27620538
-229.27558905
-229.27449102
-229.27379677
-229.27312778
-229.27213237
-229.27142198
-229.26852837
-229.26700118
-229.26609394
-229.26372948
-229.26344643
-229.26227723
-229.26126192
-229.25939599
-229.25862600
-229.25679169
-229.25370030
-229.25102454
-229.24900389
-229.24766871
-229.24745036
-229.24229749
-229.23992430
-229.23884205
-229.23735390
-229.23676784
-229.23403310
-229.23299581
-229.23210289
-229.23116603
-229.22920347
-229.22813595
-229.22751212
-229.22608103
-229.22534180
-229.22396541
-229.22229254
-229.22165756
-229.22070343
-229.21986040
-229.21891107
-229.21834130
-229.21644370
-229.21600420
-229.21418607
-229.21401896
-229.21322085
-229.21158200
-229.21097207
-229.21030355
-229.20851185
-229.20826657
-229.20693010
-229.20570954
-229.20513570
-229.20401003
-229.20354493
-229.20256813
-229.20173891
-229.19988725
-229.19875662
-229.19823946
-229.19681261
-229.19534869
-229.19381588
-229.19269923
-229.19100909
-229.18983685
-229.18657769
-229.18472100
-229.18315915
-229.18140217
-229.18048829
-229.17985405
-229.17846824
-229.17815066
-229.17738720
-229.17603410
-229.17526000
-229.17338824
-229.17218849
-229.17008657
-229.16943717
-229.16873502
-229.16706052
-229.16618918
-229.16574337
-229.16310228
-229.16186893
-229.16059052
-229.15925259
-229.15834819
-229.15681524
-229.15552169
-229.15418811
-229.15401628
-229.14977333
-229.14800950
-229.14537432
-229.14451990
-229.14291145
-229.14137571
-229.14072682
-229.13994016
-229.13918029
-229.13754193
-229.13654794
-229.13596360
-229.13471864
-229.13355004
-229.13285725
-229.13194917
-229.13141464
-229.13075238
-229.12997372
-229.12806961
-229.12737750
-229.12611492
-229.12583146
-229.12296128
-229.12095801
-229.12055658
-229.11763445
-229.11647507
-229.11273156
-229.11152746
-229.11022284
-229.10908695
-229.10660291
-229.10571460
-229.10538954
-229.10437430
-229.10208434
-229.10130196
-229.10085407
-229.09791457
-229.09668975
-229.09588983
-229.09400936
-229.09298831
-229.08759951
-229.08698215
-229.08474012
-229.08418919
-229.08333425
-229.08214265
-229.08114520
-229.07932198
-229.07754262
-229.07664422
-229.07540981
-229.07409539
-229.07022544
-229.06946946
-229.06518317
-229.06328003
-229.06018903
-229.05951599
-229.05678453
-229.05505086
-229.05448789
-229.05271175
-229.05178548
-229.05123074
-229.05016046
-229.04894231
-229.04890472
-229.04723771
-229.04565716
-229.04503595
-229.04454197
-229.04375196
-229.04273164
-229.04156368
-229.03908880
-229.03613812
-229.03474272
-229.03283902
-229.02712486
-229.02630467
-229.02567960
-229.02393055
-229.02067365
-229.01882500
-229.01706562
-229.01596735
-229.01570909
-229.01416166
-229.01405822
-229.01287813
-229.01193807
-229.00743150
-229.00528039
-229.00458191
-229.00351176
-229.00313938
-229.00074196
-228.99860218
-228.99811218
-228.99701273
-228.99626405
-228.99523701
-228.99457368
-228.99384510
-228.99258486
-228.99203438
-228.99112953
-228.98928510
-228.98850845
-228.98762906
-228.98597190
-228.98349539
-228.98216661
-228.98169619
-228.97947649
-228.97881404
-228.97659463
-228.97530432
-228.97451777
-228.97339949
-228.97195156
-228.97029210
-228.96919042
-228.96890129
-228.96762095
-228.96661530
-228.96577360
-228.96413759
-228.96386485
-228.96041157
-228.95994468
-228.95776542
-228.95657161
-228.95333584
-228.95292276
-228.94983507
-228.94897513
-228.94561603
-228.94221757
-228.94088223
-228.94009936
-228.93886104
-228.93701736
-228.93628095
-228.93618429
-228.93490857
-228.93311932
-228.93286577
-228.93160052
-228.93049874
-228.92938660
-228.92867470
-228.92719997
-228.92588141
-228.92527663
-228.92438138
-228.92364245
-228.92294980
-228.92234530
-228.92002390
-228.91911398
-228.91877085
-228.91708056
-228.91565576
-228.90721434
-228.90649651
-228.90552706
-228.90360269
-228.90346417
-228.90202091
-228.90058765
-228.89959244
-228.89808145
-228.89768027
-228.89663739
-228.89419750
-228.89282797
-228.89111167
-228.88866697
-228.88745244
-228.88521295
-228.88317661
-228.87863041
-228.87795809
-228.87533531
-228.87237128
-228.87034209
-228.86972020
-228.86694009
-228.86627573
-228.86533534
-228.86360775
-228.86277968
-228.86204547
-228.86008865
-228.85859638
-228.85755217
-228.85659753
-228.85616778
-228.85587220
-228.85339641
-228.85293814
-228.85265604
-228.85104056
-228.84991241
-228.84879973
-228.84829055
-228.84648795
-228.84491101
-228.84414834
-228.84312820
-228.84242712
-228.84206572
-228.84043527
-228.83997147
-228.83877560
-228.83779817
-228.83542241
-228.83429258
-228.83376483
-228.83101304
-228.82993771
-228.82803178
-228.82668957
-228.82593237
-228.82461911
-228.82416320
-228.82253605
-228.82078540
-228.81914700
-228.81870377
-228.81762160
-228.81691185
-228.81528343
-228.81352421
-228.81289011
-228.81109378
-228.80788136
-228.80672707
-228.80288457
-228.80052417
-228.79929678
-228.79814317
-228.79714545
-228.79669469
-228.79546223
-228.79235812
-228.79057331
-228.78890902
-228.78777357
-228.78722730
-228.78626902
-228.78435869
-228.78233496
-228.78049309
-228.77987245
-228.77894227
-228.77746397
-228.77730626
-228.77669878
-228.77491045
-228.77392650
-228.77312694
-228.77248872
-228.77027464
-228.76964711
-228.76830326
-228.76548569
-228.76375446
-228.76333387
-228.76244875
-228.75870360
-228.75667815
-228.75647412
-228.75583608
-228.75341363
-228.75240726
-228.75204703
-228.75033390
-228.74714510
-228.74536760
-228.74491168
-228.74308072
-228.74155041
-228.73995937
-228.73850533
-228.73647281
-228.73525173
-228.73438973
-228.73282307
-228.73179991
-228.73051493
-228.72789619
-228.72671251
-228.72632966
-228.72560362
-228.72453021
-228.72179774
-228.72110547
-228.72010350
-228.71951276
-228.71764827
-228.71636868
-228.71432183
-228.71295507
-228.70902442
-228.70843603
-228.70665149
-228.70598706
-228.70562241
-228.70355778
-228.70166016
-228.70080910
-228.69838116
-228.69767936
-228.69705198
-228.69414219
-228.69390020
-228.69314834
-228.69190552
-228.69151685
-228.68944105
-228.68916370
-228.68828894
-228.68711715
-228.68584876
-228.68267817
-228.68138071
-228.67987124
-228.67928356
-228.67791215
-228.67530760
-228.67326581
-228.67131058
-228.66966985
-228.66869130
-228.66650053
-228.66603844
-228.66588355
-228.66353193
-228.66338276
-228.66120762
-228.66058354
-228.66017217
-228.65949641
-228.65896023
-228.65779744
-228.65655964
-228.65613236
-228.65448660
-228.65409229
-228.65197092
-228.65075668
-228.64995601
-228.64886892
-228.64774750
-228.64651505
-228.64577701
-228.64489301
-228.63978358
-228.63632066
-228.63476444
-228.63431233
-228.63322734
-228.63127298
-228.62890069
-228.62566263
-228.62392979
-228.62291172
-228.62152593
-228.61887840
-228.61759191
-228.61541576
-228.61533381
-228.61428372
-228.61304769
-228.61164648
-228.61017279
-228.60912500
-228.60760701
-228.60538419
-228.60524881
-228.60317802
-228.60242764
-228.60041484
-228.59817181
-228.59603058
-228.59458124
-228.59367239
-228.59141116
-228.59071895
-228.58949433
-228.58769436
-228.58756019
-228.58505484
-228.58399015
-228.58164553
-228.57956637
-228.57818105
-228.57758859
-228.57632990
-228.57423140
-228.57293347
-228.57283874
-228.57174768
-228.56886549
-228.56787053
-228.56564637
-228.56413379
-228.56154041
-228.56027099
-228.55876495
-228.55805801
-228.55310411
-228.55212138
-228.55110979
-228.54903903
-228.54661748
-228.54586767
-228.54492797
-228.54155633
-228.54054855
-228.54032813
-228.53988983
-228.53887394
-228.53819059
-228.53638183
-228.53452152
-228.53340438
-228.53279461
-228.53198180
-228.52973065
-228.52920382
-228.52790244
-228.52666959
-228.52386377
-228.52229677
-228.52144056
-228.52019443
-228.51870642
-228.51786792
-228.51742495
-228.51343455
-228.51170547
-228.50992031
-228.50860015
-228.50722085
-228.50591120
-228.50312209
-228.50242063
-228.50064860
-228.49967403
-228.49727974
-228.49391113
-228.49169552
-228.49047921
-228.48886247
-228.48823259
-228.48667864
-228.48616862
-228.48569137
-228.48520697
-228.48360548
-228.48193561
-228.48105899
-228.48001611
-228.47733282
-228.47660816
-228.47602838
-228.47458189
-228.47431251
-228.47247231
-228.47115772
-228.47017540
-228.46865732
-228.46766673
-228.46481160
-228.46329836
-228.46251698
-228.46107749
-228.46030209
-228.45872520
-228.45866848
-228.45579077
-228.45370509
-228.45270636
-228.44975392
-228.44907499
-228.44821301
-228.44690282
-228.44621286
-228.44537136
-228.44267006
-228.44192819
-228.44099458
-228.43939132
-228.43877657
-228.43652118
-228.43541382
-228.43402278
-228.43298798
-228.43268199
-228.43117892
-228.43082455
-228.43000365
-228.42924319
-228.42873285
-228.42706825
-228.42675189
-228.42460397
-228.42421044
-228.42367951
-228.42321222
-228.42253431
-228.42039134
-228.41658207
-228.41556735
-228.41506699
-228.41228193
-228.41088410
-228.40892372
-228.40727274
-228.40518790
-228.40186049
-228.40039533
-228.39886511
-228.39791037
-228.39571084
-228.39467121
-228.39246684
-228.39147115
-228.39079671
-228.38964615
-228.38539928
-228.38461784
-228.37971283
-228.37817530
-228.37776982
-228.37649020
-228.37508240
-228.37410042
-228.37396682
-228.37281115
-228.37150148
-228.37083920
-228.37001236
-228.36780240
-228.36739777
-228.36711249
-228.36550379
-228.36430597
-228.36339055
-228.36142709
-228.35920206
-228.35879052
-228.35798563
-228.35767865
-228.35464366
-228.35273370
-228.35129100
-228.35051672
-228.34968841
-228.34720053
-228.34620546
-228.34207728
-228.34104452
-228.33788147
-228.33709923
-228.33613811
-228.33534150
-228.33434315
-228.33392232
-228.33062156
-228.32907037
-228.32857772
-228.32610600
-228.32418634
-228.32293419
-228.32083764
-228.31783588
-228.31760077
-228.31586674
-228.31490071
-228.31316355
-228.31283761
-228.31149519
-228.31068894
-228.30931619
-228.30806049
-228.30641230
-228.30550938
-228.30468387
-228.30411457
-228.30174738
-228.29985252
-228.29757983
-228.29756499
-228.29615652
-228.29572131
-228.29380371
-228.29277526
-228.29051573
-228.28887630
-228.28826235
-228.28662203
-228.28325390
-228.28314344
-228.28002573
-228.27767567
-228.27671723
-228.27625104
-228.27544556
-228.27392044
-228.27299393
-228.27228651
-228.27047364
-228.26791589
-228.26565691
-228.26476885
-228.26461930
-228.26322798
-228.26190014
-228.26036383
-228.25941433
-228.25830154
-228.25639236
-228.25559899
-228.25453058
-228.25432264
-228.25263402
-228.25200801
-228.25105297
-228.25007391
-228.24741497
-228.24599348
-228.24207668
-228.23988227
-228.23938515
-228.23804023
-228.23775301
-228.23669295
-228.23620948
-228.23585582
-228.23187435
-228.23087454
-228.22838328
-228.22757318
-228.22735175
-228.22528436
-228.22483727
-228.21904740
-228.21730841
-228.21668152
-228.21576327
-228.21508794
-228.21451889
-228.21299220
-228.21146953
-228.20935650
-228.20789893
-228.20724797
-228.20475889
-228.20302781
-228.20170624
-228.19967029
-228.19856732
-228.19691938
-228.19604633
-228.19480272
-228.19139417
-228.19089935
-228.18990312
-228.18759797
-228.18718699
-228.18665563
-228.18419447
-228.18321143
-228.18082565
-228.17983948
-228.17857138
-228.17796026
-228.17679844
-228.17645313
-228.17601334
-228.17496835
-228.17386290
-228.17296917
-228.17238718
-228.17199614
-228.16994109
-228.16712871
-228.16668597
-228.16531038
-228.16314023
-228.16207850
-228.15986223
-228.15938150
-228.15577891
-228.15520721
-228.15435794
-228.15278205
-228.15154618
-228.14984667
-228.14968773
-228.14859743
-228.14737580
-228.14282033
-228.14015856
-228.13875512
-228.13807091
-228.13477359
-228.12987976
-228.12833215
-228.12597263
-228.12550056
-228.12246963
-228.12097370
-228.11720853
-228.11615075
-228.11459808
-228.11276892
-228.11217724
-228.11193808
-228.10876185
-228.10719996
-228.10570140
-228.10511459
-228.10287923
-228.10259095
-228.10075468
-228.09794657
-228.09660568
-228.09554227
-228.09147159
-228.09093586
-228.08887354
-228.08530318
-228.08351087
-228.08325187
-228.08009078
-228.07874138
-228.07716109
-228.07688371
-228.07545449
-228.07326165
-228.07025150
-228.06724493
-228.06648672
-228.06272330
-228.06200612
-228.05967897
-228.05843960
-228.05685494
-228.05550603
-228.05422105
-228.05290607
-228.05127215
-228.04930714
-228.04760819
-228.04497983
-228.04331978
-228.04028405
-228.03909838
-228.03612015
-228.03308178
-228.03217525
-228.03099002
-228.02775731
-228.02505843
-228.02328072
-228.02252415
-228.01964566
-228.01929089
-228.01890211
-228.01712105
-228.01451038
-228.01329063
-228.01242341
-228.01021026
-228.00918750
-228.00717109
-228.00550726
-228.00239582
-228.00132827
-228.00046266
-228.00025745
-227.99152383
-227.99003175
-227.98883387
-227.98667329
-227.98620729
-227.98440787
-227.98433911
-227.98199874
-227.98138808
-227.97951897
-227.97582107
-227.97574104
-227.97340375
-227.97195775
-227.97074943
-227.96745408
-227.96501022
-227.96430401
-227.96428921
-227.96087049
-227.95793811
-227.95578358
-227.95449422
-227.95368220
-227.94782497
-227.94507666
-227.94449568
-227.94324456
-227.94189946
-227.94059842
-227.93879612
-227.93788926
-227.93741711
-227.93405697
-227.93205314
-227.93015962
-227.92399664
-227.91978879
-227.91895113
-227.91791294
-227.91439101
-227.91365782
-227.91043768
-227.90610733
-227.90156519
-227.90082539
-227.89883195
-227.89434833
-227.89204250
-227.89002948
-227.88665935
-227.88298373
-227.88194915
-227.88045921
-227.87932576
-227.87844112
-227.87701038
-227.87550372
-227.87283123
-227.87261579
-227.86784758
-227.86440239
-227.86364476
-227.86025832
-227.85584358
-227.85369592
-227.85331413
-227.84971953
-227.84924461
-227.84854112
-227.84684755
-227.84611910
-227.84082462
-227.83957441
-227.83691753
-227.83333338
-227.83149413
-227.82990844
-227.82941021
-227.82920586
-227.82797529
-227.82543804
-227.82073171
-227.81745903
-227.81394316
-227.81013328
-227.80981425
-227.80780614
-227.80363170
-227.80119986
-227.79975216
-227.79850239
-227.79485160
-227.79386403
-227.78894493
-227.78450629
-227.78393801
-227.77584094
-227.77390409
-227.77220758
-227.76865225
-227.76783338
-227.76497536
-227.76419084
-227.76159704
-227.75972623
-227.75872153
-227.75564508
-227.75412577
-227.75097564
-227.74818224
-227.74729189
-227.74507384
-227.74116591
-227.73891193
-227.73338039
-227.73083546
-227.72866321
-227.72740604
-227.72285829
-227.71863255
-227.71763412
-227.71353452
-227.71266134
-227.71110455
-227.70918143
-227.70552353
-227.70318795
-227.69209415
-227.69061529
-227.68680571
-227.68439154
-227.68351147
-227.68180997
-227.68174508
-227.67920714
-227.67847379
-227.67741640
-227.67328520
-227.67039465
-227.66872442
-227.66771185
-227.66335308
-227.66181446
-227.65856900
-227.65680434
-227.65547053
-227.65337186
-227.65181666
-227.64854261
-227.64568333
-227.64434272
-227.64309018
-227.64187203
-227.63971782
-227.62476218
-227.61893729
-227.61810117
-227.61776034
-227.61546940
-227.61318807
-227.61101823
-227.60793335
-227.60430216
-227.60404984
-227.59861019
-227.59668775
-227.59630119
-227.59340654
-227.59185684
-227.59044395
-227.58525560
-227.57814503
-227.57507875
-227.57189102
-227.56871310
-227.56812819
-227.56253751
-227.56082427
-227.55964457
-227.55917315
-227.55722145
-227.55271624
-227.54749861
-227.54538319
-227.54135835
-227.54107307
-227.53510695
-227.52976543
-227.52601140
-227.52165902
-227.51994720
-227.51830969
-227.51639597
-227.51142314
-227.51043936
-227.50743199
-227.50588861
-227.50549009
-227.50360569
-227.50153959
-227.50009935
-227.49652502
-227.49269530
-227.48984501
-227.48399521
-227.48313766
-227.47975801
-227.47854039
-227.47543207
-227.47011048
-227.46430457
-227.46154113
-227.46064247
-227.45674121
-227.45099876
-227.44893116
-227.44822053
-227.44643129
-227.44382536
-227.44133428
-227.43902327
-227.43508607
-227.43347201
-227.43214550
-227.42602041
-227.42543318
-227.41792129
-227.41584712
-227.41395774
-227.41169655
-227.40958550
-227.40399603
-227.39558394
-227.38411705
-227.38012683
-227.37775666
-227.37556106
-227.37247196
-227.36910422
-227.36807409
-227.36341037
-227.36203970
-227.35476179
-227.35411060
-227.35221480
-227.34641380
-227.34509730
-227.34224080
-227.33913424
-227.33783913
-227.33394823
-227.33002960
-227.32886658
-227.32556362
-227.32306407
-227.31958331
-227.31674562
-227.31547413
-227.31146619
-227.30995551
-227.30224442
-227.29967128
-227.29644851
-227.29369874
-227.28749964
-227.28414695
-227.26880301
-227.26697031
-227.26068690
-227.25920977
-227.25535110
-227.25466975
-227.25093708
-227.25066698
-227.24345894
-227.24112818
-227.23584102
-227.23298741
-227.22653219
-227.22489289
-227.21481493
-227.21275394
-227.20880943
-227.20670725
-227.20438534
-227.20048816
-227.19754135
-227.19188356
-227.18900766
-227.18568913
-227.18210548
-227.17424712
-227.16731228
-227.16455600
-227.16232424
-227.15712429
-227.15518660
-227.14976498
-227.14810968
-227.13957733
-227.13680632
-227.13281375
-227.12955330
-227.12227796
-227.11570016
-227.11312280
-227.10294882
-227.10093969
-227.09893378
-227.08805329
-227.08651438
-227.08197785
-227.07841878
-227.07273417
-227.06794016
-227.06594817
-227.06486723
-227.05922256
-227.05811699
-227.05188315
-227.04237415
-227.03296082
-227.03021298
-227.02579079
-227.02167767
-227.01943954
-227.00379392
-227.00058031
-226.99132472
-226.98666116
-226.98331724
-226.98028307
-226.97710263
-226.97210175
-226.96842451
-226.96309104
-226.94254546
-226.93360533
-226.93010212
-226.92330985
-226.91711273
-226.91144822
-226.91069448
-226.90599441
-226.90146767
-226.89952738
-226.89854711
-226.89038333
-226.88094250
-226.86626311
-226.84966709
-226.84379638
-226.84343736
-226.83100146
-226.82434573
-226.81485288
-226.81178137
-226.80955066
-226.79868404
-226.79694227
-226.79661467
-226.79245924
-226.79040707
-226.78851802
-226.78036882
-226.77413254
-226.76494973
-226.76403397
-226.73860856
-226.73635614
-226.73333438
-226.72157353
-226.69376229
-226.68999389
-226.67979870
-226.67798826
-226.66013269
-226.65436320
-226.61081555
-226.59869892
-226.58855623
-226.58086859
-226.57845580
-226.57635396
-226.56687994
-226.56276791
-226.56225624
-226.50649801
-226.50353114
-226.48754329
-226.45973742
-226.42740898
-226.41514977
-226.39614021
-226.39101466
-226.37876543
-226.37464545
-226.27808951
-226.26822079
-226.26653673
-226.26520748
-226.09080331
-226.08709748
-225.96451875
-225.84548500
-225.84437731
-225.69297792
-225.68214876
-225.67066391
-225.59011183
-225.58586998
-225.57176195
-225.51178127
-225.46146165
-225.35084219
-225.34928837
-225.17205004
-225.16713776
-225.04358302
-219.86129167
-219.85842397
-219.85722825
-219.85621467
-219.85512966
-219.85420836
-219.68942018
-219.68746553
-219.68665511
-219.68470702
-219.68341515
-219.67411216
-219.63974537
-219.63822078
-219.63602579
-219.63497732
-219.63340768
-219.63260377
-219.57556263
-219.57541207
-219.57432741
-219.57333697
-219.57236526
-219.57205921
-219.56913224
-219.56622557
-219.56613672
-219.56493916
-219.56406534
-219.56382452
-219.56315428
-219.56276290
-219.56249797
-219.56148504
-219.56045447
-219.55964145
-219.55005707
-219.54799662
-219.54776913
-219.54545952
-219.54491396
-219.54428794
-219.53933583
-219.53877288
-219.53761868
-219.53647269
-219.53494225
-219.53465042
-219.53426432
-219.53415132
-219.53325085
-219.53263819
-219.53217567
-219.53125446
-219.52100513
-219.51993644
-219.51883361
-219.51758718
-219.51698060
-219.51683642
-219.51063568
-219.50620724
-219.50480286
-219.50318959
-219.50287250
-219.50232026
-219.50191322
-219.50160812
-219.50088909
-219.50056823
-219.49993035
-219.49958333
-219.49857000
-219.49846724
-219.49787518
-219.49734114
-219.49622269
-219.49582920
-219.49472934
-219.49437523
-219.49333650
-219.49260263
-219.49141883
-219.48958075
-219.48937928
-219.48912097
-219.48864790
-219.48843345
-219.48755235
-219.48685210
-219.48650591
-219.48560183
-219.48429379
-219.48423307
-219.48311511
-219.48269980
-219.46703452
-219.46565704
-219.46475363
-219.46465667
-219.46368101
-219.46279132
-219.46210696
-219.46203275
-219.46121532
-219.45929765
-219.45892174
-219.45836185
-219.45717220
-219.45492850
-219.45361730
-219.45335416
-219.45138391
-219.45086579
-219.45072019
-219.45053649
-219.45016739
-219.44970466
-219.44887967
-219.44872392
-219.44857723
-219.44695901
-219.44652061
-219.44567256
-219.44504541
-219.44500341
-219.43968483
-219.43725530
-219.43478492
-219.43443003
-219.43384984
-219.43376190
-219.43372282
-219.43288796
-219.43256469
-219.43177753
-219.43105763
-219.43081594
-219.42961096
-219.42894199
-219.42822838
-219.42770153
-219.42739259
-219.42680744
-219.42669463
-219.42507143
-219.42446379
-219.42342262
-219.42288755
-219.42139070
-219.41717425
-219.41513185
-219.41481157
-219.41312026
-219.41300883
-219.41279711
-219.41263039
-219.41058467
-219.40983328
-219.40772341
-219.40732975
-219.40693443
-219.40647672
-219.40522096
-219.40492328
-219.40432657
-219.40151109
-219.40025261
-219.39759446
-219.39468679
-219.39378608
-219.39303987
-219.39222492
-219.39002384
-219.38482613
-219.38347086
-219.38055173
-219.37985757
-219.37872822
-219.37777418
-219.36951122
-219.36938032
-219.36754911
-219.36641072
-219.36610908
-219.36561306
-219.36549586
-219.36531239
-219.36443744
-219.36214952
-219.36121999
-219.36026139
-219.35995285
-219.35975080
-219.35824533
-219.35690146
-219.35639774
-219.35530875
-219.33652288
-219.33299849
-219.33257109
-219.33013930
-219.32955039
-219.32858678
-219.32794857
-219.32786483
-219.32674318
-219.32672816
-219.32417400
-219.32365335
-219.32184140
-219.32113322
-219.32065171
-219.31949454
-219.31920402
-219.31834361
-219.31747728
-219.31674684
-219.31651078
-219.31363508
-219.31269950
-219.31180575
-219.31075021
-219.31058428
-219.30900081
-219.30633830
-219.30595987
-219.30523668
-219.29209236
-219.29039431
-219.28701766
-219.28683578
-219.28402253
-219.28300057
-219.28020427
-219.27706908
-219.27635063
-219.27388504
-219.27338960
-219.26998473
-219.26950478
-219.26771719
-219.26760358
-219.26686717
-219.26405014
-219.26379321
-219.26267807
-219.26202075
-219.26106348
-219.26049368
-219.25991340
-219.25855715
-219.25040300
-219.24737830
-219.24687171
-219.24234105
-219.23624347
-219.23517002
-219.23480739
-219.23403552
-219.23252517
-219.23203633
-219.23146624
-219.23055391
-219.23039731
-219.23010503
-219.22994104
-219.22791038
-219.22560801
-219.22392064
-219.22349494
-219.22087406
-219.22002680
-219.21747828
-219.21404338
-219.21075517
-219.21016121
-219.20912518
-219.20602513
-219.20550269
-219.20533535
-219.20464261
-219.20403700
-219.20269842
-219.20254183
-219.20197518
-219.19923550
-219.19833559
-219.19817077
-219.19769829
-219.19513171
-219.19421497
-219.19405575
-219.19253654
-219.18534235
-219.18345034
-219.18270685
-219.18128132
-219.18083764
-219.17981693
-219.17954943
-219.17770254
-219.17531797
-219.17518059
-219.17398277
-219.17277911
-219.17161547
-219.17103014
-219.17077632
-219.17035856
-219.16834229
-219.16810137
-219.13873053
-219.13609044
-219.13318850
-219.13310136
-219.13296162
-219.13223519
-219.13131039
-219.13113720
-219.12991254
-219.12938858
-219.12649826
-219.12581587
-219.12475820
-219.12470394
-219.12364856
-219.12265810
-219.12171041
-219.11915115
-219.11349406
-219.11332781
-219.11288769
-219.11105334
-219.11073344
-219.10861610
-219.09562783
-219.09558887
-219.09453282
-219.09359078
-219.09250117
-219.09234012
-219.09080432
-219.09061505
-219.09051232
-219.09019364
-219.09003630
-219.08986048
-219.08895706
-219.08793120
-219.08746105
-219.08734993
-219.08696788
-219.08634126
-219.07047714
-219.07042288
-219.06806743
-219.06800120
-219.06629860
-219.06463440
-219.06319745
-219.06208157
-219.06088651
-219.06013245
-219.05783639
-219.05648832
-219.04177087
-219.04164343
-219.03889193
-219.03829025
-219.03808464
-219.03680498
-219.03668639
-219.03543657
-219.03385499
-219.03189819
-219.03150032
-219.03121790
-219.02145685
-219.02072386
-219.02015322
-219.01880810
-219.01873153
-219.01629555
-219.01590406
-219.01529638
-219.01204750
-219.01159027
-219.01067262
-219.00981471
-219.00845281
-219.00731433
-219.00484730
-219.00315481
-219.00149096
-219.00088854
-218.99849571
-218.99823170
-218.99702029
-218.99558360
-218.99334195
-218.99121450
-218.98235679
-218.98116094
-218.97906966
-218.97807436
-218.97723616
-218.97448215
-218.97029828
-218.96937391
-218.96899307
-218.96682576
-218.96558217
-218.96529676
-218.96372869
-218.96368800
-218.96248015
-218.96145193
-218.95876575
-218.95846133
-218.95552617
-218.95472457
-218.95467066
-218.95210500
-218.95179666
-218.95079737
-218.94751572
-218.94546052
-218.94488416
-218.94459713
-218.94112018
-218.93928436
-218.92980302
-218.92720352
-218.92517276
-218.92280015
-218.91895914
-218.91856041
-218.91660053
-218.91081104
-218.91057344
-218.90765183
-218.90561262
-218.90506508
-218.90408262
-218.90244252
-218.90232514
-218.90103406
-218.89949093
-218.89808673
-218.89769405
-218.89261015
-218.89157645
-218.88708951
-218.88640524
-218.88071446
-218.87150490
-218.86976116
-218.86828760
-218.86817950
-218.86510258
-218.86470846
-218.86401958
-218.86101222
-218.85990364
-218.85932240
-218.85922745
-218.85820195
-218.84238841
-218.84103719
-218.83709223
-218.83660340
-218.83505787
-218.83466600
-218.83210628
-218.83171665
-218.82425889
-218.82412993
-218.82338516
-218.82166836
-218.82146760
-218.82024613
-218.81850301
-218.81843549
-218.81409925
-218.81043021
-218.80557908
-218.80394549
-218.80270597
-218.80167226
-218.80165260
-218.80019647
-218.80011562
-218.79948748
-218.79772209
-218.79610102
-218.79568571
-218.79559287
-218.79485819
-218.79462393
-218.79149835
-218.79060597
-218.78774674
-218.78766260
-218.78249128
-218.78156543
-218.77937676
-218.77293357
-218.77271605
-218.77200233
-218.77166568
-218.77139210
-218.77018265
-218.76820466
-218.76527599
-218.76495842
-218.76093966
-218.76051971
-218.75910995
-218.75808741
-218.75677934
-218.75552516
-218.74781893
-218.74334283
-218.74281838
-218.74230643
-218.74187520
-218.74132770
-218.73417366
-218.73081723
-218.72978065
-218.72873088
-218.72752441
-218.72714031
-218.72561537
-218.72537397
-218.72406178
-218.72403382
-218.72113509
-218.71785559
-218.70686733
-218.70554845
-218.70318709
-218.70279267
-218.70218187
-218.69990835
-218.69451088
-218.69152116
-218.68965371
-218.68835638
-218.68752680
-218.68444203
-218.65233987
-218.65203885
-218.65201674
-218.65130428
-218.64966841
-218.64923226
-218.62553979
-218.62465560
-218.62278271
-218.62062750
-218.62012632
-218.61894390
-218.60400076
-218.60356273
-218.59935417
-218.59913315
-218.59138110
-218.58751035
-218.58481043
-218.58437900
-218.58318517
-218.58211737
-218.58003592
-218.57954265
-218.57909996
-218.57873735
-218.57761549
-218.57673249
-218.57472983
-218.57103833
-218.56450440
-218.55236527
-218.55089086
-218.55049176
-218.54647806
-218.54643815
-218.49368078
-218.49227895
-218.48691186
-218.48427315
-218.48198371
-218.48105533
-218.45428004
-218.45320803
-218.45201794
-218.45104653
-218.44675027
-218.44618110
-218.43235637
-218.42903308
-218.42707722
-218.42152315
-218.41858321
-218.41556295
-218.40278603
-218.39747917
-218.39648207
-218.39521631
-218.38785995
-218.38543483
-218.32436927
-218.32213705
-218.31905202
-218.31384158
-218.31347232
-218.30916397
-218.30743302
-218.30732415
-218.30578078
-218.30559815
-218.30173912
-218.30131829
-218.30036120
-218.29796621
-218.29698575
-218.29589289
-218.29485685
-218.28871888
-218.28640655
-218.27096774
-218.26986771
-218.26795901
-218.26636034
-218.26065040
-218.24339317
-218.24145454
-218.24031103
-218.23948350
-218.23655575
-218.22802104
-218.22720052
-218.22363841
-218.21958368
-218.21948593
-218.21915915
-218.21587872
-218.21291287
-218.20902859
-218.20791014
-218.20451835
-218.20361230
-218.20226433
-218.17767825
-218.17544206
-218.17490178
-218.17454380
-218.17409571
-218.17096687
-218.15862978
-218.15768939
-218.15476710
-218.15347364
-218.15221661
-218.15132375
-218.13463118
-218.13282252
-218.13127797
-218.13065124
-218.12757542
-218.12669009
-218.12614892
-218.12576328
-218.12548270
-218.12526738
-218.12515453
-218.11944759
-218.08949202
-218.08883014
-218.08600026
-218.08522951
-218.08412016
-218.08180398
-218.08113162
-218.08014745
-218.07931658
-218.07758842
-218.07566101
-218.07339899
-218.07326943
-218.07187056
-218.06953135
-218.06793184
-218.06636107
-218.06417513
-218.06407518
-218.06378217
-218.06369081
-218.06346160
-218.06336047
-218.05794322
-218.04876948
-218.04689668
-218.04363972
-218.04279350
-218.04056492
-218.04019324
-218.03704037
-218.03584517
-218.03372086
-218.03195887
-218.03050204
-218.02815904
-218.02268175
-218.02075465
-218.02071736
-218.01664757
-218.01612824
-218.01562954
-218.01369406
-218.01244129
-218.01161537
-218.01106984
-218.00752917
-218.00524040
-217.98236016
-217.97832906
-217.97667450
-217.97630362
-217.97286765
-217.97238399
-217.94546900
-217.94420858
-217.94372252
-217.94170367
-217.93891085
-217.93626149
-217.93553651
-217.93443124
-217.93433943
-217.93232780
-217.92800349
-217.92427693
-217.91183747
-217.91143575
-217.91135321
-217.90436996
-217.90347232
-217.90238430
-217.89170112
-217.89020666
-217.88943405
-217.88554134
-217.88032168
-217.88006641
-217.87640086
-217.86757687
-217.86463576
-217.86413908
-217.86357708
-217.86290928
-217.85126942
-217.84943053
-217.84850881
-217.84380236
-217.84061767
-217.83899818
-217.82275132
-217.81671580
-217.81637266
-217.81620416
-217.81581404
-217.81042714
-217.80095293
-217.80022641
-217.80002370
-217.79869138
-217.79827127
-217.78834515
-217.77296808
-217.77232175
-217.77126241
-217.76844304
-217.76743524
-217.76642433
-217.76596041
-217.76401643
-217.76319209
-217.76211405
-217.75787836
-217.75594943
-217.75194155
-217.74910850
-217.74856986
-217.74788025
-217.74655576
-217.74541511
-217.73434853
-217.73307776
-217.73075617
-217.72971794
-217.72669404
-217.72374385
-217.70670672
-217.70568413
-217.70446941
-217.70285590
-217.69974612
-217.69848343
-217.64283770
-217.64186766
-217.64154487
-217.64077725
-217.64032153
-217.63982716
-217.63408852
-217.63266611
-217.62821706
-217.62629390
-217.62614830
-217.62206588
-217.62161007
-217.61970648
-217.61949238
-217.61360719
-217.61328482
-217.61004310
-217.60664931
-217.60161931
-217.59955365
-217.59584643
-217.59516230
-217.58770518
-217.58077932
-217.57997396
-217.57950160
-217.57740198
-217.57311816
-217.57139211
-217.57016031
-217.56406113
-217.55972094
-217.55921099
-217.55834779
-217.55788056
-217.55747816
-217.55684457
-217.55316551
-217.55199931
-217.55187235
-217.54705700
-217.54409550
-217.54207296
-217.53597625
-217.53501402
-217.53402379
-217.53245329
-217.48883550
-217.47953167
-217.47817639
-217.47810127
-217.47751202
-217.47594237
-217.46918990
-217.46785638
-217.46714837
-217.46705437
-217.46289651
-217.46280702
-217.45786211
-217.45636726
-217.45008682
-217.44816486
-217.44463228
-217.43865412
-217.39820196
-217.39524745
-217.39454209
-217.39275783
-217.38556049
-217.38343454
-217.34873682
-217.34647125
-217.34049212
-217.33552968
-217.33421571
-217.33378861
-217.32919288
-217.32554385
-217.32448037
-217.32274702
-217.31932545
-217.31850371
-217.31797750
-217.31789279
-217.31737994
-217.31434484
-217.31410312
-217.31278977
-217.30597244
-217.30446452
-217.30160110
-217.30018782
-217.29941564
-217.29690012
-217.28008446
-217.27680512
-217.27469961
-217.27408537
-217.27309734
-217.27096278
-217.18097678
-217.17763338
-217.16300665
-217.16137256
-217.15653845
-217.13349666
-217.13256239
-217.13129794
-217.12992557
-217.12752439
-217.12729782
-217.09776980
-217.06024858
-217.05743950
-217.05474162
-217.05422501
-217.05270125
-217.04924154
-217.00815495
-217.00337177
-217.00086483
-216.99785841
-216.98778881
-216.96376049
-216.96218937
-216.95646590
-216.95380414
-216.94962960
-216.94215687
-216.93759023
-216.93002619
-216.92902069
-216.92659639
-216.91999943
-216.91481419
-216.91097454
-216.91055146
-216.90704965
-216.90359137
-216.89659363
-216.87432351
-216.87339894
-216.79788350
-216.79289635
-216.78765446
-216.78561780
-216.78433666
-216.77078169
-216.77045008
-216.76437339
-216.76333232
-216.76225669
-216.75579078
-216.74856784
-216.74172304
-216.74010953
-216.73153532
-216.73133911
-216.71615463
-216.71219169
-216.70447076
-216.68329313
-216.68217707
-216.67872194
-216.67841495
-216.66789376
-216.65690941
-216.65393587
-216.65068722
-216.64672306
-216.64225471
-216.63753357
-216.58658910
-216.58527260
-216.58090238
-216.57536376
-216.57402876
-216.57210941
-216.56808150
-216.56729227
-216.55631202
-216.53790965
-216.53519028
-216.53310363
-216.38495947
-216.38339861
-216.38200341
-216.37776872
-216.37586918
-216.36792537
-216.24370698
-216.23829384
-216.23226785
-216.23163792
-216.22628897
-216.21827737
-216.17920358
-216.17611322
-216.17150721
-216.17066512
-216.17063360
-216.16874533
-215.90815038
-215.90031008
-215.89910938
-215.89412363
-215.89353873
-215.88993725
-214.98290509
-214.98119624
-214.97967158
-214.97823934
-214.97661536
-214.97395157
