x_center,hist_y
5.153140832671852106e-02,8.783783783783784271e-02
1.015314083267185308e-01,1.621621621621621712e-01
1.515314083267185197e-01,2.229729729729728882e-01
2.015314083267185363e-01,3.040540540540541126e-01
2.515314083267184975e-01,4.864864864864865690e-01
3.015314083267185419e-01,4.864864864864860139e-01
3.515314083267185863e-01,6.148648648648650239e-01
4.015314083267185197e-01,6.959459459459460540e-01
4.515314083267185641e-01,5.202702702702703963e-01
5.015314083267184975e-01,6.554054054054055944e-01
5.515314083267185419e-01,7.162162162162155621e-01
6.015314083267185863e-01,7.162162162162155621e-01
6.515314083267185197e-01,7.162162162162171164e-01
7.015314083267185641e-01,6.959459459459452768e-01
7.515314083267186085e-01,8.175675675675686538e-01
8.015314083267185419e-01,6.891891891891885891e-01
8.515314083267185863e-01,7.905405405405397934e-01
9.015314083267185197e-01,7.162162162162171164e-01
9.515314083267185641e-01,7.027027027027020756e-01
1.001531408326718608e+00,7.635135135135145967e-01
1.051531408326718431e+00,6.148648648648643578e-01
1.101531408326718697e+00,6.486486486486481295e-01
1.151531408326718520e+00,5.540540540540536130e-01
1.201531408326718786e+00,5.067567567567562437e-01
1.251531408326718608e+00,4.324324324324339552e-01
1.301531408326718431e+00,5.472972972972968142e-01
1.351531408326718697e+00,5.608108108108103007e-01
1.401531408326718520e+00,3.783783783783780663e-01
1.451531408326718786e+00,4.459459459459455544e-01
1.501531408326718608e+00,3.783783783783797872e-01
1.551531408326718431e+00,3.783783783783780663e-01
1.601531408326718697e+00,3.445945945945942945e-01
1.651531408326718520e+00,2.702702702702700632e-01
1.701531408326718786e+00,2.432432432432430069e-01
1.751531408326718608e+00,1.689189189189195250e-01
1.801531408326718431e+00,1.486486486486485181e-01
1.851531408326718697e+00,1.283783783783782606e-01
1.901531408326718520e+00,2.297297297297295482e-01
1.951531408326718786e+00,1.824324324324322899e-01
2.001531408326718608e+00,1.418918918918923855e-01
2.051531408326718875e+00,1.756756756756747417e-01
2.101531408326718697e+00,1.216216216216220586e-01
2.151531408326718520e+00,1.081081081081084888e-01
2.201531408326718342e+00,6.756756756756721050e-02
2.251531408326718608e+00,8.108108108108136314e-02
2.301531408326718875e+00,7.432432432432392599e-02
2.351531408326718697e+00,7.432432432432459213e-02
2.401531408326718520e+00,4.054054054054032769e-02
2.451531408326718786e+00,6.756756756756780724e-02
2.501531408326718608e+00,3.378378378378390362e-02
2.551531408326718875e+00,2.702702702702688281e-02
2.601531408326718697e+00,6.756756756756780724e-02
2.651531408326718520e+00,2.702702702702688281e-02
2.701531408326718786e+00,2.027027027027034078e-02
2.751531408326718608e+00,2.027027027027034078e-02
2.801531408326718875e+00,6.756756756756720703e-03
2.851531408326718697e+00,0.000000000000000000e+00
2.901531408326718520e+00,6.756756756756720703e-03
2.951531408326718786e+00,2.027027027027034078e-02
3.001531408326718608e+00,2.702702702702712220e-02
3.051531408326718875e+00,6.756756756756720703e-03
3.101531408326718697e+00,0.000000000000000000e+00
3.151531408326718520e+00,2.702702702702688281e-02
3.201531408326718786e+00,0.000000000000000000e+00
3.251531408326718608e+00,1.351351351351356110e-02
3.301531408326718875e+00,0.000000000000000000e+00
3.351531408326718697e+00,0.000000000000000000e+00
3.401531408326718520e+00,6.756756756756720703e-03
3.451531408326718786e+00,0.000000000000000000e+00
3.501531408326718608e+00,0.000000000000000000e+00
3.551531408326718875e+00,0.000000000000000000e+00
3.601531408326718697e+00,0.000000000000000000e+00
3.651531408326718520e+00,0.000000000000000000e+00
3.701531408326718786e+00,0.000000000000000000e+00
3.751531408326718608e+00,0.000000000000000000e+00
3.801531408326718875e+00,6.756756756756720703e-03
3.851531408326718697e+00,0.000000000000000000e+00
3.901531408326718520e+00,0.000000000000000000e+00
3.951531408326718786e+00,0.000000000000000000e+00
4.001531408326718164e+00,0.000000000000000000e+00
4.051531408326718875e+00,0.000000000000000000e+00
4.101531408326718697e+00,6.756756756756660855e-03
