x_center,hist_y
2.499996803671820228e-02,9.532903636508315293e-01
7.499996803671821199e-02,7.750457547545157588e-01
1.249999680367182148e-01,8.275642555900371011e-01
1.749999680367182175e-01,8.402960133683458066e-01
2.249999680367182064e-01,6.906978594732237076e-01
2.749999680367182231e-01,6.827405108617802254e-01
3.249999680367182675e-01,7.798201639213815373e-01
3.749999680367182009e-01,7.097954961406860441e-01
4.249999680367182453e-01,5.936182064136231729e-01
4.749999680367181787e-01,7.273016630858599729e-01
5.249999680367182231e-01,5.920267366913339879e-01
5.749999680367182675e-01,5.060873716877531958e-01
6.249999680367182009e-01,6.063499641919319894e-01
6.749999680367182453e-01,4.615262194636742810e-01
7.249999680367182897e-01,4.901726744648689515e-01
7.749999680367182231e-01,5.060873716877531958e-01
8.249999680367182675e-01,4.121906580727298097e-01
8.749999680367182009e-01,4.058247791835765117e-01
9.249999680367182453e-01,4.074162489058641978e-01
9.749999680367182897e-01,4.281053552956160524e-01
1.024999968036718112e+00,3.119280655685522929e-01
1.074999968036718379e+00,4.360627039070578137e-01
1.124999968036718201e+00,3.358001114028802969e-01
1.174999968036718467e+00,2.944218986233784197e-01
1.224999968036718290e+00,2.832816105673599538e-01
1.274999968036718112e+00,3.214768839022834612e-01
1.324999968036718379e+00,2.466778069547224672e-01
1.374999968036718201e+00,2.228057611203944910e-01
1.424999968036718467e+00,3.246598233468605543e-01
1.474999968036718290e+00,2.610010344553204131e-01
1.524999968036718112e+00,2.037081244529320989e-01
1.574999968036718379e+00,2.419033977878568553e-01
1.624999968036718201e+00,2.084825336197977108e-01
1.674999968036718467e+00,1.559640327842761465e-01
1.724999968036718290e+00,2.148484125089527852e-01
1.774999968036718112e+00,1.607384419511417306e-01
1.824999968036718379e+00,1.448237447282564316e-01
1.874999968036718201e+00,2.005251850083550336e-01
1.924999968036718467e+00,1.941593061192009029e-01
1.974999968036718290e+00,1.400493355613914581e-01
2.024999968036718556e+00,1.384578658391016626e-01
2.074999968036718379e+00,1.416408052836799769e-01
2.124999968036718201e+00,1.225431686162175154e-01
2.174999968036718023e+00,1.289090475053705220e-01
2.224999968036718290e+00,1.257261080607945947e-01
2.274999968036718556e+00,1.129943502824852786e-01
2.324999968036718379e+00,1.002625925041779748e-01
2.374999968036718201e+00,1.034455319487541380e-01
2.424999968036718467e+00,5.888437972467594483e-02
2.474999968036718290e+00,1.002625925041779748e-01
2.524999968036718556e+00,9.389671361502296976e-02
2.574999968036718379e+00,7.957348611442695285e-02
2.624999968036718201e+00,7.798201639213772629e-02
2.674999968036718467e+00,7.479907694756134096e-02
2.724999968036718290e+00,6.684172833611863596e-02
2.774999968036718556e+00,5.251850083552132148e-02
2.824999968036718379e+00,6.047584944696449138e-02
2.874999968036718201e+00,6.047584944696394321e-02
2.924999968036718467e+00,6.206731916925302406e-02
2.974999968036718290e+00,6.047584944696449138e-02
3.024999968036718556e+00,5.570144028009837295e-02
3.074999968036718379e+00,4.933556139094470716e-02
3.124999968036718201e+00,3.978674305721312254e-02
3.174999968036718467e+00,4.933556139094470716e-02
3.224999968036718290e+00,3.023792472348224569e-02
3.274999968036718556e+00,4.615262194636722548e-02
3.324999968036718379e+00,3.342086416805931798e-02
3.374999968036718201e+00,3.660380361263607801e-02
3.424999968036718467e+00,3.023792472348224569e-02
3.474999968036718290e+00,3.023792472348224569e-02
3.524999968036718556e+00,3.023792472348197161e-02
3.574999968036718379e+00,2.546351555661662686e-02
3.624999968036718201e+00,2.068910638975082761e-02
3.674999968036718467e+00,2.864645500119370608e-02
3.724999968036718290e+00,1.591469722288539265e-02
3.774999968036718556e+00,2.228057611203934987e-02
3.824999968036718379e+00,1.432322750059685304e-02
3.874999968036718201e+00,1.432322750059672467e-02
3.924999968036718467e+00,1.273175777830831343e-02
3.974999968036718290e+00,3.501233389034786453e-02
4.024999968036718556e+00,2.068910638975100802e-02
4.074999968036718379e+00,1.432322750059659804e-02
4.124999968036718201e+00,1.432322750059685304e-02
4.174999968036718911e+00,1.114028805601977555e-02
4.224999968036717846e+00,1.273175777830831343e-02
4.274999968036718556e+00,7.957348611442696326e-03
4.324999968036718379e+00,1.432322750059659804e-02
4.374999968036718201e+00,6.365878889154156714e-03
4.424999968036718911e+00,9.548818333731234204e-03
4.474999968036717846e+00,1.432322750059685304e-02
4.524999968036718556e+00,1.591469722288539265e-02
4.574999968036718379e+00,4.774409166865532100e-03
4.624999968036718201e+00,7.957348611442696326e-03
4.674999968036718911e+00,4.774409166865617102e-03
4.724999968036717846e+00,4.774409166865617102e-03
4.774999968036718556e+00,4.774409166865532100e-03
4.824999968036719267e+00,3.182939444577078357e-03
4.874999968036718201e+00,6.365878889154156714e-03
4.924999968036718911e+00,6.365878889154156714e-03
4.974999968036717846e+00,4.774409166865617102e-03
5.024999968036718556e+00,4.774409166865532100e-03
5.074999968036719267e+00,3.182939444577078357e-03
5.124999968036718201e+00,3.182939444577078357e-03
5.174999968036718911e+00,4.774409166865617102e-03
5.224999968036717846e+00,1.591469722288539178e-03
5.274999968036718556e+00,3.182939444577021545e-03
5.324999968036719267e+00,3.182939444577078357e-03
5.374999968036718201e+00,1.591469722288539178e-03
5.424999968036718911e+00,6.365878889154156714e-03
5.474999968036717846e+00,1.591469722288539178e-03
5.524999968036718556e+00,3.182939444577021545e-03
5.574999968036719267e+00,0.000000000000000000e+00
5.624999968036718201e+00,1.591469722288539178e-03
5.674999968036718911e+00,1.591469722288539178e-03
5.724999968036717846e+00,0.000000000000000000e+00
5.774999968036718556e+00,0.000000000000000000e+00
5.824999968036719267e+00,4.774409166865617102e-03
5.874999968036718201e+00,0.000000000000000000e+00
5.924999968036718911e+00,1.591469722288539178e-03
5.974999968036717846e+00,6.365878889154156714e-03
6.024999968036718556e+00,0.000000000000000000e+00
6.074999968036719267e+00,1.591469722288539178e-03
6.124999968036718201e+00,1.591469722288539178e-03
6.174999968036718911e+00,0.000000000000000000e+00
6.224999968036717846e+00,0.000000000000000000e+00
6.274999968036718556e+00,1.591469722288510772e-03
6.324999968036719267e+00,1.591469722288539178e-03
6.374999968036718201e+00,0.000000000000000000e+00
6.424999968036718911e+00,1.591469722288539178e-03
6.474999968036717846e+00,0.000000000000000000e+00
6.524999968036718556e+00,0.000000000000000000e+00
6.574999968036719267e+00,0.000000000000000000e+00
6.624999968036718201e+00,0.000000000000000000e+00
6.674999968036718911e+00,0.000000000000000000e+00
6.724999968036717846e+00,0.000000000000000000e+00
6.774999968036718556e+00,0.000000000000000000e+00
6.824999968036719267e+00,0.000000000000000000e+00
6.874999968036718201e+00,1.591469722288539178e-03
6.924999968036718911e+00,0.000000000000000000e+00
6.974999968036717846e+00,0.000000000000000000e+00
7.024999968036718556e+00,1.591469722288510772e-03
7.074999968036719267e+00,1.591469722288539178e-03
7.124999968036718201e+00,1.591469722288539178e-03
7.174999968036718911e+00,0.000000000000000000e+00
7.224999968036717846e+00,0.000000000000000000e+00
7.274999968036718556e+00,0.000000000000000000e+00
7.324999968036719267e+00,0.000000000000000000e+00
7.374999968036718201e+00,0.000000000000000000e+00
7.424999968036718911e+00,0.000000000000000000e+00
7.474999968036717846e+00,0.000000000000000000e+00
7.524999968036718556e+00,0.000000000000000000e+00
7.574999968036719267e+00,1.591469722288539178e-03
