x_center,hist_y
2.499999978990672528e-02,1.134996993385447972e+01
7.499999978990673499e-02,1.578472639807576572e-01
1.249999997899067378e-01,2.630787733012626695e-01
1.749999997899067405e-01,4.299458809380637958e-01
2.249999997899067294e-01,3.021647624774504437e-01
2.749999997899067461e-01,2.781118460613347110e-01
3.249999997899067905e-01,3.547805171377030331e-01
3.749999997899067239e-01,2.871316897173782912e-01
4.249999997899067683e-01,2.510523150932051362e-01
4.749999997899067017e-01,2.194828622970535492e-01
5.249999997899067461e-01,1.428141912206853936e-01
5.749999997899067905e-01,2.029464822609739760e-01
6.249999997899067239e-01,2.375225496091404043e-01
6.749999997899067683e-01,2.014431749849667497e-01
7.249999997899068127e-01,1.563439567047506529e-01
7.749999997899067461e-01,9.921828021647616236e-02
8.249999997899067905e-01,1.067348165965122248e-01
8.749999997899067239e-01,7.967528562838253892e-02
9.249999997899067683e-01,1.082381238725194372e-01
9.749999997899068127e-01,1.127480457005413383e-01
1.024999999789906635e+00,8.117859290438958486e-02
1.074999999789906902e+00,9.771497294046894988e-02
1.124999999789906724e+00,1.052315093205050262e-01
1.174999999789906990e+00,9.621166566446173740e-02
1.224999999789906813e+00,9.019843656043327607e-02
1.274999999789906635e+00,1.383042693926637423e-01
1.324999999789906902e+00,1.383042693926637423e-01
1.374999999789906724e+00,7.366205652435350859e-02
1.424999999789906990e+00,6.464221286831021984e-02
1.474999999789906813e+00,8.869512928442604971e-02
1.524999999789906635e+00,6.764882742032465868e-02
1.574999999789906902e+00,6.313890559230300736e-02
1.624999999789906724e+00,7.817197835237515990e-02
1.674999999789906990e+00,6.163559831629580182e-02
1.724999999789906813e+00,5.261575466025274206e-02
1.774999999789906635e+00,6.915213469633187116e-02
1.824999999789906902e+00,5.562236921226693803e-02
1.874999999789906724e+00,5.562236921226693803e-02
1.924999999789906990e+00,6.464221286831021984e-02
1.974999999789906813e+00,6.013229104028884608e-02
2.024999999789907079e+00,5.411906193625948269e-02
2.074999999789906902e+00,5.261575466025274206e-02
2.124999999789906724e+00,6.915213469633217647e-02
2.174999999789906546e+00,5.261575466025227021e-02
2.224999999789906813e+00,6.013229104028884608e-02
2.274999999789907079e+00,6.163559831629552427e-02
2.324999999789906902e+00,3.758268190018052707e-02
2.374999999789906724e+00,3.607937462417298846e-02
2.424999999789906990e+00,6.163559831629607244e-02
2.474999999789906813e+00,4.810583283223107687e-02
2.524999999789907079e+00,5.411906193625948269e-02
2.574999999789906902e+00,5.261575466025274206e-02
2.624999999789906724e+00,4.810583283223065360e-02
2.674999999789906990e+00,3.307276007215886882e-02
2.724999999789906813e+00,4.209260372820219920e-02
2.774999999789907079e+00,4.810583283223065360e-02
2.824999999789906902e+00,4.359591100420941168e-02
2.874999999789906724e+00,3.908598917618740648e-02
2.924999999789906990e+00,4.058929645219497284e-02
2.974999999789906813e+00,2.856283824413720362e-02
3.024999999789907079e+00,3.758268190018019400e-02
3.074999999789906902e+00,4.509921828021663803e-02
3.124999999789906724e+00,3.457606734816578292e-02
3.174999999789906990e+00,3.307276007215886882e-02
3.224999999789906813e+00,5.261575466025274206e-02
3.274999999789907079e+00,2.254960914010811779e-02
3.324999999789906902e+00,3.006614552014442304e-02
3.374999999789906724e+00,3.607937462417298846e-02
3.424999999789906990e+00,4.058929645219497284e-02
3.474999999789906813e+00,2.555622369212276132e-02
3.524999999789907079e+00,2.856283824413694689e-02
3.574999999789906902e+00,2.555622369212276132e-02
3.624999999789906724e+00,2.705953096812974135e-02
3.674999999789906990e+00,3.156945279615164246e-02
3.724999999789906813e+00,3.156945279615164246e-02
3.774999999789907079e+00,3.006614552014415936e-02
3.824999999789906902e+00,1.503307276007221152e-02
3.874999999789906724e+00,2.254960914010811779e-02
3.924999999789906990e+00,2.405291641611553843e-02
3.974999999789906813e+00,1.503307276007221152e-02
4.024999999789907079e+00,2.104630186410109960e-02
4.074999999789906902e+00,2.104630186410072143e-02
4.124999999789906724e+00,3.307276007215886882e-02
4.174999999789907434e+00,1.352976548406499210e-02
4.224999999789906369e+00,3.006614552014442304e-02
4.274999999789907079e+00,1.803968731208665383e-02
4.324999999789906902e+00,2.555622369212230682e-02
4.374999999789906724e+00,1.352976548406499210e-02
4.424999999789907434e+00,1.954299458809387324e-02
4.474999999789906369e+00,1.954299458809387324e-02
4.524999999789907079e+00,3.156945279615164246e-02
4.574999999789906902e+00,1.503307276007194437e-02
4.624999999789906724e+00,1.503307276007221152e-02
4.674999999789907434e+00,2.705953096812998421e-02
4.724999999789906369e+00,1.803968731208665383e-02
4.774999999789907079e+00,2.104630186410072143e-02
4.824999999789907790e+00,1.803968731208665383e-02
4.874999999789906724e+00,2.254960914010831902e-02
4.924999999789907434e+00,1.052315093205054980e-02
4.974999999789906369e+00,1.052315093205054980e-02
5.024999999789907079e+00,2.254960914010791656e-02
5.074999999789907790e+00,9.019843656043326913e-03
5.124999999789906724e+00,1.803968731208665383e-02
5.174999999789907434e+00,1.503307276007221152e-02
5.224999999789906369e+00,1.653638003607943441e-02
5.274999999789907079e+00,9.019843656043167318e-03
5.324999999789907790e+00,1.052315093205054980e-02
5.374999999789906724e+00,1.954299458809387324e-02
5.424999999789907434e+00,9.019843656043326913e-03
5.474999999789906369e+00,1.202645820805776922e-02
5.524999999789907079e+00,1.803968731208633464e-02
5.574999999789907790e+00,1.803968731208665383e-02
5.624999999789906724e+00,1.052315093205054980e-02
5.674999999789907434e+00,2.254960914010831902e-02
5.724999999789906369e+00,1.202645820805776922e-02
5.774999999789907079e+00,7.516536380035972187e-03
5.824999999789907790e+00,1.653638003607943441e-02
5.874999999789906724e+00,1.352976548406499210e-02
5.924999999789907434e+00,1.352976548406499210e-02
5.974999999789906369e+00,1.052315093205054980e-02
6.024999999789907079e+00,1.202645820805755585e-02
6.074999999789907790e+00,1.503307276007221152e-02
6.124999999789906724e+00,4.509921828021663456e-03
6.174999999789907434e+00,1.803968731208665383e-02
6.224999999789906369e+00,4.509921828021663456e-03
6.274999999789907079e+00,4.509921828021583659e-03
6.324999999789907790e+00,2.104630186410109960e-02
6.374999999789906724e+00,1.352976548406499210e-02
6.424999999789907434e+00,7.516536380036105761e-03
6.474999999789906369e+00,6.013229104028884608e-03
6.524999999789907079e+00,9.019843656043167318e-03
6.574999999789907790e+00,1.052315093205054980e-02
6.624999999789906724e+00,9.019843656043326913e-03
6.674999999789907434e+00,4.509921828021663456e-03
6.724999999789906369e+00,7.516536380036105761e-03
6.774999999789907079e+00,7.516536380035972187e-03
6.824999999789907790e+00,1.352976548406499210e-02
6.874999999789906724e+00,7.516536380036105761e-03
6.924999999789907434e+00,9.019843656043326913e-03
6.974999999789906369e+00,7.516536380036105761e-03
7.024999999789907079e+00,9.019843656043167318e-03
7.074999999789907790e+00,7.516536380036105761e-03
7.124999999789906724e+00,1.503307276007221152e-02
7.174999999789907434e+00,9.019843656043326913e-03
7.224999999789906369e+00,6.013229104028884608e-03
7.274999999789907079e+00,3.006614552014388961e-03
7.324999999789907790e+00,9.019843656043326913e-03
7.374999999789906724e+00,6.013229104028884608e-03
7.424999999789907434e+00,1.352976548406499210e-02
7.474999999789906369e+00,7.516536380036105761e-03
7.524999999789907079e+00,4.509921828021583659e-03
7.574999999789907790e+00,7.516536380036105761e-03
7.624999999789906724e+00,1.503307276007221152e-02
7.674999999789907434e+00,1.503307276007221152e-03
7.724999999789906369e+00,3.006614552014442304e-03
7.774999999789907079e+00,7.516536380035972187e-03
7.824999999789907790e+00,1.052315093205054980e-02
7.874999999789906724e+00,4.509921828021663456e-03
7.924999999789907434e+00,4.509921828021663456e-03
7.974999999789906369e+00,3.006614552014442304e-03
8.024999999789907079e+00,7.516536380035972187e-03
8.074999999789906013e+00,9.019843656043488242e-03
8.124999999789906724e+00,1.503307276007194481e-03
8.174999999789907434e+00,9.019843656043167318e-03
8.224999999789908145e+00,7.516536380036239334e-03
8.274999999789907079e+00,6.013229104028777923e-03
8.324999999789906013e+00,1.202645820805798259e-02
8.374999999789906724e+00,3.006614552014388961e-03
8.424999999789907434e+00,3.006614552014388961e-03
8.474999999789908145e+00,9.019843656043488242e-03
8.524999999789907079e+00,9.019843656043167318e-03
8.574999999789906013e+00,4.509921828021744121e-03
8.624999999789906724e+00,9.019843656043167318e-03
8.674999999789907434e+00,1.503307276007194481e-03
8.724999999789908145e+00,7.516536380036239334e-03
8.774999999789907079e+00,3.006614552014388961e-03
8.824999999789906013e+00,3.006614552014495647e-03
8.874999999789906724e+00,7.516536380035972187e-03
8.924999999789907434e+00,3.006614552014388961e-03
8.974999999789908145e+00,4.509921828021744121e-03
9.024999999789907079e+00,4.509921828021583659e-03
9.074999999789906013e+00,3.006614552014495647e-03
9.124999999789906724e+00,4.509921828021583659e-03
9.174999999789907434e+00,1.503307276007194481e-03
9.224999999789908145e+00,3.006614552014495647e-03
9.274999999789907079e+00,1.503307276007194481e-03
9.324999999789906013e+00,0.000000000000000000e+00
9.374999999789906724e+00,4.509921828021583659e-03
9.424999999789907434e+00,3.006614552014388961e-03
9.474999999789908145e+00,4.509921828021744121e-03
9.524999999789907079e+00,0.000000000000000000e+00
9.574999999789907790e+00,6.013229104028777923e-03
9.624999999789906724e+00,3.006614552014495647e-03
9.674999999789907434e+00,3.006614552014388961e-03
9.724999999789908145e+00,0.000000000000000000e+00
9.774999999789907079e+00,3.006614552014388961e-03
9.824999999789907790e+00,7.516536380035972187e-03
9.874999999789906724e+00,1.503307276007247823e-03
9.924999999789907434e+00,4.509921828021583659e-03
9.974999999789908145e+00,3.006614552014495647e-03
1.002499999978990708e+01,1.503307276007194481e-03
1.007499999978990779e+01,7.516536380035972187e-03
1.012499999978990672e+01,1.503307276007247823e-03
1.017499999978990743e+01,4.509921828021583659e-03
1.022499999978990814e+01,3.006614552014495647e-03
1.027499999978990708e+01,3.006614552014388961e-03
1.032499999978990779e+01,0.000000000000000000e+00
1.037499999978990672e+01,1.503307276007247823e-03
1.042499999978990743e+01,4.509921828021583659e-03
1.047499999978990814e+01,1.503307276007247823e-03
1.052499999978990708e+01,6.013229104028777923e-03
1.057499999978990779e+01,7.516536380035972187e-03
1.062499999978990672e+01,3.006614552014495647e-03
1.067499999978990743e+01,3.006614552014388961e-03
1.072499999978990814e+01,3.006614552014495647e-03
1.077499999978990708e+01,4.509921828021583659e-03
1.082499999978990779e+01,0.000000000000000000e+00
1.087499999978990672e+01,3.006614552014495647e-03
1.092499999978990743e+01,1.503307276007194481e-03
1.097499999978990814e+01,4.509921828021744121e-03
1.102499999978990708e+01,1.503307276007194481e-03
1.107499999978990779e+01,3.006614552014388961e-03
1.112499999978990672e+01,6.013229104028991294e-03
1.117499999978990743e+01,1.503307276007194481e-03
1.122499999978990814e+01,1.503307276007247823e-03
1.127499999978990708e+01,1.503307276007194481e-03
1.132499999978990779e+01,1.503307276007194481e-03
1.137499999978990672e+01,0.000000000000000000e+00
1.142499999978990743e+01,3.006614552014388961e-03
1.147499999978990814e+01,1.503307276007247823e-03
1.152499999978990708e+01,0.000000000000000000e+00
1.157499999978990779e+01,3.006614552014388961e-03
1.162499999978990672e+01,3.006614552014495647e-03
1.167499999978990743e+01,4.509921828021583659e-03
1.172499999978990814e+01,0.000000000000000000e+00
1.177499999978990708e+01,1.503307276007194481e-03
1.182499999978990779e+01,1.503307276007194481e-03
1.187499999978990672e+01,3.006614552014495647e-03
1.192499999978990743e+01,1.503307276007194481e-03
1.197499999978990814e+01,1.503307276007247823e-03
1.202499999978990708e+01,0.000000000000000000e+00
1.207499999978990779e+01,3.006614552014388961e-03
1.212499999978990672e+01,3.006614552014495647e-03
1.217499999978990743e+01,0.000000000000000000e+00
1.222499999978990814e+01,4.509921828021744121e-03
1.227499999978990708e+01,3.006614552014388961e-03
1.232499999978990779e+01,1.503307276007194481e-03
1.237499999978990672e+01,1.503307276007247823e-03
1.242499999978990743e+01,1.503307276007194481e-03
1.247499999978990814e+01,3.006614552014495647e-03
1.252499999978990708e+01,0.000000000000000000e+00
1.257499999978990779e+01,4.509921828021583659e-03
1.262499999978990672e+01,4.509921828021744121e-03
1.267499999978990743e+01,0.000000000000000000e+00
1.272499999978990814e+01,0.000000000000000000e+00
1.277499999978990708e+01,0.000000000000000000e+00
1.282499999978990779e+01,3.006614552014388961e-03
1.287499999978990672e+01,1.503307276007247823e-03
1.292499999978990743e+01,1.503307276007194481e-03
1.297499999978990814e+01,0.000000000000000000e+00
1.302499999978990708e+01,1.503307276007194481e-03
1.307499999978990779e+01,0.000000000000000000e+00
1.312499999978990672e+01,1.503307276007247823e-03
1.317499999978990743e+01,0.000000000000000000e+00
1.322499999978990814e+01,1.503307276007247823e-03
1.327499999978990708e+01,0.000000000000000000e+00
1.332499999978990779e+01,3.006614552014388961e-03
1.337499999978990672e+01,1.503307276007247823e-03
1.342499999978990743e+01,0.000000000000000000e+00
1.347499999978990814e+01,0.000000000000000000e+00
1.352499999978990708e+01,0.000000000000000000e+00
1.357499999978990779e+01,0.000000000000000000e+00
1.362499999978990672e+01,1.503307276007247823e-03
1.367499999978990743e+01,0.000000000000000000e+00
1.372499999978990814e+01,1.503307276007247823e-03
1.377499999978990708e+01,1.503307276007194481e-03
1.382499999978990779e+01,0.000000000000000000e+00
1.387499999978990672e+01,1.503307276007247823e-03
1.392499999978990743e+01,0.000000000000000000e+00
1.397499999978990814e+01,1.503307276007247823e-03
1.402499999978990708e+01,0.000000000000000000e+00
1.407499999978990779e+01,0.000000000000000000e+00
1.412499999978990672e+01,1.503307276007247823e-03
1.417499999978990743e+01,1.503307276007194481e-03
1.422499999978990814e+01,1.503307276007247823e-03
1.427499999978990708e+01,1.503307276007194481e-03
1.432499999978990779e+01,1.503307276007194481e-03
1.437499999978990672e+01,1.503307276007247823e-03
1.442499999978990743e+01,1.503307276007194481e-03
1.447499999978990814e+01,1.503307276007247823e-03
1.452499999978990708e+01,1.503307276007194481e-03
1.457499999978990779e+01,3.006614552014388961e-03
1.462499999978990672e+01,0.000000000000000000e+00
1.467499999978990743e+01,0.000000000000000000e+00
1.472499999978990814e+01,0.000000000000000000e+00
1.477499999978990708e+01,1.503307276007194481e-03
1.482499999978990779e+01,3.006614552014388961e-03
1.487499999978990672e+01,1.503307276007247823e-03
1.492499999978990743e+01,0.000000000000000000e+00
1.497499999978990814e+01,1.503307276007247823e-03
1.502499999978990708e+01,1.503307276007194481e-03
1.507499999978990779e+01,1.503307276007194481e-03
1.512499999978990672e+01,1.503307276007247823e-03
1.517499999978990743e+01,0.000000000000000000e+00
1.522499999978990814e+01,0.000000000000000000e+00
1.527499999978990708e+01,0.000000000000000000e+00
1.532499999978990779e+01,3.006614552014388961e-03
1.537499999978990672e+01,1.503307276007247823e-03
1.542499999978990743e+01,0.000000000000000000e+00
1.547499999978990814e+01,0.000000000000000000e+00
1.552499999978990708e+01,4.509921828021583659e-03
1.557499999978990779e+01,0.000000000000000000e+00
1.562499999978990672e+01,0.000000000000000000e+00
1.567499999978990743e+01,0.000000000000000000e+00
1.572499999978990814e+01,3.006614552014495647e-03
1.577499999978990708e+01,1.503307276007194481e-03
1.582499999978990779e+01,1.503307276007194481e-03
1.587499999978990672e+01,0.000000000000000000e+00
1.592499999978990743e+01,1.503307276007194481e-03
1.597499999978990814e+01,0.000000000000000000e+00
1.602499999978990530e+01,0.000000000000000000e+00
1.607499999978990957e+01,1.503307276007194481e-03
1.612499999978990672e+01,0.000000000000000000e+00
1.617499999978990743e+01,0.000000000000000000e+00
1.622499999978990814e+01,0.000000000000000000e+00
1.627499999978990530e+01,0.000000000000000000e+00
1.632499999978990957e+01,0.000000000000000000e+00
1.637499999978990672e+01,0.000000000000000000e+00
1.642499999978990743e+01,3.006614552014602766e-03
1.647499999978990814e+01,0.000000000000000000e+00
1.652499999978990530e+01,0.000000000000000000e+00
1.657499999978990957e+01,0.000000000000000000e+00
1.662499999978990672e+01,1.503307276007194481e-03
1.667499999978990743e+01,0.000000000000000000e+00
1.672499999978990814e+01,0.000000000000000000e+00
1.677499999978990530e+01,0.000000000000000000e+00
1.682499999978990957e+01,0.000000000000000000e+00
1.687499999978990672e+01,0.000000000000000000e+00
1.692499999978990743e+01,0.000000000000000000e+00
1.697499999978990814e+01,0.000000000000000000e+00
1.702499999978990530e+01,0.000000000000000000e+00
1.707499999978990957e+01,0.000000000000000000e+00
1.712499999978990672e+01,0.000000000000000000e+00
1.717499999978990743e+01,1.503307276007301383e-03
1.722499999978990814e+01,0.000000000000000000e+00
1.727499999978990530e+01,0.000000000000000000e+00
1.732499999978990957e+01,0.000000000000000000e+00
1.737499999978990672e+01,0.000000000000000000e+00
1.742499999978990743e+01,0.000000000000000000e+00
1.747499999978990814e+01,0.000000000000000000e+00
1.752499999978990530e+01,0.000000000000000000e+00
1.757499999978990957e+01,0.000000000000000000e+00
1.762499999978990672e+01,0.000000000000000000e+00
1.767499999978990743e+01,0.000000000000000000e+00
1.772499999978990814e+01,0.000000000000000000e+00
1.777499999978990530e+01,0.000000000000000000e+00
1.782499999978990957e+01,0.000000000000000000e+00
1.787499999978990672e+01,0.000000000000000000e+00
1.792499999978990743e+01,0.000000000000000000e+00
1.797499999978990814e+01,1.503307276007194481e-03
1.802499999978990530e+01,0.000000000000000000e+00
1.807499999978990957e+01,0.000000000000000000e+00
1.812499999978990672e+01,0.000000000000000000e+00
1.817499999978990743e+01,0.000000000000000000e+00
1.822499999978990814e+01,1.503307276007194481e-03
1.827499999978990530e+01,0.000000000000000000e+00
1.832499999978990957e+01,1.503307276007194481e-03
1.837499999978990672e+01,0.000000000000000000e+00
1.842499999978990743e+01,1.503307276007301383e-03
1.847499999978990814e+01,0.000000000000000000e+00
1.852499999978990530e+01,0.000000000000000000e+00
1.857499999978990957e+01,1.503307276007194481e-03
1.862499999978990672e+01,0.000000000000000000e+00
1.867499999978990743e+01,0.000000000000000000e+00
1.872499999978990814e+01,0.000000000000000000e+00
1.877499999978990530e+01,1.503307276007194481e-03
1.882499999978990957e+01,0.000000000000000000e+00
1.887499999978990672e+01,0.000000000000000000e+00
1.892499999978990743e+01,0.000000000000000000e+00
1.897499999978990814e+01,0.000000000000000000e+00
1.902499999978990530e+01,0.000000000000000000e+00
1.907499999978990957e+01,0.000000000000000000e+00
1.912499999978990672e+01,0.000000000000000000e+00
1.917499999978991099e+01,0.000000000000000000e+00
1.922499999978990814e+01,0.000000000000000000e+00
1.927499999978990530e+01,1.503307276007194481e-03
1.932499999978990957e+01,1.503307276007194481e-03
1.937499999978990672e+01,0.000000000000000000e+00
1.942499999978991099e+01,1.503307276007194481e-03
1.947499999978990814e+01,0.000000000000000000e+00
1.952499999978990530e+01,0.000000000000000000e+00
1.957499999978990957e+01,0.000000000000000000e+00
1.962499999978990672e+01,1.503307276007194481e-03
1.967499999978991099e+01,0.000000000000000000e+00
1.972499999978990814e+01,0.000000000000000000e+00
1.977499999978990530e+01,0.000000000000000000e+00
1.982499999978990957e+01,1.503307276007194481e-03
1.987499999978990672e+01,0.000000000000000000e+00
1.992499999978991099e+01,1.503307276007194481e-03
1.997499999978990814e+01,1.503307276007301383e-03
2.002499999978990530e+01,0.000000000000000000e+00
2.007499999978990957e+01,0.000000000000000000e+00
2.012499999978990672e+01,1.503307276007194481e-03
2.017499999978991099e+01,0.000000000000000000e+00
2.022499999978990814e+01,0.000000000000000000e+00
2.027499999978990530e+01,1.503307276007194481e-03
2.032499999978990957e+01,0.000000000000000000e+00
2.037499999978990672e+01,1.503307276007194481e-03
2.042499999978991099e+01,0.000000000000000000e+00
2.047499999978990814e+01,1.503307276007301383e-03
2.052499999978990530e+01,3.006614552014388961e-03
2.057499999978990957e+01,0.000000000000000000e+00
2.062499999978990672e+01,0.000000000000000000e+00
2.067499999978991099e+01,0.000000000000000000e+00
2.072499999978990814e+01,0.000000000000000000e+00
2.077499999978990530e+01,0.000000000000000000e+00
2.082499999978990957e+01,0.000000000000000000e+00
2.087499999978990672e+01,0.000000000000000000e+00
2.092499999978991099e+01,0.000000000000000000e+00
2.097499999978990814e+01,1.503307276007301383e-03
2.102499999978990530e+01,0.000000000000000000e+00
2.107499999978990957e+01,0.000000000000000000e+00
2.112499999978990672e+01,0.000000000000000000e+00
2.117499999978991099e+01,0.000000000000000000e+00
2.122499999978990814e+01,0.000000000000000000e+00
2.127499999978990530e+01,0.000000000000000000e+00
2.132499999978990957e+01,0.000000000000000000e+00
2.137499999978990672e+01,0.000000000000000000e+00
2.142499999978991099e+01,0.000000000000000000e+00
2.147499999978990814e+01,0.000000000000000000e+00
2.152499999978990530e+01,0.000000000000000000e+00
2.157499999978990957e+01,0.000000000000000000e+00
2.162499999978990672e+01,0.000000000000000000e+00
2.167499999978991099e+01,1.503307276007194481e-03
2.172499999978990814e+01,0.000000000000000000e+00
2.177499999978990530e+01,0.000000000000000000e+00
2.182499999978990957e+01,1.503307276007194481e-03
2.187499999978990672e+01,0.000000000000000000e+00
2.192499999978991099e+01,0.000000000000000000e+00
2.197499999978990814e+01,0.000000000000000000e+00
2.202499999978990530e+01,0.000000000000000000e+00
2.207499999978990957e+01,0.000000000000000000e+00
2.212499999978990672e+01,0.000000000000000000e+00
2.217499999978991099e+01,0.000000000000000000e+00
2.222499999978990814e+01,0.000000000000000000e+00
2.227499999978990530e+01,0.000000000000000000e+00
2.232499999978990957e+01,0.000000000000000000e+00
2.237499999978990672e+01,0.000000000000000000e+00
2.242499999978991099e+01,0.000000000000000000e+00
2.247499999978990814e+01,0.000000000000000000e+00
2.252499999978990530e+01,0.000000000000000000e+00
2.257499999978990957e+01,0.000000000000000000e+00
2.262499999978990672e+01,0.000000000000000000e+00
2.267499999978991099e+01,0.000000000000000000e+00
2.272499999978990814e+01,0.000000000000000000e+00
2.277499999978990530e+01,0.000000000000000000e+00
2.282499999978990957e+01,0.000000000000000000e+00
2.287499999978990672e+01,0.000000000000000000e+00
2.292499999978991099e+01,0.000000000000000000e+00
2.297499999978990814e+01,0.000000000000000000e+00
2.302499999978990530e+01,0.000000000000000000e+00
2.307499999978990957e+01,1.503307276007194481e-03
2.312499999978990672e+01,0.000000000000000000e+00
2.317499999978991099e+01,0.000000000000000000e+00
2.322499999978990814e+01,0.000000000000000000e+00
2.327499999978990530e+01,0.000000000000000000e+00
2.332499999978990957e+01,0.000000000000000000e+00
2.337499999978990672e+01,0.000000000000000000e+00
2.342499999978991099e+01,0.000000000000000000e+00
2.347499999978990814e+01,3.006614552014602766e-03
2.352499999978990530e+01,0.000000000000000000e+00
2.357499999978990957e+01,0.000000000000000000e+00
2.362499999978990672e+01,0.000000000000000000e+00
2.367499999978991099e+01,0.000000000000000000e+00
2.372499999978990814e+01,0.000000000000000000e+00
2.377499999978990530e+01,0.000000000000000000e+00
2.382499999978990957e+01,0.000000000000000000e+00
2.387499999978990672e+01,0.000000000000000000e+00
2.392499999978991099e+01,0.000000000000000000e+00
2.397499999978990814e+01,0.000000000000000000e+00
2.402499999978990530e+01,0.000000000000000000e+00
2.407499999978990957e+01,0.000000000000000000e+00
2.412499999978990672e+01,0.000000000000000000e+00
2.417499999978991099e+01,0.000000000000000000e+00
2.422499999978990814e+01,0.000000000000000000e+00
2.427499999978990530e+01,1.503307276007194481e-03
2.432499999978990957e+01,0.000000000000000000e+00
2.437499999978990672e+01,0.000000000000000000e+00
2.442499999978991099e+01,0.000000000000000000e+00
2.447499999978990814e+01,0.000000000000000000e+00
2.452499999978990530e+01,0.000000000000000000e+00
2.457499999978990957e+01,0.000000000000000000e+00
2.462499999978990672e+01,0.000000000000000000e+00
2.467499999978991099e+01,0.000000000000000000e+00
2.472499999978990814e+01,1.503307276007301383e-03
2.477499999978990530e+01,0.000000000000000000e+00
2.482499999978990957e+01,0.000000000000000000e+00
2.487499999978990672e+01,0.000000000000000000e+00
2.492499999978991099e+01,0.000000000000000000e+00
2.497499999978990814e+01,0.000000000000000000e+00
2.502499999978990530e+01,0.000000000000000000e+00
2.507499999978990957e+01,0.000000000000000000e+00
2.512499999978990672e+01,0.000000000000000000e+00
2.517499999978991099e+01,0.000000000000000000e+00
2.522499999978990814e+01,0.000000000000000000e+00
2.527499999978990530e+01,0.000000000000000000e+00
2.532499999978990957e+01,0.000000000000000000e+00
2.537499999978990672e+01,0.000000000000000000e+00
2.542499999978991099e+01,0.000000000000000000e+00
2.547499999978990814e+01,0.000000000000000000e+00
2.552499999978990530e+01,0.000000000000000000e+00
2.557499999978990957e+01,0.000000000000000000e+00
2.562499999978990672e+01,0.000000000000000000e+00
2.567499999978991099e+01,0.000000000000000000e+00
2.572499999978990814e+01,1.503307276007301383e-03
2.577499999978990530e+01,0.000000000000000000e+00
2.582499999978990957e+01,0.000000000000000000e+00
2.587499999978990672e+01,0.000000000000000000e+00
2.592499999978991099e+01,0.000000000000000000e+00
2.597499999978990814e+01,0.000000000000000000e+00
2.602499999978990530e+01,0.000000000000000000e+00
2.607499999978990957e+01,0.000000000000000000e+00
2.612499999978990672e+01,0.000000000000000000e+00
2.617499999978991099e+01,0.000000000000000000e+00
2.622499999978990814e+01,0.000000000000000000e+00
2.627499999978990530e+01,0.000000000000000000e+00
2.632499999978990957e+01,0.000000000000000000e+00
2.637499999978990672e+01,1.503307276007194481e-03
2.642499999978991099e+01,0.000000000000000000e+00
2.647499999978990814e+01,0.000000000000000000e+00
2.652499999978990530e+01,0.000000000000000000e+00
2.657499999978990957e+01,0.000000000000000000e+00
2.662499999978990672e+01,0.000000000000000000e+00
2.667499999978991099e+01,0.000000000000000000e+00
2.672499999978990814e+01,1.503307276007301383e-03
2.677499999978990530e+01,0.000000000000000000e+00
2.682499999978990957e+01,0.000000000000000000e+00
2.687499999978990672e+01,0.000000000000000000e+00
2.692499999978991099e+01,0.000000000000000000e+00
2.697499999978990814e+01,0.000000000000000000e+00
2.702499999978990530e+01,0.000000000000000000e+00
2.707499999978990957e+01,0.000000000000000000e+00
2.712499999978990672e+01,0.000000000000000000e+00
2.717499999978991099e+01,0.000000000000000000e+00
2.722499999978990814e+01,0.000000000000000000e+00
2.727499999978990530e+01,0.000000000000000000e+00
2.732499999978990957e+01,0.000000000000000000e+00
2.737499999978990672e+01,0.000000000000000000e+00
2.742499999978991099e+01,0.000000000000000000e+00
2.747499999978990814e+01,0.000000000000000000e+00
2.752499999978990530e+01,0.000000000000000000e+00
2.757499999978990957e+01,0.000000000000000000e+00
2.762499999978990672e+01,0.000000000000000000e+00
2.767499999978991099e+01,0.000000000000000000e+00
2.772499999978990814e+01,0.000000000000000000e+00
2.777499999978990530e+01,0.000000000000000000e+00
2.782499999978990957e+01,0.000000000000000000e+00
2.787499999978990672e+01,0.000000000000000000e+00
2.792499999978991099e+01,0.000000000000000000e+00
2.797499999978990814e+01,1.503307276007301383e-03
2.802499999978990530e+01,0.000000000000000000e+00
2.807499999978990957e+01,0.000000000000000000e+00
2.812499999978990672e+01,1.503307276007194481e-03
2.817499999978991099e+01,0.000000000000000000e+00
2.822499999978990814e+01,0.000000000000000000e+00
2.827499999978990530e+01,0.000000000000000000e+00
2.832499999978990957e+01,0.000000000000000000e+00
2.837499999978990672e+01,0.000000000000000000e+00
2.842499999978991099e+01,1.503307276007194481e-03
2.847499999978990814e+01,1.503307276007301383e-03
2.852499999978990530e+01,0.000000000000000000e+00
2.857499999978990957e+01,0.000000000000000000e+00
2.862499999978990672e+01,0.000000000000000000e+00
2.867499999978991099e+01,0.000000000000000000e+00
2.872499999978990814e+01,1.503307276007301383e-03
2.877499999978990530e+01,0.000000000000000000e+00
2.882499999978990957e+01,0.000000000000000000e+00
2.887499999978990672e+01,0.000000000000000000e+00
2.892499999978991099e+01,0.000000000000000000e+00
2.897499999978990814e+01,0.000000000000000000e+00
2.902499999978990530e+01,0.000000000000000000e+00
2.907499999978990957e+01,0.000000000000000000e+00
2.912499999978990672e+01,0.000000000000000000e+00
2.917499999978991099e+01,0.000000000000000000e+00
2.922499999978990814e+01,0.000000000000000000e+00
2.927499999978990530e+01,0.000000000000000000e+00
2.932499999978990957e+01,0.000000000000000000e+00
2.937499999978990672e+01,0.000000000000000000e+00
2.942499999978991099e+01,0.000000000000000000e+00
2.947499999978990814e+01,0.000000000000000000e+00
2.952499999978990530e+01,0.000000000000000000e+00
2.957499999978990957e+01,1.503307276007194481e-03
2.962499999978990672e+01,0.000000000000000000e+00
2.967499999978991099e+01,0.000000000000000000e+00
2.972499999978990814e+01,0.000000000000000000e+00
2.977499999978990530e+01,0.000000000000000000e+00
2.982499999978990957e+01,0.000000000000000000e+00
2.987499999978990672e+01,0.000000000000000000e+00
2.992499999978991099e+01,0.000000000000000000e+00
2.997499999978990814e+01,0.000000000000000000e+00
3.002499999978990530e+01,0.000000000000000000e+00
3.007499999978990957e+01,0.000000000000000000e+00
3.012499999978990672e+01,0.000000000000000000e+00
3.017499999978991099e+01,1.503307276007194481e-03
3.022499999978990814e+01,0.000000000000000000e+00
3.027499999978990530e+01,0.000000000000000000e+00
3.032499999978990957e+01,0.000000000000000000e+00
3.037499999978990672e+01,0.000000000000000000e+00
3.042499999978991099e+01,0.000000000000000000e+00
3.047499999978990814e+01,0.000000000000000000e+00
3.052499999978990530e+01,0.000000000000000000e+00
3.057499999978990957e+01,0.000000000000000000e+00
3.062499999978990672e+01,0.000000000000000000e+00
3.067499999978991099e+01,0.000000000000000000e+00
3.072499999978990814e+01,0.000000000000000000e+00
3.077499999978990530e+01,0.000000000000000000e+00
3.082499999978990957e+01,1.503307276007194481e-03
3.087499999978990672e+01,0.000000000000000000e+00
3.092499999978991099e+01,0.000000000000000000e+00
3.097499999978990814e+01,0.000000000000000000e+00
3.102499999978990530e+01,0.000000000000000000e+00
3.107499999978990957e+01,0.000000000000000000e+00
3.112499999978990672e+01,0.000000000000000000e+00
3.117499999978991099e+01,0.000000000000000000e+00
3.122499999978990814e+01,0.000000000000000000e+00
3.127499999978990530e+01,0.000000000000000000e+00
3.132499999978990957e+01,0.000000000000000000e+00
3.137499999978990672e+01,0.000000000000000000e+00
3.142499999978991099e+01,0.000000000000000000e+00
3.147499999978990814e+01,0.000000000000000000e+00
3.152499999978990530e+01,0.000000000000000000e+00
3.157499999978990957e+01,0.000000000000000000e+00
3.162499999978990672e+01,0.000000000000000000e+00
3.167499999978991099e+01,0.000000000000000000e+00
3.172499999978990814e+01,0.000000000000000000e+00
3.177499999978990530e+01,0.000000000000000000e+00
3.182499999978990957e+01,0.000000000000000000e+00
3.187499999978990672e+01,0.000000000000000000e+00
3.192499999978991099e+01,0.000000000000000000e+00
3.197499999978990814e+01,0.000000000000000000e+00
3.202499999978991241e+01,0.000000000000000000e+00
3.207499999978990957e+01,0.000000000000000000e+00
3.212499999978990672e+01,0.000000000000000000e+00
3.217499999978990388e+01,0.000000000000000000e+00
3.222499999978990814e+01,0.000000000000000000e+00
3.227499999978991241e+01,0.000000000000000000e+00
3.232499999978990957e+01,0.000000000000000000e+00
3.237499999978990672e+01,0.000000000000000000e+00
3.242499999978990388e+01,0.000000000000000000e+00
3.247499999978990814e+01,0.000000000000000000e+00
3.252499999978991241e+01,0.000000000000000000e+00
3.257499999978990957e+01,0.000000000000000000e+00
3.262499999978990672e+01,0.000000000000000000e+00
3.267499999978990388e+01,0.000000000000000000e+00
3.272499999978990814e+01,0.000000000000000000e+00
3.277499999978991241e+01,0.000000000000000000e+00
3.282499999978990957e+01,0.000000000000000000e+00
3.287499999978990672e+01,0.000000000000000000e+00
3.292499999978990388e+01,0.000000000000000000e+00
3.297499999978990814e+01,0.000000000000000000e+00
3.302499999978991241e+01,0.000000000000000000e+00
3.307499999978990957e+01,0.000000000000000000e+00
3.312499999978990672e+01,0.000000000000000000e+00
3.317499999978990388e+01,0.000000000000000000e+00
3.322499999978990814e+01,0.000000000000000000e+00
3.327499999978991241e+01,0.000000000000000000e+00
3.332499999978990957e+01,0.000000000000000000e+00
3.337499999978990672e+01,0.000000000000000000e+00
3.342499999978990388e+01,0.000000000000000000e+00
3.347499999978990814e+01,0.000000000000000000e+00
3.352499999978991241e+01,0.000000000000000000e+00
3.357499999978990957e+01,0.000000000000000000e+00
3.362499999978990672e+01,0.000000000000000000e+00
3.367499999978990388e+01,0.000000000000000000e+00
3.372499999978990814e+01,0.000000000000000000e+00
3.377499999978991241e+01,0.000000000000000000e+00
3.382499999978990957e+01,0.000000000000000000e+00
3.387499999978990672e+01,0.000000000000000000e+00
3.392499999978990388e+01,0.000000000000000000e+00
3.397499999978990814e+01,0.000000000000000000e+00
3.402499999978991241e+01,0.000000000000000000e+00
3.407499999978990957e+01,0.000000000000000000e+00
3.412499999978990672e+01,0.000000000000000000e+00
3.417499999978990388e+01,0.000000000000000000e+00
3.422499999978990814e+01,0.000000000000000000e+00
3.427499999978991241e+01,0.000000000000000000e+00
3.432499999978990957e+01,0.000000000000000000e+00
3.437499999978990672e+01,0.000000000000000000e+00
3.442499999978990388e+01,0.000000000000000000e+00
3.447499999978990814e+01,0.000000000000000000e+00
3.452499999978991241e+01,0.000000000000000000e+00
3.457499999978990957e+01,0.000000000000000000e+00
3.462499999978990672e+01,0.000000000000000000e+00
3.467499999978990388e+01,0.000000000000000000e+00
3.472499999978990814e+01,0.000000000000000000e+00
3.477499999978991241e+01,0.000000000000000000e+00
3.482499999978990957e+01,0.000000000000000000e+00
3.487499999978990672e+01,0.000000000000000000e+00
3.492499999978990388e+01,0.000000000000000000e+00
3.497499999978990814e+01,0.000000000000000000e+00
3.502499999978991241e+01,0.000000000000000000e+00
3.507499999978990957e+01,0.000000000000000000e+00
3.512499999978990672e+01,0.000000000000000000e+00
3.517499999978990388e+01,0.000000000000000000e+00
3.522499999978990814e+01,0.000000000000000000e+00
3.527499999978991241e+01,0.000000000000000000e+00
3.532499999978990957e+01,0.000000000000000000e+00
3.537499999978990672e+01,0.000000000000000000e+00
3.542499999978990388e+01,0.000000000000000000e+00
3.547499999978990814e+01,0.000000000000000000e+00
3.552499999978991241e+01,0.000000000000000000e+00
3.557499999978990957e+01,0.000000000000000000e+00
3.562499999978990672e+01,0.000000000000000000e+00
3.567499999978990388e+01,0.000000000000000000e+00
3.572499999978990814e+01,0.000000000000000000e+00
3.577499999978991241e+01,0.000000000000000000e+00
3.582499999978990957e+01,0.000000000000000000e+00
3.587499999978990672e+01,0.000000000000000000e+00
3.592499999978990388e+01,0.000000000000000000e+00
3.597499999978990814e+01,0.000000000000000000e+00
3.602499999978991241e+01,0.000000000000000000e+00
3.607499999978990957e+01,0.000000000000000000e+00
3.612499999978990672e+01,0.000000000000000000e+00
3.617499999978990388e+01,0.000000000000000000e+00
3.622499999978990814e+01,0.000000000000000000e+00
3.627499999978991241e+01,0.000000000000000000e+00
3.632499999978990957e+01,0.000000000000000000e+00
3.637499999978990672e+01,0.000000000000000000e+00
3.642499999978990388e+01,0.000000000000000000e+00
3.647499999978990814e+01,0.000000000000000000e+00
3.652499999978991241e+01,0.000000000000000000e+00
3.657499999978990957e+01,0.000000000000000000e+00
3.662499999978990672e+01,0.000000000000000000e+00
3.667499999978990388e+01,0.000000000000000000e+00
3.672499999978990814e+01,0.000000000000000000e+00
3.677499999978991241e+01,0.000000000000000000e+00
3.682499999978990957e+01,0.000000000000000000e+00
3.687499999978990672e+01,0.000000000000000000e+00
3.692499999978990388e+01,0.000000000000000000e+00
3.697499999978990814e+01,0.000000000000000000e+00
3.702499999978991241e+01,0.000000000000000000e+00
3.707499999978990957e+01,0.000000000000000000e+00
3.712499999978990672e+01,0.000000000000000000e+00
3.717499999978990388e+01,0.000000000000000000e+00
3.722499999978990814e+01,0.000000000000000000e+00
3.727499999978991241e+01,0.000000000000000000e+00
3.732499999978990957e+01,0.000000000000000000e+00
3.737499999978990672e+01,0.000000000000000000e+00
3.742499999978990388e+01,1.503307276007087795e-03
3.747499999978990814e+01,0.000000000000000000e+00
3.752499999978991241e+01,0.000000000000000000e+00
3.757499999978990957e+01,0.000000000000000000e+00
3.762499999978990672e+01,0.000000000000000000e+00
3.767499999978990388e+01,0.000000000000000000e+00
3.772499999978990814e+01,0.000000000000000000e+00
3.777499999978991241e+01,0.000000000000000000e+00
3.782499999978990957e+01,0.000000000000000000e+00
3.787499999978990672e+01,0.000000000000000000e+00
3.792499999978990388e+01,0.000000000000000000e+00
3.797499999978990814e+01,0.000000000000000000e+00
3.802499999978991241e+01,0.000000000000000000e+00
3.807499999978990957e+01,0.000000000000000000e+00
3.812499999978990672e+01,0.000000000000000000e+00
3.817499999978990388e+01,0.000000000000000000e+00
3.822499999978990814e+01,0.000000000000000000e+00
3.827499999978991241e+01,0.000000000000000000e+00
3.832499999978990957e+01,0.000000000000000000e+00
3.837499999978990672e+01,0.000000000000000000e+00
3.842499999978991099e+01,0.000000000000000000e+00
3.847499999978990814e+01,0.000000000000000000e+00
3.852499999978991241e+01,0.000000000000000000e+00
3.857499999978990957e+01,0.000000000000000000e+00
3.862499999978990672e+01,0.000000000000000000e+00
3.867499999978991099e+01,0.000000000000000000e+00
3.872499999978990814e+01,0.000000000000000000e+00
3.877499999978991241e+01,0.000000000000000000e+00
3.882499999978990957e+01,0.000000000000000000e+00
3.887499999978990672e+01,0.000000000000000000e+00
3.892499999978991099e+01,0.000000000000000000e+00
3.897499999978990814e+01,0.000000000000000000e+00
3.902499999978991241e+01,0.000000000000000000e+00
3.907499999978990957e+01,0.000000000000000000e+00
3.912499999978990672e+01,1.503307276007087795e-03
3.917499999978991099e+01,0.000000000000000000e+00
3.922499999978990814e+01,0.000000000000000000e+00
3.927499999978991241e+01,0.000000000000000000e+00
3.932499999978990957e+01,0.000000000000000000e+00
3.937499999978990672e+01,0.000000000000000000e+00
3.942499999978991099e+01,0.000000000000000000e+00
3.947499999978990814e+01,0.000000000000000000e+00
3.952499999978991241e+01,0.000000000000000000e+00
3.957499999978990957e+01,0.000000000000000000e+00
3.962499999978990672e+01,0.000000000000000000e+00
3.967499999978991099e+01,0.000000000000000000e+00
3.972499999978990814e+01,0.000000000000000000e+00
3.977499999978991241e+01,0.000000000000000000e+00
3.982499999978990957e+01,0.000000000000000000e+00
3.987499999978990672e+01,0.000000000000000000e+00
3.992499999978991099e+01,0.000000000000000000e+00
3.997499999978990814e+01,0.000000000000000000e+00
4.002499999978991241e+01,0.000000000000000000e+00
4.007499999978990957e+01,0.000000000000000000e+00
4.012499999978990672e+01,0.000000000000000000e+00
4.017499999978991099e+01,0.000000000000000000e+00
4.022499999978990814e+01,0.000000000000000000e+00
4.027499999978991241e+01,0.000000000000000000e+00
4.032499999978990957e+01,0.000000000000000000e+00
4.037499999978990672e+01,0.000000000000000000e+00
4.042499999978991099e+01,0.000000000000000000e+00
4.047499999978990814e+01,0.000000000000000000e+00
4.052499999978991241e+01,0.000000000000000000e+00
4.057499999978990957e+01,0.000000000000000000e+00
4.062499999978990672e+01,0.000000000000000000e+00
4.067499999978991099e+01,0.000000000000000000e+00
4.072499999978990814e+01,0.000000000000000000e+00
4.077499999978991241e+01,0.000000000000000000e+00
4.082499999978990957e+01,0.000000000000000000e+00
4.087499999978990672e+01,0.000000000000000000e+00
4.092499999978991099e+01,0.000000000000000000e+00
4.097499999978990814e+01,0.000000000000000000e+00
4.102499999978991241e+01,0.000000000000000000e+00
4.107499999978990957e+01,0.000000000000000000e+00
4.112499999978990672e+01,0.000000000000000000e+00
4.117499999978991099e+01,0.000000000000000000e+00
4.122499999978990814e+01,0.000000000000000000e+00
4.127499999978991241e+01,1.503307276007087795e-03
4.132499999978990957e+01,0.000000000000000000e+00
4.137499999978990672e+01,0.000000000000000000e+00
4.142499999978991099e+01,0.000000000000000000e+00
4.147499999978990814e+01,0.000000000000000000e+00
4.152499999978991241e+01,0.000000000000000000e+00
4.157499999978990957e+01,0.000000000000000000e+00
4.162499999978990672e+01,0.000000000000000000e+00
4.167499999978991099e+01,0.000000000000000000e+00
4.172499999978990814e+01,0.000000000000000000e+00
4.177499999978991241e+01,0.000000000000000000e+00
4.182499999978990957e+01,0.000000000000000000e+00
4.187499999978990672e+01,0.000000000000000000e+00
4.192499999978991099e+01,0.000000000000000000e+00
4.197499999978990814e+01,0.000000000000000000e+00
4.202499999978991241e+01,0.000000000000000000e+00
4.207499999978990957e+01,0.000000000000000000e+00
4.212499999978990672e+01,0.000000000000000000e+00
4.217499999978991099e+01,0.000000000000000000e+00
4.222499999978990814e+01,0.000000000000000000e+00
4.227499999978991241e+01,0.000000000000000000e+00
4.232499999978990957e+01,0.000000000000000000e+00
4.237499999978990672e+01,0.000000000000000000e+00
4.242499999978991099e+01,0.000000000000000000e+00
4.247499999978990814e+01,0.000000000000000000e+00
4.252499999978991241e+01,0.000000000000000000e+00
4.257499999978990957e+01,0.000000000000000000e+00
4.262499999978990672e+01,0.000000000000000000e+00
4.267499999978991099e+01,0.000000000000000000e+00
4.272499999978990814e+01,0.000000000000000000e+00
4.277499999978991241e+01,0.000000000000000000e+00
4.282499999978990957e+01,0.000000000000000000e+00
4.287499999978990672e+01,0.000000000000000000e+00
4.292499999978991099e+01,0.000000000000000000e+00
4.297499999978990814e+01,0.000000000000000000e+00
4.302499999978991241e+01,0.000000000000000000e+00
4.307499999978990957e+01,0.000000000000000000e+00
4.312499999978990672e+01,0.000000000000000000e+00
4.317499999978991099e+01,0.000000000000000000e+00
4.322499999978990814e+01,0.000000000000000000e+00
4.327499999978991241e+01,0.000000000000000000e+00
4.332499999978990957e+01,0.000000000000000000e+00
4.337499999978990672e+01,0.000000000000000000e+00
4.342499999978991099e+01,0.000000000000000000e+00
4.347499999978990814e+01,0.000000000000000000e+00
4.352499999978991241e+01,0.000000000000000000e+00
4.357499999978990957e+01,0.000000000000000000e+00
4.362499999978990672e+01,0.000000000000000000e+00
4.367499999978991099e+01,0.000000000000000000e+00
4.372499999978990814e+01,0.000000000000000000e+00
4.377499999978991241e+01,0.000000000000000000e+00
4.382499999978990957e+01,0.000000000000000000e+00
4.387499999978990672e+01,0.000000000000000000e+00
4.392499999978991099e+01,0.000000000000000000e+00
4.397499999978990814e+01,0.000000000000000000e+00
4.402499999978991241e+01,0.000000000000000000e+00
4.407499999978990957e+01,0.000000000000000000e+00
4.412499999978990672e+01,0.000000000000000000e+00
4.417499999978991099e+01,0.000000000000000000e+00
4.422499999978990814e+01,0.000000000000000000e+00
4.427499999978991241e+01,0.000000000000000000e+00
4.432499999978990957e+01,0.000000000000000000e+00
4.437499999978990672e+01,0.000000000000000000e+00
4.442499999978991099e+01,0.000000000000000000e+00
4.447499999978990814e+01,0.000000000000000000e+00
4.452499999978991241e+01,0.000000000000000000e+00
4.457499999978990957e+01,0.000000000000000000e+00
4.462499999978990672e+01,0.000000000000000000e+00
4.467499999978991099e+01,0.000000000000000000e+00
4.472499999978990814e+01,0.000000000000000000e+00
4.477499999978991241e+01,0.000000000000000000e+00
4.482499999978990957e+01,0.000000000000000000e+00
4.487499999978990672e+01,0.000000000000000000e+00
4.492499999978991099e+01,0.000000000000000000e+00
4.497499999978990814e+01,0.000000000000000000e+00
4.502499999978991241e+01,0.000000000000000000e+00
4.507499999978990957e+01,0.000000000000000000e+00
4.512499999978990672e+01,0.000000000000000000e+00
4.517499999978991099e+01,0.000000000000000000e+00
4.522499999978990814e+01,0.000000000000000000e+00
4.527499999978991241e+01,0.000000000000000000e+00
4.532499999978990957e+01,0.000000000000000000e+00
4.537499999978990672e+01,0.000000000000000000e+00
4.542499999978991099e+01,0.000000000000000000e+00
4.547499999978990814e+01,0.000000000000000000e+00
4.552499999978991241e+01,0.000000000000000000e+00
4.557499999978990957e+01,0.000000000000000000e+00
4.562499999978990672e+01,0.000000000000000000e+00
4.567499999978991099e+01,0.000000000000000000e+00
4.572499999978990814e+01,0.000000000000000000e+00
4.577499999978991241e+01,0.000000000000000000e+00
4.582499999978990957e+01,0.000000000000000000e+00
4.587499999978990672e+01,0.000000000000000000e+00
4.592499999978991099e+01,0.000000000000000000e+00
4.597499999978990814e+01,0.000000000000000000e+00
4.602499999978991241e+01,0.000000000000000000e+00
4.607499999978990957e+01,0.000000000000000000e+00
4.612499999978990672e+01,0.000000000000000000e+00
4.617499999978991099e+01,0.000000000000000000e+00
4.622499999978990814e+01,0.000000000000000000e+00
4.627499999978991241e+01,0.000000000000000000e+00
4.632499999978990957e+01,0.000000000000000000e+00
4.637499999978990672e+01,0.000000000000000000e+00
4.642499999978991099e+01,0.000000000000000000e+00
4.647499999978990814e+01,0.000000000000000000e+00
4.652499999978991241e+01,0.000000000000000000e+00
4.657499999978990957e+01,0.000000000000000000e+00
4.662499999978990672e+01,0.000000000000000000e+00
4.667499999978991099e+01,0.000000000000000000e+00
4.672499999978990814e+01,0.000000000000000000e+00
4.677499999978991241e+01,0.000000000000000000e+00
4.682499999978990957e+01,0.000000000000000000e+00
4.687499999978990672e+01,0.000000000000000000e+00
4.692499999978991099e+01,0.000000000000000000e+00
4.697499999978990814e+01,0.000000000000000000e+00
4.702499999978991241e+01,0.000000000000000000e+00
4.707499999978990957e+01,0.000000000000000000e+00
4.712499999978990672e+01,0.000000000000000000e+00
4.717499999978991099e+01,0.000000000000000000e+00
4.722499999978990814e+01,0.000000000000000000e+00
4.727499999978991241e+01,0.000000000000000000e+00
4.732499999978990957e+01,0.000000000000000000e+00
4.737499999978990672e+01,0.000000000000000000e+00
4.742499999978991099e+01,0.000000000000000000e+00
4.747499999978990814e+01,0.000000000000000000e+00
4.752499999978991241e+01,0.000000000000000000e+00
4.757499999978990957e+01,0.000000000000000000e+00
4.762499999978990672e+01,0.000000000000000000e+00
4.767499999978991099e+01,0.000000000000000000e+00
4.772499999978990814e+01,0.000000000000000000e+00
4.777499999978991241e+01,0.000000000000000000e+00
4.782499999978990957e+01,0.000000000000000000e+00
4.787499999978990672e+01,0.000000000000000000e+00
4.792499999978991099e+01,0.000000000000000000e+00
4.797499999978990814e+01,0.000000000000000000e+00
4.802499999978991241e+01,0.000000000000000000e+00
4.807499999978990957e+01,0.000000000000000000e+00
4.812499999978990672e+01,0.000000000000000000e+00
4.817499999978991099e+01,0.000000000000000000e+00
4.822499999978990814e+01,0.000000000000000000e+00
4.827499999978991241e+01,0.000000000000000000e+00
4.832499999978990957e+01,0.000000000000000000e+00
4.837499999978990672e+01,0.000000000000000000e+00
4.842499999978991099e+01,0.000000000000000000e+00
4.847499999978990814e+01,0.000000000000000000e+00
4.852499999978991241e+01,0.000000000000000000e+00
4.857499999978990957e+01,0.000000000000000000e+00
4.862499999978990672e+01,0.000000000000000000e+00
4.867499999978991099e+01,1.503307276007301383e-03
