x_center,hist_y
5.946117389330538711e-02,6.855184233076264122e-02
1.094611738933053968e-01,2.227934875749785770e-01
1.594611738933053857e-01,2.999143101970864755e-01
2.094611738933054024e-01,4.798628963153385718e-01
2.594611738933053635e-01,4.627249357326478907e-01
3.094611738933054079e-01,4.627249357326474466e-01
3.594611738933054523e-01,5.826906598114824920e-01
4.094611738933053857e-01,5.055698371893745380e-01
4.594611738933054301e-01,6.341045415595545354e-01
5.094611738933053635e-01,6.255355612682091948e-01
5.594611738933054079e-01,6.855184233076258016e-01
6.094611738933054523e-01,8.054841473864603474e-01
6.594611738933053857e-01,7.626392459297353099e-01
7.094611738933054301e-01,6.512425021422444393e-01
7.594611738933054745e-01,7.883461868037714426e-01
8.094611738933054079e-01,7.283633247643523934e-01
8.594611738933054523e-01,6.940874035989711421e-01
9.094611738933053857e-01,7.112253641816633776e-01
9.594611738933054301e-01,8.311910882604962580e-01
1.009461173893305475e+00,8.140531276778074643e-01
1.059461173893305297e+00,6.255355612682085287e-01
1.109461173893305563e+00,6.255355612682085287e-01
1.159461173893305386e+00,5.912596401028272775e-01
1.209461173893305652e+00,4.455869751499567655e-01
1.259461173893305475e+00,6.341045415595566448e-01
1.309461173893305297e+00,4.712939160239927316e-01
1.359461173893305563e+00,3.256212510711222197e-01
1.409461173893305386e+00,4.198800342759207993e-01
1.459461173893305652e+00,3.941730934018848331e-01
1.509461173893305475e+00,3.256212510711237185e-01
1.559461173893305297e+00,3.170522707797769346e-01
1.609461173893305563e+00,3.170522707797769346e-01
1.659461173893305386e+00,2.827763496143956279e-01
1.709461173893305652e+00,2.570694087403596617e-01
1.759461173893305475e+00,2.656383890317061680e-01
1.809461173893305297e+00,2.142245072836330422e-01
1.859461173893305563e+00,1.799485861182517632e-01
1.909461173893305386e+00,1.885175664095970760e-01
1.959461173893305652e+00,1.285347043701798309e-01
2.009461173893305475e+00,1.113967437874896771e-01
2.059461173893305741e+00,1.285347043701792757e-01
2.109461173893305563e+00,8.568980291345359990e-02
2.159461173893305386e+00,7.712082262210824546e-02
2.209461173893305208e+00,1.113967437874887056e-01
2.259461173893305475e+00,5.141388174807216133e-02
2.309461173893305741e+00,7.712082262210755157e-02
2.359461173893305563e+00,5.141388174807216133e-02
2.409461173893305386e+00,8.568980291345285050e-02
2.459461173893305652e+00,6.855184233076287714e-02
2.509461173893305475e+00,0.000000000000000000e+00
2.559461173893305741e+00,2.570694087403585168e-02
2.609461173893305563e+00,2.570694087403608066e-02
2.659461173893305386e+00,1.713796058269057010e-02
2.709461173893305652e+00,2.570694087403608066e-02
2.759461173893305475e+00,3.427592116538143857e-02
2.809461173893305741e+00,2.570694087403585168e-02
2.859461173893305563e+00,2.570694087403608066e-02
2.909461173893305386e+00,2.570694087403585168e-02
2.959461173893305652e+00,8.568980291345359643e-03
3.009461173893305475e+00,0.000000000000000000e+00
3.059461173893305741e+00,1.713796058269057010e-02
3.109461173893305563e+00,8.568980291345359643e-03
3.159461173893305386e+00,8.568980291345285050e-03
3.209461173893305652e+00,0.000000000000000000e+00
3.259461173893305475e+00,1.713796058269071929e-02
3.309461173893305741e+00,8.568980291345285050e-03
3.359461173893305563e+00,0.000000000000000000e+00
3.409461173893305386e+00,8.568980291345285050e-03
3.459461173893305652e+00,0.000000000000000000e+00
3.509461173893305475e+00,0.000000000000000000e+00
3.559461173893305741e+00,0.000000000000000000e+00
3.609461173893305563e+00,0.000000000000000000e+00
3.659461173893305386e+00,0.000000000000000000e+00
3.709461173893305652e+00,0.000000000000000000e+00
3.759461173893305475e+00,0.000000000000000000e+00
3.809461173893305741e+00,0.000000000000000000e+00
3.859461173893305563e+00,8.568980291345359643e-03
3.909461173893305386e+00,1.713796058269057010e-02
3.959461173893305652e+00,8.568980291345359643e-03
4.009461173893305030e+00,0.000000000000000000e+00
4.059461173893305741e+00,0.000000000000000000e+00
4.109461173893305563e+00,0.000000000000000000e+00
4.159461173893305386e+00,8.568980291345359643e-03
