x_center,hist_y
2.499996692895365552e-02,9.640363390644943742e-01
7.499996692895366524e-02,6.261731361213304092e-01
1.249999669289536680e-01,6.261731361213301872e-01
1.749999669289536708e-01,1.097680006006457321e+00
2.249999669289536597e-01,6.922441624746603628e-01
2.749999669289536763e-01,6.216682934154210693e-01
3.249999669289537207e-01,8.529168856520761288e-01
3.749999669289536541e-01,5.916360087093627262e-01
4.249999669289536985e-01,7.463022749455666682e-01
4.749999669289536319e-01,7.703281027104138534e-01
5.249999669289536763e-01,4.655004129439143101e-01
5.749999669289537207e-01,5.480891958855764745e-01
6.249999669289536541e-01,6.937457767099641792e-01
6.749999669289536985e-01,5.360762820031529374e-01
7.249999669289537430e-01,3.829116300022529229e-01
7.749999669289536763e-01,5.540956528267882986e-01
8.249999669289537207e-01,5.000375403558821041e-01
8.749999669289536541e-01,4.069374577671001636e-01
9.249999669289536985e-01,4.549891132967936458e-01
9.749999669289537430e-01,4.129439147083119876e-01
1.024999966928953565e+00,3.573841880021019213e-01
1.074999966928953832e+00,3.889180869434638588e-01
1.124999966928953654e+00,3.603874164727078333e-01
1.174999966928953921e+00,2.793002477663485972e-01
1.224999966928953743e+00,3.318567460019532511e-01
1.274999966928953565e+00,3.318567460019518078e-01
1.324999966928953832e+00,3.243486748254370555e-01
1.374999966928953654e+00,2.327502064719571551e-01
1.424999966928953921e+00,2.462647345896837037e-01
1.474999966928953743e+00,2.462647345896847861e-01
1.524999966928953565e+00,2.717921765898338449e-01
1.574999966928953832e+00,2.237405210601394467e-01
1.624999966928953654e+00,1.666791801186273958e-01
1.674999966928953921e+00,2.267437495307453588e-01
1.724999966928953743e+00,1.726856370598399415e-01
1.774999966928953565e+00,1.982130790599893055e-01
1.824999966928953832e+00,1.501614235302949352e-01
1.874999966928953654e+00,1.621743374127185278e-01
1.924999966928953921e+00,1.621743374127185278e-01
1.974999966928953743e+00,1.246339815301453491e-01
2.024999966928954009e+00,1.366468954125677759e-01
2.074999966928953832e+00,1.216307530595394371e-01
2.124999966928953654e+00,1.306404384713571731e-01
2.174999966928953476e+00,1.036113822359030490e-01
2.224999966928953743e+00,1.126210676477216871e-01
2.274999966928954009e+00,1.006081537652971647e-01
2.324999966928953832e+00,6.907425482393597660e-02
2.374999966928953654e+00,8.108716870635890306e-02
2.424999966928953921e+00,1.006081537652980529e-01
2.474999966928953743e+00,7.808394023575371268e-02
2.524999966928954009e+00,7.508071176514713452e-02
2.574999966928953832e+00,8.559201141226849274e-02
2.624999966928953654e+00,6.006456941211771317e-02
2.674999966928953921e+00,7.357909752984484464e-02
2.724999966928953743e+00,6.456941211802710856e-02
2.774999966928954009e+00,4.204519858848239366e-02
2.824999966928953832e+00,4.655004129439163640e-02
2.874999966928953654e+00,6.306779788272359744e-02
2.924999966928953921e+00,6.006456941211824052e-02
2.974999966928953743e+00,4.805165552969459242e-02
3.024999966928954009e+00,4.955326976499710434e-02
3.074999966928953832e+00,3.904197011787685634e-02
3.124999966928953654e+00,2.252421352954413897e-02
3.174999966928953921e+00,3.904197011787685634e-02
3.224999966928953743e+00,4.204519858848277530e-02
3.274999966928954009e+00,3.303551317666474085e-02
3.324999966928953832e+00,3.153389894136207627e-02
3.374999966928953654e+00,3.153389894136179872e-02
3.424999966928953921e+00,4.054358435317981235e-02
3.474999966928953743e+00,2.853067047075616425e-02
3.524999966928954009e+00,1.501614235302942829e-02
3.574999966928953832e+00,3.303551317666503229e-02
3.624999966928953654e+00,1.952098505893825470e-02
3.674999966928953921e+00,1.651775658833251614e-02
3.724999966928953743e+00,2.702905623545321170e-02
3.774999966928954009e+00,1.651775658833237043e-02
3.824999966928953832e+00,1.801937082363547216e-02
3.874999966928953654e+00,1.651775658833237043e-02
3.924999966928953921e+00,2.252421352954434020e-02
3.974999966928953743e+00,9.009685411817736078e-03
4.024999966928954009e+00,1.351452811772660585e-02
4.074999966928953832e+00,1.201291388242343473e-02
4.124999966928953654e+00,1.201291388242364810e-02
4.174999966928954365e+00,7.508071176514780065e-03
4.224999966928953299e+00,1.201291388242364810e-02
4.274999966928954009e+00,1.501614235302956013e-02
4.324999966928953832e+00,3.003228470605858683e-03
4.374999966928953654e+00,1.351452811772660585e-02
4.424999966928954365e+00,7.508071176514780065e-03
4.474999966928953299e+00,3.003228470605912026e-03
4.524999966928954009e+00,6.006456941211824052e-03
4.574999966928953832e+00,6.006456941211717367e-03
4.624999966928953654e+00,7.508071176514780065e-03
4.674999966928954365e+00,3.003228470605912026e-03
4.724999966928953299e+00,7.508071176514780065e-03
4.774999966928954009e+00,6.006456941211717367e-03
4.824999966928954720e+00,9.009685411817736078e-03
4.874999966928953654e+00,4.504842705908868039e-03
4.924999966928954365e+00,3.003228470605912026e-03
4.974999966928953299e+00,3.003228470605912026e-03
5.024999966928954009e+00,4.504842705908788242e-03
5.074999966928954720e+00,6.006456941211824052e-03
5.124999966928953654e+00,1.501614235302956013e-03
5.174999966928954365e+00,1.501614235302956013e-03
5.224999966928953299e+00,1.501614235302956013e-03
5.274999966928954009e+00,3.003228470605858683e-03
5.324999966928954720e+00,1.501614235302956013e-03
5.374999966928953654e+00,6.006456941211824052e-03
5.424999966928954365e+00,3.003228470605912026e-03
5.474999966928953299e+00,7.508071176514780065e-03
5.524999966928954009e+00,0.000000000000000000e+00
5.574999966928954720e+00,1.501614235302956013e-03
5.624999966928953654e+00,1.501614235302956013e-03
5.674999966928954365e+00,3.003228470605912026e-03
5.724999966928953299e+00,4.504842705908868039e-03
5.774999966928954009e+00,1.501614235302929342e-03
5.824999966928954720e+00,0.000000000000000000e+00
5.874999966928953654e+00,0.000000000000000000e+00
5.924999966928954365e+00,3.003228470605912026e-03
5.974999966928953299e+00,6.006456941211824052e-03
6.024999966928954009e+00,0.000000000000000000e+00
6.074999966928954720e+00,3.003228470605912026e-03
6.124999966928953654e+00,1.501614235302956013e-03
6.174999966928954365e+00,0.000000000000000000e+00
6.224999966928953299e+00,1.501614235302956013e-03
6.274999966928954009e+00,0.000000000000000000e+00
6.324999966928954720e+00,4.504842705908868039e-03
6.374999966928953654e+00,4.504842705908868039e-03
6.424999966928954365e+00,0.000000000000000000e+00
6.474999966928953299e+00,1.501614235302956013e-03
6.524999966928954009e+00,0.000000000000000000e+00
6.574999966928954720e+00,3.003228470605912026e-03
6.624999966928953654e+00,3.003228470605912026e-03
6.674999966928954365e+00,0.000000000000000000e+00
6.724999966928953299e+00,0.000000000000000000e+00
6.774999966928954009e+00,3.003228470605858683e-03
6.824999966928954720e+00,3.003228470605912026e-03
6.874999966928953654e+00,4.504842705908868039e-03
6.924999966928954365e+00,1.501614235302956013e-03
6.974999966928953299e+00,1.501614235302956013e-03
7.024999966928954009e+00,3.003228470605858683e-03
7.074999966928954720e+00,0.000000000000000000e+00
7.124999966928953654e+00,1.501614235302956013e-03
7.174999966928954365e+00,1.501614235302956013e-03
7.224999966928953299e+00,0.000000000000000000e+00
7.274999966928954009e+00,0.000000000000000000e+00
7.324999966928954720e+00,1.501614235302956013e-03
7.374999966928953654e+00,1.501614235302956013e-03
7.424999966928954365e+00,0.000000000000000000e+00
7.474999966928953299e+00,1.501614235302956013e-03
7.524999966928954009e+00,0.000000000000000000e+00
7.574999966928954720e+00,0.000000000000000000e+00
7.624999966928953654e+00,0.000000000000000000e+00
7.674999966928954365e+00,0.000000000000000000e+00
7.724999966928953299e+00,0.000000000000000000e+00
7.774999966928954009e+00,0.000000000000000000e+00
7.824999966928954720e+00,0.000000000000000000e+00
7.874999966928953654e+00,0.000000000000000000e+00
7.924999966928954365e+00,1.501614235302956013e-03
7.974999966928953299e+00,0.000000000000000000e+00
8.024999966928954009e+00,0.000000000000000000e+00
8.074999966928952944e+00,1.501614235302982684e-03
8.124999966928953654e+00,1.501614235302929342e-03
8.174999966928954365e+00,0.000000000000000000e+00
8.224999966928955075e+00,1.501614235302982684e-03
8.274999966928954009e+00,0.000000000000000000e+00
8.324999966928952944e+00,1.501614235302982684e-03
8.374999966928953654e+00,0.000000000000000000e+00
8.424999966928954365e+00,0.000000000000000000e+00
8.474999966928955075e+00,0.000000000000000000e+00
8.524999966928954009e+00,0.000000000000000000e+00
8.574999966928952944e+00,0.000000000000000000e+00
8.624999966928953654e+00,1.501614235302929342e-03
8.674999966928954365e+00,0.000000000000000000e+00
8.724999966928955075e+00,0.000000000000000000e+00
8.774999966928954009e+00,0.000000000000000000e+00
8.824999966928952944e+00,0.000000000000000000e+00
8.874999966928953654e+00,0.000000000000000000e+00
8.924999966928954365e+00,0.000000000000000000e+00
8.974999966928955075e+00,0.000000000000000000e+00
9.024999966928954009e+00,0.000000000000000000e+00
9.074999966928952944e+00,1.501614235302982684e-03
9.124999966928953654e+00,1.501614235302929342e-03
9.174999966928954365e+00,0.000000000000000000e+00
9.224999966928955075e+00,0.000000000000000000e+00
9.274999966928954009e+00,0.000000000000000000e+00
9.324999966928952944e+00,1.501614235302982684e-03
9.374999966928953654e+00,0.000000000000000000e+00
9.424999966928954365e+00,0.000000000000000000e+00
9.474999966928955075e+00,0.000000000000000000e+00
9.524999966928954009e+00,0.000000000000000000e+00
9.574999966928954720e+00,3.003228470605858683e-03
9.624999966928953654e+00,0.000000000000000000e+00
9.674999966928954365e+00,0.000000000000000000e+00
9.724999966928955075e+00,0.000000000000000000e+00
9.774999966928954009e+00,0.000000000000000000e+00
9.824999966928954720e+00,0.000000000000000000e+00
9.874999966928953654e+00,0.000000000000000000e+00
9.924999966928954365e+00,0.000000000000000000e+00
9.974999966928955075e+00,0.000000000000000000e+00
1.002499996692895401e+01,0.000000000000000000e+00
1.007499996692895472e+01,1.501614235302929342e-03
1.012499996692895365e+01,0.000000000000000000e+00
1.017499996692895436e+01,0.000000000000000000e+00
1.022499996692895508e+01,0.000000000000000000e+00
1.027499996692895401e+01,0.000000000000000000e+00
1.032499996692895472e+01,3.003228470605858683e-03
1.037499996692895365e+01,0.000000000000000000e+00
1.042499996692895436e+01,1.501614235302929342e-03
1.047499996692895508e+01,0.000000000000000000e+00
1.052499996692895401e+01,0.000000000000000000e+00
1.057499996692895472e+01,0.000000000000000000e+00
1.062499996692895365e+01,1.501614235302982684e-03
1.067499996692895436e+01,0.000000000000000000e+00
1.072499996692895508e+01,0.000000000000000000e+00
1.077499996692895401e+01,0.000000000000000000e+00
1.082499996692895472e+01,0.000000000000000000e+00
1.087499996692895365e+01,0.000000000000000000e+00
1.092499996692895436e+01,0.000000000000000000e+00
1.097499996692895508e+01,0.000000000000000000e+00
1.102499996692895401e+01,0.000000000000000000e+00
1.107499996692895472e+01,0.000000000000000000e+00
1.112499996692895365e+01,0.000000000000000000e+00
1.117499996692895436e+01,0.000000000000000000e+00
1.122499996692895508e+01,0.000000000000000000e+00
1.127499996692895401e+01,0.000000000000000000e+00
1.132499996692895472e+01,0.000000000000000000e+00
1.137499996692895365e+01,0.000000000000000000e+00
1.142499996692895436e+01,0.000000000000000000e+00
1.147499996692895508e+01,0.000000000000000000e+00
1.152499996692895401e+01,0.000000000000000000e+00
1.157499996692895472e+01,0.000000000000000000e+00
1.162499996692895365e+01,0.000000000000000000e+00
1.167499996692895436e+01,0.000000000000000000e+00
1.172499996692895508e+01,0.000000000000000000e+00
1.177499996692895401e+01,0.000000000000000000e+00
1.182499996692895472e+01,0.000000000000000000e+00
1.187499996692895365e+01,0.000000000000000000e+00
1.192499996692895436e+01,0.000000000000000000e+00
1.197499996692895508e+01,0.000000000000000000e+00
1.202499996692895401e+01,0.000000000000000000e+00
1.207499996692895472e+01,0.000000000000000000e+00
1.212499996692895365e+01,0.000000000000000000e+00
1.217499996692895436e+01,0.000000000000000000e+00
1.222499996692895508e+01,0.000000000000000000e+00
1.227499996692895401e+01,0.000000000000000000e+00
1.232499996692895472e+01,0.000000000000000000e+00
1.237499996692895365e+01,0.000000000000000000e+00
1.242499996692895436e+01,0.000000000000000000e+00
1.247499996692895508e+01,0.000000000000000000e+00
1.252499996692895401e+01,0.000000000000000000e+00
1.257499996692895472e+01,0.000000000000000000e+00
1.262499996692895365e+01,0.000000000000000000e+00
1.267499996692895436e+01,0.000000000000000000e+00
1.272499996692895508e+01,1.501614235302982684e-03
1.277499996692895401e+01,0.000000000000000000e+00
1.282499996692895472e+01,0.000000000000000000e+00
1.287499996692895365e+01,0.000000000000000000e+00
1.292499996692895436e+01,1.501614235302929342e-03
1.297499996692895508e+01,0.000000000000000000e+00
1.302499996692895401e+01,0.000000000000000000e+00
1.307499996692895472e+01,0.000000000000000000e+00
1.312499996692895365e+01,0.000000000000000000e+00
1.317499996692895436e+01,0.000000000000000000e+00
1.322499996692895508e+01,0.000000000000000000e+00
1.327499996692895401e+01,0.000000000000000000e+00
1.332499996692895472e+01,0.000000000000000000e+00
1.337499996692895365e+01,0.000000000000000000e+00
1.342499996692895436e+01,0.000000000000000000e+00
1.347499996692895508e+01,0.000000000000000000e+00
1.352499996692895401e+01,0.000000000000000000e+00
1.357499996692895472e+01,0.000000000000000000e+00
1.362499996692895365e+01,0.000000000000000000e+00
1.367499996692895436e+01,0.000000000000000000e+00
1.372499996692895508e+01,0.000000000000000000e+00
1.377499996692895401e+01,0.000000000000000000e+00
1.382499996692895472e+01,0.000000000000000000e+00
1.387499996692895365e+01,0.000000000000000000e+00
1.392499996692895436e+01,0.000000000000000000e+00
1.397499996692895508e+01,0.000000000000000000e+00
1.402499996692895401e+01,0.000000000000000000e+00
1.407499996692895472e+01,0.000000000000000000e+00
1.412499996692895365e+01,0.000000000000000000e+00
1.417499996692895436e+01,0.000000000000000000e+00
1.422499996692895508e+01,0.000000000000000000e+00
1.427499996692895401e+01,0.000000000000000000e+00
1.432499996692895472e+01,0.000000000000000000e+00
1.437499996692895365e+01,0.000000000000000000e+00
1.442499996692895436e+01,0.000000000000000000e+00
1.447499996692895508e+01,0.000000000000000000e+00
1.452499996692895401e+01,0.000000000000000000e+00
1.457499996692895472e+01,0.000000000000000000e+00
1.462499996692895365e+01,0.000000000000000000e+00
1.467499996692895436e+01,0.000000000000000000e+00
1.472499996692895508e+01,1.501614235302982684e-03
1.477499996692895401e+01,0.000000000000000000e+00
1.482499996692895472e+01,0.000000000000000000e+00
1.487499996692895365e+01,0.000000000000000000e+00
1.492499996692895436e+01,0.000000000000000000e+00
1.497499996692895508e+01,0.000000000000000000e+00
1.502499996692895401e+01,0.000000000000000000e+00
1.507499996692895472e+01,0.000000000000000000e+00
1.512499996692895365e+01,0.000000000000000000e+00
1.517499996692895436e+01,0.000000000000000000e+00
1.522499996692895508e+01,0.000000000000000000e+00
1.527499996692895401e+01,0.000000000000000000e+00
1.532499996692895472e+01,0.000000000000000000e+00
1.537499996692895365e+01,0.000000000000000000e+00
1.542499996692895436e+01,0.000000000000000000e+00
1.547499996692895508e+01,0.000000000000000000e+00
1.552499996692895401e+01,0.000000000000000000e+00
1.557499996692895472e+01,0.000000000000000000e+00
1.562499996692895365e+01,0.000000000000000000e+00
1.567499996692895436e+01,0.000000000000000000e+00
1.572499996692895508e+01,0.000000000000000000e+00
1.577499996692895401e+01,1.501614235302929342e-03
1.582499996692895472e+01,0.000000000000000000e+00
1.587499996692895365e+01,0.000000000000000000e+00
1.592499996692895436e+01,1.501614235302929342e-03
1.597499996692895508e+01,0.000000000000000000e+00
1.602499996692895223e+01,0.000000000000000000e+00
1.607499996692895650e+01,0.000000000000000000e+00
1.612499996692895365e+01,0.000000000000000000e+00
1.617499996692895436e+01,0.000000000000000000e+00
1.622499996692895508e+01,0.000000000000000000e+00
1.627499996692895223e+01,0.000000000000000000e+00
1.632499996692895650e+01,0.000000000000000000e+00
1.637499996692895365e+01,0.000000000000000000e+00
1.642499996692895436e+01,0.000000000000000000e+00
1.647499996692895508e+01,0.000000000000000000e+00
1.652499996692895223e+01,0.000000000000000000e+00
1.657499996692895650e+01,0.000000000000000000e+00
1.662499996692895365e+01,0.000000000000000000e+00
1.667499996692895436e+01,0.000000000000000000e+00
1.672499996692895508e+01,0.000000000000000000e+00
1.677499996692895223e+01,0.000000000000000000e+00
1.682499996692895650e+01,0.000000000000000000e+00
1.687499996692895365e+01,0.000000000000000000e+00
1.692499996692895436e+01,0.000000000000000000e+00
1.697499996692895508e+01,0.000000000000000000e+00
1.702499996692895223e+01,0.000000000000000000e+00
1.707499996692895650e+01,0.000000000000000000e+00
1.712499996692895365e+01,0.000000000000000000e+00
1.717499996692895436e+01,0.000000000000000000e+00
1.722499996692895508e+01,0.000000000000000000e+00
1.727499996692895223e+01,0.000000000000000000e+00
1.732499996692895650e+01,0.000000000000000000e+00
1.737499996692895365e+01,1.501614235302929342e-03
1.742499996692895436e+01,0.000000000000000000e+00
1.747499996692895508e+01,0.000000000000000000e+00
1.752499996692895223e+01,0.000000000000000000e+00
1.757499996692895650e+01,0.000000000000000000e+00
1.762499996692895365e+01,0.000000000000000000e+00
1.767499996692895436e+01,0.000000000000000000e+00
1.772499996692895508e+01,0.000000000000000000e+00
1.777499996692895223e+01,0.000000000000000000e+00
1.782499996692895650e+01,0.000000000000000000e+00
1.787499996692895365e+01,0.000000000000000000e+00
1.792499996692895436e+01,0.000000000000000000e+00
1.797499996692895508e+01,0.000000000000000000e+00
1.802499996692895223e+01,0.000000000000000000e+00
1.807499996692895650e+01,0.000000000000000000e+00
1.812499996692895365e+01,0.000000000000000000e+00
1.817499996692895436e+01,0.000000000000000000e+00
1.822499996692895508e+01,0.000000000000000000e+00
1.827499996692895223e+01,0.000000000000000000e+00
1.832499996692895650e+01,0.000000000000000000e+00
1.837499996692895365e+01,0.000000000000000000e+00
1.842499996692895436e+01,0.000000000000000000e+00
1.847499996692895508e+01,0.000000000000000000e+00
1.852499996692895223e+01,0.000000000000000000e+00
1.857499996692895650e+01,0.000000000000000000e+00
1.862499996692895365e+01,0.000000000000000000e+00
1.867499996692895436e+01,0.000000000000000000e+00
1.872499996692895508e+01,0.000000000000000000e+00
1.877499996692895223e+01,0.000000000000000000e+00
1.882499996692895650e+01,0.000000000000000000e+00
1.887499996692895365e+01,0.000000000000000000e+00
1.892499996692895436e+01,0.000000000000000000e+00
1.897499996692895508e+01,0.000000000000000000e+00
1.902499996692895223e+01,0.000000000000000000e+00
1.907499996692895650e+01,0.000000000000000000e+00
1.912499996692895365e+01,0.000000000000000000e+00
1.917499996692895792e+01,0.000000000000000000e+00
1.922499996692895508e+01,0.000000000000000000e+00
1.927499996692895223e+01,0.000000000000000000e+00
1.932499996692895650e+01,0.000000000000000000e+00
1.937499996692895365e+01,0.000000000000000000e+00
1.942499996692895792e+01,0.000000000000000000e+00
1.947499996692895508e+01,0.000000000000000000e+00
1.952499996692895223e+01,0.000000000000000000e+00
1.957499996692895650e+01,0.000000000000000000e+00
1.962499996692895365e+01,0.000000000000000000e+00
1.967499996692895792e+01,0.000000000000000000e+00
1.972499996692895508e+01,0.000000000000000000e+00
1.977499996692895223e+01,0.000000000000000000e+00
1.982499996692895650e+01,0.000000000000000000e+00
1.987499996692895365e+01,1.501614235302929342e-03
