x_center,hist_y
-1.462530502186382420e-01,9.285051067780871956e-03
-9.625305021863822530e-02,0.000000000000000000e+00
-4.625305021863822252e-02,0.000000000000000000e+00
3.746949781361780252e-03,6.889507892293408986e+00
5.374694978136176915e-02,3.899721448467967644e-01
1.037469497813617858e-01,3.714020427112346145e-01
1.537469497813618025e-01,4.271123491179202314e-01
2.037469497813617914e-01,3.435468895078923612e-01
2.537469497813618080e-01,3.435468895078923612e-01
3.037469497813617414e-01,3.899721448467967644e-01
3.537469497813617858e-01,3.342618384401110920e-01
4.037469497813618302e-01,3.806870937790154952e-01
4.537469497813618191e-01,2.135561745589603655e-01
5.037469497813618080e-01,2.321262766945215994e-01
5.537469497813618524e-01,2.878365831012074105e-01
6.037469497813617858e-01,2.321262766945215994e-01
6.537469497813618302e-01,3.249767873723302669e-01
7.037469497813617636e-01,2.506963788300838880e-01
7.537469497813618080e-01,2.042711234911790130e-01
8.037469497813618524e-01,1.671309192200559346e-01
8.537469497813617858e-01,2.506963788300833329e-01
9.037469497813618302e-01,2.506963788300833329e-01
9.537469497813618746e-01,3.528319405756728533e-01
1.003746949781362030e+00,2.971216341689876805e-01
1.053746949781361852e+00,1.671309192200563232e-01
1.103746949781361675e+00,1.949860724233981324e-01
1.153746949781361941e+00,2.785515320334259193e-01
1.203746949781361764e+00,1.949860724233981324e-01
1.253746949781362030e+00,1.392757660167129596e-01
1.303746949781361852e+00,1.764159702878372038e-01
1.353746949781361675e+00,3.064066852367685612e-01
1.403746949781361941e+00,1.857010213556173073e-01
1.453746949781361764e+00,1.671309192200555460e-01
1.503746949781362030e+00,1.857010213556173073e-01
1.553746949781361852e+00,1.299907149489326896e-01
1.603746949781361675e+00,1.392757660167129596e-01
1.653746949781361941e+00,1.578458681522746931e-01
1.703746949781361764e+00,1.857010213556173073e-01
1.753746949781362030e+00,1.485608170844938403e-01
1.803746949781361852e+00,1.392757660167135980e-01
1.853746949781361897e+00,2.042711234911781248e-01
1.903746949781361941e+00,1.021355617455899645e-01
1.953746949781361764e+00,1.021355617455899645e-01
2.003746949781361586e+00,1.207056638811507127e-01
2.053746949781361852e+00,1.114206128133708729e-01
2.103746949781362119e+00,2.042711234911781248e-01
2.153746949781361941e+00,1.671309192200563232e-01
2.203746949781361764e+00,1.114206128133698737e-01
2.253746949781362030e+00,9.285051067780905609e-02
2.303746949781361852e+00,5.571030640668543643e-02
2.353746949781362119e+00,9.285051067780823730e-02
2.403746949781361941e+00,8.356545961002816159e-02
2.453746949781361764e+00,1.021355617455890624e-01
2.503746949781362030e+00,6.499535747446634482e-02
2.553746949781361852e+00,8.356545961002816159e-02
2.603746949781362119e+00,7.428040854224658707e-02
2.653746949781361941e+00,1.207056638811517674e-01
2.703746949781361764e+00,7.428040854224658707e-02
2.753746949781362030e+00,1.207056638811517674e-01
2.803746949781361852e+00,8.356545961002816159e-02
2.853746949781362119e+00,9.285051067780823730e-02
2.903746949781361941e+00,9.285051067780905609e-02
2.953746949781361764e+00,3.714020427112329353e-02
3.003746949781362030e+00,1.207056638811517674e-01
3.053746949781361852e+00,1.021355617455899645e-01
3.103746949781362119e+00,4.642525533890411865e-02
3.153746949781361941e+00,7.428040854224723932e-02
3.203746949781361764e+00,6.499535747446576195e-02
3.253746949781362030e+00,3.714020427112361966e-02
3.303746949781361852e+00,2.785515320334271822e-02
3.353746949781362119e+00,1.857010213556164677e-02
3.403746949781361941e+00,3.714020427112361966e-02
3.453746949781361764e+00,1.857010213556164677e-02
3.503746949781362030e+00,4.642525533890452805e-02
3.553746949781361852e+00,4.642525533890452805e-02
3.603746949781362119e+00,7.428040854224658707e-02
3.653746949781361941e+00,1.021355617455899645e-01
3.703746949781361764e+00,1.857010213556164677e-02
3.753746949781362030e+00,2.785515320334271822e-02
3.803746949781361852e+00,2.785515320334271822e-02
3.853746949781361675e+00,2.785515320334271822e-02
3.903746949781361941e+00,2.785515320334222208e-02
3.953746949781362208e+00,4.642525533890452805e-02
4.003746949781362474e+00,5.571030640668543643e-02
4.053746949781361408e+00,1.857010213556180983e-02
4.103746949781362119e+00,2.785515320334271822e-02
4.153746949781361941e+00,2.785515320334222208e-02
4.203746949781361764e+00,1.857010213556180983e-02
4.253746949781362474e+00,0.000000000000000000e+00
4.303746949781361408e+00,2.785515320334271822e-02
4.353746949781362119e+00,9.285051067780904915e-03
4.403746949781361941e+00,0.000000000000000000e+00
4.453746949781361764e+00,2.785515320334271822e-02
4.503746949781362474e+00,5.571030640668543643e-02
4.553746949781361408e+00,2.785515320334271822e-02
4.603746949781362119e+00,9.285051067780740117e-03
4.653746949781362829e+00,9.285051067780904915e-03
4.703746949781361764e+00,9.285051067780904915e-03
4.753746949781362474e+00,2.785515320334271822e-02
4.803746949781361408e+00,1.857010213556180983e-02
4.853746949781362119e+00,9.285051067780740117e-03
4.903746949781362829e+00,1.857010213556180983e-02
4.953746949781361764e+00,0.000000000000000000e+00
5.003746949781362474e+00,0.000000000000000000e+00
5.053746949781361408e+00,9.285051067780904915e-03
5.103746949781362119e+00,0.000000000000000000e+00
5.153746949781362829e+00,0.000000000000000000e+00
5.203746949781361764e+00,2.785515320334271822e-02
5.253746949781362474e+00,0.000000000000000000e+00
5.303746949781361408e+00,1.857010213556180983e-02
5.353746949781362119e+00,9.285051067780740117e-03
5.403746949781362829e+00,9.285051067780904915e-03
5.453746949781361764e+00,0.000000000000000000e+00
5.503746949781362474e+00,9.285051067780904915e-03
5.553746949781361408e+00,0.000000000000000000e+00
5.603746949781362119e+00,9.285051067780740117e-03
5.653746949781362829e+00,3.714020427112361966e-02
5.703746949781361764e+00,0.000000000000000000e+00
5.753746949781362474e+00,0.000000000000000000e+00
5.803746949781361408e+00,9.285051067780904915e-03
5.853746949781362119e+00,9.285051067780740117e-03
5.903746949781362829e+00,1.857010213556180983e-02
5.953746949781361764e+00,9.285051067780904915e-03
6.003746949781362474e+00,0.000000000000000000e+00
6.053746949781361408e+00,2.785515320334271822e-02
6.103746949781362119e+00,9.285051067780740117e-03
6.153746949781362829e+00,9.285051067780904915e-03
6.203746949781361764e+00,1.857010213556180983e-02
6.253746949781362474e+00,0.000000000000000000e+00
6.303746949781361408e+00,1.857010213556180983e-02
6.353746949781362119e+00,9.285051067780740117e-03
6.403746949781362829e+00,0.000000000000000000e+00
6.453746949781361764e+00,0.000000000000000000e+00
6.503746949781362474e+00,0.000000000000000000e+00
6.553746949781361408e+00,0.000000000000000000e+00
6.603746949781362119e+00,9.285051067780740117e-03
6.653746949781362829e+00,0.000000000000000000e+00
6.703746949781361764e+00,9.285051067780904915e-03
6.753746949781362474e+00,0.000000000000000000e+00
6.803746949781361408e+00,0.000000000000000000e+00
6.853746949781362119e+00,0.000000000000000000e+00
6.903746949781362829e+00,0.000000000000000000e+00
6.953746949781361764e+00,9.285051067780904915e-03
7.003746949781362474e+00,0.000000000000000000e+00
7.053746949781361408e+00,9.285051067780904915e-03
7.103746949781362119e+00,0.000000000000000000e+00
7.153746949781362829e+00,0.000000000000000000e+00
7.203746949781361764e+00,0.000000000000000000e+00
7.253746949781362474e+00,9.285051067780904915e-03
7.303746949781361408e+00,0.000000000000000000e+00
7.353746949781362119e+00,0.000000000000000000e+00
7.403746949781362829e+00,0.000000000000000000e+00
7.453746949781361764e+00,0.000000000000000000e+00
7.503746949781362474e+00,9.285051067780904915e-03
7.553746949781361408e+00,0.000000000000000000e+00
7.603746949781362119e+00,0.000000000000000000e+00
7.653746949781362829e+00,0.000000000000000000e+00
7.703746949781361764e+00,0.000000000000000000e+00
7.753746949781362474e+00,0.000000000000000000e+00
7.803746949781361408e+00,0.000000000000000000e+00
7.853746949781362119e+00,0.000000000000000000e+00
7.903746949781361941e+00,0.000000000000000000e+00
7.953746949781361764e+00,0.000000000000000000e+00
8.003746949781362474e+00,0.000000000000000000e+00
8.053746949781363185e+00,0.000000000000000000e+00
8.103746949781362119e+00,0.000000000000000000e+00
8.153746949781361053e+00,0.000000000000000000e+00
8.203746949781361764e+00,1.857010213556148023e-02
8.253746949781362474e+00,0.000000000000000000e+00
8.303746949781363185e+00,0.000000000000000000e+00
8.353746949781362119e+00,0.000000000000000000e+00
8.403746949781361053e+00,0.000000000000000000e+00
8.453746949781361764e+00,0.000000000000000000e+00
8.503746949781362474e+00,0.000000000000000000e+00
8.553746949781363185e+00,0.000000000000000000e+00
8.603746949781362119e+00,9.285051067780740117e-03
8.653746949781361053e+00,0.000000000000000000e+00
8.703746949781361764e+00,9.285051067780740117e-03
8.753746949781362474e+00,0.000000000000000000e+00
8.803746949781363185e+00,0.000000000000000000e+00
8.853746949781362119e+00,0.000000000000000000e+00
8.903746949781361053e+00,0.000000000000000000e+00
8.953746949781361764e+00,0.000000000000000000e+00
9.003746949781362474e+00,0.000000000000000000e+00
9.053746949781363185e+00,0.000000000000000000e+00
9.103746949781362119e+00,0.000000000000000000e+00
9.153746949781361053e+00,0.000000000000000000e+00
9.203746949781361764e+00,0.000000000000000000e+00
9.253746949781362474e+00,0.000000000000000000e+00
9.303746949781363185e+00,0.000000000000000000e+00
9.353746949781362119e+00,0.000000000000000000e+00
9.403746949781362829e+00,0.000000000000000000e+00
9.453746949781361764e+00,0.000000000000000000e+00
9.503746949781362474e+00,0.000000000000000000e+00
9.553746949781363185e+00,0.000000000000000000e+00
9.603746949781362119e+00,0.000000000000000000e+00
9.653746949781362829e+00,0.000000000000000000e+00
9.703746949781361764e+00,0.000000000000000000e+00
9.753746949781362474e+00,0.000000000000000000e+00
9.803746949781363185e+00,0.000000000000000000e+00
9.853746949781362119e+00,9.285051067780740117e-03
