x_center,hist_y
3.487013269570980040e-02,6.279434850863421791e-02
8.487013269570981011e-02,1.255886970172684358e-01
1.348701326957097990e-01,3.767660910518051964e-01
1.848701326957098157e-01,3.453689167974883234e-01
2.348701326957098046e-01,2.511773940345369271e-01
2.848701326957098212e-01,3.139717425431708397e-01
3.348701326957098656e-01,4.238618524332811166e-01
3.848701326957097990e-01,5.494505494505494969e-01
4.348701326957098434e-01,6.279434850863424566e-01
4.848701326957097768e-01,7.064364207221351943e-01
5.348701326957098212e-01,5.965463108320245844e-01
5.848701326957098656e-01,8.163265306122441389e-01
6.348701326957097990e-01,5.965463108320259167e-01
6.848701326957098434e-01,8.320251177394026865e-01
7.348701326957098878e-01,6.907378335949773129e-01
7.848701326957098212e-01,5.808477237048660369e-01
8.348701326957098656e-01,8.791208791208784401e-01
8.848701326957097990e-01,8.006279434850873677e-01
9.348701326957098434e-01,8.163265306122441389e-01
9.848701326957098878e-01,7.221350078492945190e-01
1.034870132695709710e+00,7.692307692307684963e-01
1.084870132695709977e+00,6.750392464678173221e-01
1.134870132695709799e+00,7.378335949764515123e-01
1.184870132695710065e+00,6.436420722135002270e-01
1.234870132695709888e+00,5.808477237048685904e-01
1.284870132695709710e+00,5.180533751962318467e-01
1.334870132695709977e+00,3.139717425431708397e-01
1.384870132695709799e+00,4.709576138147562041e-01
1.434870132695710065e+00,3.924646781789635219e-01
1.484870132695709888e+00,4.395604395604411629e-01
1.534870132695709710e+00,3.924646781789635219e-01
1.584870132695709977e+00,2.825745682888537447e-01
1.634870132695709799e+00,2.511773940345366496e-01
1.684870132695710065e+00,2.511773940345366496e-01
1.734870132695709888e+00,3.139717425431722275e-01
1.784870132695709710e+00,2.040816326530610347e-01
1.834870132695709977e+00,1.569858712715854199e-01
1.884870132695709799e+00,1.412872841444268723e-01
1.934870132695710065e+00,1.883830455259025149e-01
1.984870132695709888e+00,1.883830455259033476e-01
2.034870132695710154e+00,6.279434850863388484e-02
2.084870132695709977e+00,1.412872841444275107e-01
2.134870132695709799e+00,1.569858712715861138e-01
2.184870132695709621e+00,1.412872841444262340e-01
2.234870132695709888e+00,4.709576138147583690e-02
2.284870132695710154e+00,9.419152276295082726e-02
2.334870132695709977e+00,3.139717425431721998e-02
2.384870132695709799e+00,4.709576138147541363e-02
2.434870132695710065e+00,1.569858712715860999e-02
2.484870132695709888e+00,6.279434850863443995e-02
2.534870132695710154e+00,1.569858712715847121e-02
2.584870132695709977e+00,3.139717425431721998e-02
2.634870132695709799e+00,3.139717425431694242e-02
2.684870132695710065e+00,1.569858712715860999e-02
2.734870132695709888e+00,3.139717425431721998e-02
2.784870132695710154e+00,0.000000000000000000e+00
2.834870132695709977e+00,1.569858712715860999e-02
2.884870132695709799e+00,0.000000000000000000e+00
2.934870132695710065e+00,0.000000000000000000e+00
2.984870132695709888e+00,0.000000000000000000e+00
3.034870132695710154e+00,0.000000000000000000e+00
3.084870132695709977e+00,3.139717425431721998e-02
