x_center,hist_y
4.769397598990963300e-02,7.178750897343862125e-02
9.769397598990964271e-02,2.010050251256281506e-01
1.476939759899096316e-01,3.158650394831298280e-01
1.976939759899096483e-01,3.732950466618809027e-01
2.476939759899096372e-01,4.307250538406318108e-01
2.976939759899096538e-01,2.871500358937542630e-01
3.476939759899096982e-01,4.450825556353195100e-01
3.976939759899096316e-01,6.604450825556354987e-01
4.476939759899096760e-01,6.604450825556354987e-01
4.976939759899096094e-01,6.748025843503232535e-01
5.476939759899096538e-01,6.604450825556347215e-01
5.976939759899096982e-01,6.460875807609470778e-01
6.476939759899096316e-01,6.317300789662606553e-01
6.976939759899096760e-01,8.901651112706381319e-01
7.476939759899097204e-01,6.030150753768852567e-01
7.976939759899096538e-01,7.609475951184487830e-01
8.476939759899096982e-01,7.753050969131364267e-01
8.976939759899096316e-01,8.758076094759523755e-01
9.476939759899096760e-01,7.322325915290732734e-01
9.976939759899097204e-01,4.737975592246955747e-01
1.047693975989909543e+00,8.327351040918872238e-01
1.097693975989909809e+00,8.470926058865748676e-01
1.147693975989909632e+00,6.891600861450102311e-01
1.197693975989909898e+00,4.881550610193822193e-01
1.247693975989909720e+00,5.312275664034477041e-01
1.297693975989909543e+00,5.025125628140699741e-01
1.347693975989909809e+00,4.163675520459436119e-01
1.397693975989909632e+00,4.020100502512559681e-01
1.447693975989909898e+00,4.307250538406313112e-01
1.497693975989909720e+00,3.158650394831311048e-01
1.547693975989909543e+00,4.450825556353190660e-01
1.597693975989909809e+00,3.445800430725051156e-01
1.647693975989909632e+00,2.440775305096911096e-01
1.697693975989909898e+00,2.440775305096911096e-01
1.747693975989909720e+00,3.302225412778188596e-01
1.797693975989909543e+00,1.722900215362525578e-01
1.847693975989909809e+00,1.148600143575016913e-01
1.897693975989909632e+00,1.148600143575016913e-01
1.947693975989909898e+00,1.722900215362525578e-01
1.997693975989909720e+00,2.010050251256288723e-01
2.047693975989909987e+00,2.153625269203147119e-01
2.097693975989909809e+00,5.743000717875110239e-02
2.147693975989909632e+00,1.005025125628144361e-01
2.197693975989909454e+00,1.148600143575011778e-01
2.247693975989909720e+00,7.178750897343887105e-02
2.297693975989909987e+00,5.743000717875058891e-02
2.347693975989909809e+00,2.871500358937555120e-02
2.397693975989909632e+00,1.435750179468764723e-02
2.447693975989909898e+00,5.743000717875110239e-02
2.497693975989909720e+00,2.871500358937555120e-02
2.547693975989909987e+00,2.871500358937529446e-02
2.597693975989909809e+00,1.435750179468777560e-02
2.647693975989909632e+00,2.871500358937529446e-02
2.697693975989909898e+00,1.435750179468777560e-02
2.747693975989909720e+00,4.307250538406332679e-02
2.797693975989909987e+00,1.435750179468764723e-02
2.847693975989909809e+00,0.000000000000000000e+00
2.897693975989909632e+00,1.435750179468764723e-02
2.947693975989909898e+00,0.000000000000000000e+00
2.997693975989909720e+00,1.435750179468777560e-02
3.047693975989909987e+00,1.435750179468764723e-02
3.097693975989909809e+00,0.000000000000000000e+00
3.147693975989909632e+00,1.435750179468764723e-02
3.197693975989909898e+00,1.435750179468777560e-02
3.247693975989909720e+00,0.000000000000000000e+00
3.297693975989909987e+00,0.000000000000000000e+00
3.347693975989909809e+00,0.000000000000000000e+00
3.397693975989909632e+00,0.000000000000000000e+00
3.447693975989909898e+00,0.000000000000000000e+00
3.497693975989909720e+00,1.435750179468777560e-02
3.547693975989909987e+00,0.000000000000000000e+00
3.597693975989909809e+00,0.000000000000000000e+00
3.647693975989909632e+00,0.000000000000000000e+00
3.697693975989909898e+00,0.000000000000000000e+00
3.747693975989909720e+00,1.435750179468777560e-02
