x_center,hist_y
2.500000000000000139e-02,9.706751534439644891e-01
7.500000000000001110e-02,7.524437372130029500e-01
1.250000000000000000e-01,8.615594453284833865e-01
1.750000000000000167e-01,7.251648101841329241e-01
2.250000000000000056e-01,7.501704932939305959e-01
2.750000000000000222e-01,7.319845419413496534e-01
3.250000000000000666e-01,6.387815412593772502e-01
3.750000000000000000e-01,7.638099568083657198e-01
4.250000000000000444e-01,5.683109797681292763e-01
4.749999999999999778e-01,6.387815412593772502e-01
5.250000000000000222e-01,5.683109797681286102e-01
5.750000000000000666e-01,5.342123209820408558e-01
6.250000000000000000e-01,6.069561263923627381e-01
6.750000000000000444e-01,5.046601500340982538e-01
7.250000000000000888e-01,5.364855649011146532e-01
7.750000000000000222e-01,5.228461013866784191e-01
8.250000000000000666e-01,4.773812230052280614e-01
8.750000000000000000e-01,4.796544669243015813e-01
9.250000000000000444e-01,4.205501250284152115e-01
9.750000000000000888e-01,3.864514662423283453e-01
1.024999999999999911e+00,4.296431007047052386e-01
1.075000000000000178e+00,3.637190270516023061e-01
1.125000000000000000e+00,3.773584905660374300e-01
1.175000000000000266e+00,3.182541486701520594e-01
1.225000000000000089e+00,2.682427824505578817e-01
1.274999999999999911e+00,2.932484655603543877e-01
1.325000000000000178e+00,2.614230506933392095e-01
1.375000000000000000e+00,2.773357581268467431e-01
1.425000000000000266e+00,2.455103432598315649e-01
1.475000000000000089e+00,2.227779040691074131e-01
1.524999999999999911e+00,2.182314162309614003e-01
1.575000000000000178e+00,2.045919527165263041e-01
1.625000000000000000e+00,2.000454648783812628e-01
1.675000000000000266e+00,2.205046601500338932e-01
1.725000000000000089e+00,1.795862696067294373e-01
1.774999999999999911e+00,2.068651966355988248e-01
1.825000000000000178e+00,1.614003182541485226e-01
1.875000000000000000e+00,1.477608547397134542e-01
1.925000000000000266e+00,1.704932939304385775e-01
1.975000000000000089e+00,1.500340986587866410e-01
2.025000000000000355e+00,1.614003182541478287e-01
2.075000000000000178e+00,1.386678790634240099e-01
2.125000000000000000e+00,1.113889520345537065e-01
2.174999999999999822e+00,1.091157081154802144e-01
2.225000000000000089e+00,9.774948852011855482e-02
2.275000000000000355e+00,1.091157081154802144e-01
2.325000000000000178e+00,9.320300068197351351e-02
2.375000000000000000e+00,1.045692202773352009e-01
2.425000000000000266e+00,1.045692202773361307e-01
2.475000000000000089e+00,9.320300068197351351e-02
2.525000000000000355e+00,8.865651284382766728e-02
2.575000000000000178e+00,8.411002500568340312e-02
2.625000000000000000e+00,6.365082973403012045e-02
2.675000000000000266e+00,6.365082973403068944e-02
2.725000000000000089e+00,7.729029324846582727e-02
2.775000000000000355e+00,7.956353716753765404e-02
2.825000000000000178e+00,6.365082973403068944e-02
2.875000000000000000e+00,5.683109797681260705e-02
2.925000000000000266e+00,5.455785405774058600e-02
2.975000000000000089e+00,3.409865878608787232e-02
3.025000000000000355e+00,4.773812230052259381e-02
3.075000000000000178e+00,5.001136621959554468e-02
3.125000000000000000e+00,4.091839054330508041e-02
3.175000000000000266e+00,4.546487838145048949e-02
3.225000000000000089e+00,5.228461013866806534e-02
3.275000000000000355e+00,3.409865878608756701e-02
3.325000000000000178e+00,2.955217094794281713e-02
3.375000000000000000e+00,3.637190270516006685e-02
3.425000000000000266e+00,4.091839054330544817e-02
3.475000000000000089e+00,3.409865878608787232e-02
3.525000000000000355e+00,3.182541486701506023e-02
3.575000000000000178e+00,1.818595135258019649e-02
3.625000000000000000e+00,2.273243919072504698e-02
3.675000000000000266e+00,2.273243919072524474e-02
3.725000000000000089e+00,1.363946351443514650e-02
3.775000000000000355e+00,1.591270743350753011e-02
3.825000000000000178e+00,1.363946351443514650e-02
3.875000000000000000e+00,1.363946351443502680e-02
3.925000000000000266e+00,3.637190270516039298e-02
3.975000000000000089e+00,9.092975676290098244e-03
4.025000000000000355e+00,1.363946351443514650e-02
4.075000000000000178e+00,6.819731757217452686e-03
4.125000000000000000e+00,9.092975676290098244e-03
4.175000000000000711e+00,1.136621959536262237e-02
4.224999999999999645e+00,6.819731757217573249e-03
4.275000000000000355e+00,1.363946351443514650e-02
4.325000000000000178e+00,2.045919527165235632e-02
4.375000000000000000e+00,9.092975676290098244e-03
4.425000000000000711e+00,6.819731757217573249e-03
4.474999999999999645e+00,4.546487838145049122e-03
4.525000000000000355e+00,4.546487838145049122e-03
4.575000000000000178e+00,6.819731757217452686e-03
4.625000000000000000e+00,4.546487838145049122e-03
4.675000000000000711e+00,4.546487838145049122e-03
4.724999999999999645e+00,2.273243919072524561e-03
4.775000000000000355e+00,2.273243919072484229e-03
4.825000000000001066e+00,6.819731757217573249e-03
4.875000000000000000e+00,6.819731757217573249e-03
4.925000000000000711e+00,2.273243919072524561e-03
4.974999999999999645e+00,0.000000000000000000e+00
5.025000000000000355e+00,1.136621959536242114e-02
5.075000000000001066e+00,0.000000000000000000e+00
5.125000000000000000e+00,2.273243919072524561e-03
5.175000000000000711e+00,1.136621959536262237e-02
5.224999999999999645e+00,6.819731757217573249e-03
5.275000000000000355e+00,2.273243919072484229e-03
5.325000000000001066e+00,6.819731757217573249e-03
5.375000000000000000e+00,4.546487838145049122e-03
5.425000000000000711e+00,4.546487838145049122e-03
5.474999999999999645e+00,4.546487838145049122e-03
5.525000000000000355e+00,0.000000000000000000e+00
5.575000000000001066e+00,4.546487838145049122e-03
5.625000000000000000e+00,6.819731757217573249e-03
5.675000000000000711e+00,4.546487838145049122e-03
5.724999999999999645e+00,2.273243919072524561e-03
5.775000000000000355e+00,0.000000000000000000e+00
5.825000000000001066e+00,0.000000000000000000e+00
5.875000000000000000e+00,0.000000000000000000e+00
5.925000000000000711e+00,2.273243919072524561e-03
5.974999999999999645e+00,2.273243919072524561e-03
6.025000000000000355e+00,2.273243919072484229e-03
6.075000000000001066e+00,0.000000000000000000e+00
6.125000000000000000e+00,0.000000000000000000e+00
6.175000000000000711e+00,0.000000000000000000e+00
6.224999999999999645e+00,0.000000000000000000e+00
6.275000000000000355e+00,2.273243919072484229e-03
6.325000000000001066e+00,0.000000000000000000e+00
6.375000000000000000e+00,0.000000000000000000e+00
6.425000000000000711e+00,0.000000000000000000e+00
6.474999999999999645e+00,0.000000000000000000e+00
6.525000000000000355e+00,0.000000000000000000e+00
6.575000000000001066e+00,2.273243919072524561e-03
6.625000000000000000e+00,0.000000000000000000e+00
6.675000000000000711e+00,0.000000000000000000e+00
6.724999999999999645e+00,0.000000000000000000e+00
6.775000000000000355e+00,0.000000000000000000e+00
6.825000000000001066e+00,2.273243919072524561e-03
6.875000000000000000e+00,0.000000000000000000e+00
6.925000000000000711e+00,0.000000000000000000e+00
6.974999999999999645e+00,0.000000000000000000e+00
7.025000000000000355e+00,0.000000000000000000e+00
7.075000000000001066e+00,0.000000000000000000e+00
7.125000000000000000e+00,2.273243919072524561e-03
7.175000000000000711e+00,0.000000000000000000e+00
7.224999999999999645e+00,0.000000000000000000e+00
7.275000000000000355e+00,0.000000000000000000e+00
7.325000000000001066e+00,0.000000000000000000e+00
7.375000000000000000e+00,0.000000000000000000e+00
7.425000000000000711e+00,0.000000000000000000e+00
7.474999999999999645e+00,2.273243919072524561e-03
7.525000000000000355e+00,0.000000000000000000e+00
7.575000000000001066e+00,2.273243919072524561e-03
7.625000000000000000e+00,4.546487838145049122e-03
7.675000000000000711e+00,0.000000000000000000e+00
7.724999999999999645e+00,0.000000000000000000e+00
7.775000000000000355e+00,0.000000000000000000e+00
7.825000000000001066e+00,0.000000000000000000e+00
7.875000000000000000e+00,0.000000000000000000e+00
7.925000000000000711e+00,0.000000000000000000e+00
7.974999999999999645e+00,0.000000000000000000e+00
8.025000000000000355e+00,0.000000000000000000e+00
8.074999999999999289e+00,0.000000000000000000e+00
8.125000000000000000e+00,0.000000000000000000e+00
8.175000000000000711e+00,0.000000000000000000e+00
8.225000000000001421e+00,0.000000000000000000e+00
8.275000000000000355e+00,0.000000000000000000e+00
8.324999999999999289e+00,0.000000000000000000e+00
8.375000000000000000e+00,0.000000000000000000e+00
8.425000000000000711e+00,0.000000000000000000e+00
8.475000000000001421e+00,0.000000000000000000e+00
8.525000000000000355e+00,0.000000000000000000e+00
8.574999999999999289e+00,0.000000000000000000e+00
8.625000000000000000e+00,0.000000000000000000e+00
8.675000000000000711e+00,0.000000000000000000e+00
8.725000000000001421e+00,0.000000000000000000e+00
8.775000000000000355e+00,0.000000000000000000e+00
8.824999999999999289e+00,0.000000000000000000e+00
8.875000000000000000e+00,0.000000000000000000e+00
8.925000000000000711e+00,0.000000000000000000e+00
8.975000000000001421e+00,0.000000000000000000e+00
9.025000000000000355e+00,0.000000000000000000e+00
9.074999999999999289e+00,0.000000000000000000e+00
9.125000000000000000e+00,0.000000000000000000e+00
9.175000000000000711e+00,0.000000000000000000e+00
9.225000000000001421e+00,0.000000000000000000e+00
9.275000000000000355e+00,0.000000000000000000e+00
9.324999999999999289e+00,2.273243919072564893e-03
9.375000000000000000e+00,0.000000000000000000e+00
9.425000000000000711e+00,0.000000000000000000e+00
9.475000000000001421e+00,0.000000000000000000e+00
9.525000000000000355e+00,0.000000000000000000e+00
9.575000000000001066e+00,0.000000000000000000e+00
9.625000000000000000e+00,0.000000000000000000e+00
9.675000000000000711e+00,0.000000000000000000e+00
9.725000000000001421e+00,0.000000000000000000e+00
9.775000000000000355e+00,0.000000000000000000e+00
9.825000000000001066e+00,0.000000000000000000e+00
9.875000000000000000e+00,0.000000000000000000e+00
9.925000000000000711e+00,0.000000000000000000e+00
9.975000000000001421e+00,0.000000000000000000e+00
1.002500000000000036e+01,0.000000000000000000e+00
1.007500000000000107e+01,0.000000000000000000e+00
1.012500000000000000e+01,0.000000000000000000e+00
1.017500000000000071e+01,0.000000000000000000e+00
1.022500000000000142e+01,0.000000000000000000e+00
1.027500000000000036e+01,0.000000000000000000e+00
1.032500000000000107e+01,0.000000000000000000e+00
1.037500000000000000e+01,0.000000000000000000e+00
1.042500000000000071e+01,0.000000000000000000e+00
1.047500000000000142e+01,0.000000000000000000e+00
1.052500000000000036e+01,0.000000000000000000e+00
1.057500000000000107e+01,0.000000000000000000e+00
1.062500000000000000e+01,0.000000000000000000e+00
1.067500000000000071e+01,0.000000000000000000e+00
1.072500000000000142e+01,0.000000000000000000e+00
1.077500000000000036e+01,0.000000000000000000e+00
1.082500000000000107e+01,0.000000000000000000e+00
1.087500000000000000e+01,0.000000000000000000e+00
1.092500000000000071e+01,0.000000000000000000e+00
1.097500000000000142e+01,2.273243919072564893e-03
