x_center,hist_y
2.499956805550027777e-02,1.809899198759369332e+00
7.499956805550028749e-02,1.512018609459808705e-01
1.249995680555002903e-01,4.096665805117600256e-01
1.749995680555002930e-01,5.550529852675111231e-01
2.249995680555002819e-01,1.060351512018609776e+00
2.749995680555002986e-01,6.894546394417155888e-01
3.249995680555003430e-01,6.151460325665547568e-01
3.749995680555002764e-01,1.150814163866632489e+00
4.249995680555003208e-01,8.303179116050661834e-01
4.749995680555002542e-01,6.952700956319463055e-01
5.249995680555002986e-01,4.813905401912634829e-01
5.749995680555003430e-01,5.033600413543546370e-01
6.249995680555002764e-01,4.258206254846219618e-01
6.749995680555003208e-01,6.972085810286889895e-01
7.249995680555003652e-01,5.046523649521846844e-01
7.749995680555002986e-01,6.797622124579989489e-01
8.249995680555003430e-01,3.612044455931762155e-01
8.749995680555002764e-01,4.077280951150173416e-01
9.249995680555003208e-01,3.670199017834062105e-01
9.749995680555003652e-01,2.494184543809773169e-01
1.024999568055500188e+00,3.217885758593949097e-01
1.074999568055500454e+00,3.146807960713359775e-01
1.124999568055500276e+00,4.180666838976476174e-01
1.174999568055500543e+00,3.741276815714651427e-01
1.224999568055500365e+00,2.112949082450253091e-01
1.274999568055500188e+00,2.539415869733778752e-01
1.324999568055500454e+00,2.377875420005167162e-01
1.374999568055500276e+00,2.532954251744634622e-01
1.424999568055500543e+00,1.764021711036442008e-01
1.474999568055500365e+00,2.507107779788067536e-01
1.524999568055500188e+00,2.597570431636079258e-01
1.574999568055500454e+00,2.952959421039025867e-01
1.624999568055500276e+00,1.925562160765053876e-01
1.674999568055500543e+00,1.421555957611784771e-01
1.724999568055500365e+00,1.518480227448958386e-01
1.774999568055500188e+00,1.440940811579218273e-01
1.824999568055500454e+00,1.854484362884464554e-01
1.874999568055500276e+00,1.505556991470662909e-01
1.924999568055500543e+00,1.563711553372963137e-01
1.974999568055500365e+00,1.673559059188426679e-01
2.024999568055500632e+00,1.182476092013433899e-01
2.074999568055500454e+00,1.208322563970022356e-01
2.124999568055500276e+00,1.079090204187132251e-01
2.174999568055500099e+00,1.072628586197978268e-01
2.224999568055500365e+00,1.266477125872322862e-01
2.274999568055500632e+00,1.033858878263111680e-01
2.324999568055500454e+00,1.008012406306542652e-01
2.374999568055500276e+00,1.014474024295678178e-01
2.424999568055500543e+00,1.092013440165421206e-01
2.474999568055500365e+00,7.753941586973406297e-02
2.524999568055500632e+00,8.270871026104892332e-02
2.574999568055500454e+00,8.787800465236525471e-02
2.624999568055500276e+00,7.430860687516113727e-02
2.674999568055500543e+00,6.978547428276064835e-02
2.724999568055500365e+00,6.073920909795834516e-02
2.774999568055500632e+00,7.301628327733225565e-02
2.824999568055500454e+00,4.846213491858378242e-02
2.874999568055500276e+00,5.233910571207002482e-02
2.924999568055500543e+00,5.169294391315603504e-02
2.974999568055500365e+00,4.264667872835373186e-02
3.024999568055500632e+00,4.070819333161001391e-02
3.074999568055500454e+00,4.135435513052482942e-02
3.124999568055500276e+00,5.621607650555669050e-02
3.174999568055500543e+00,4.587748772292598448e-02
3.224999568055500365e+00,4.393900232618262736e-02
3.274999568055500632e+00,3.747738433703779598e-02
3.324999568055500454e+00,2.455414835874911855e-02
3.374999568055500276e+00,3.812354613595223679e-02
3.424999568055500543e+00,3.101576634789362380e-02
3.474999568055500365e+00,2.843111915223582239e-02
3.524999568055500632e+00,3.230808994572223480e-02
3.574999568055500454e+00,3.424657534246587642e-02
3.624999568055500276e+00,2.132333936417667511e-02
3.674999568055500543e+00,2.778495735332137118e-02
3.724999568055500365e+00,1.680020677177571087e-02
3.774999568055500632e+00,2.520031015766334426e-02
3.824999568055500454e+00,1.744636857069016209e-02
3.874999568055500276e+00,1.938485396743334227e-02
3.924999568055500543e+00,1.486172137503236068e-02
3.974999568055500365e+00,1.873869216851906452e-02
4.024999568055500632e+00,1.938485396743351574e-02
4.074999568055500454e+00,1.809253036960429065e-02
4.124999568055500276e+00,1.809253036960461677e-02
4.174999568055500987e+00,1.098475058154565684e-02
4.224999568055499921e+00,1.809253036960461677e-02
4.274999568055500632e+00,1.421555957611791120e-02
4.324999568055500454e+00,1.744636857068985331e-02
4.374999568055500276e+00,1.421555957611791120e-02
4.424999568055500987e+00,1.098475058154565684e-02
4.474999568055499921e+00,7.107779788058955599e-03
4.524999568055500632e+00,1.163091238046010979e-02
4.574999568055500454e+00,8.400103385887706248e-03
4.624999568055500276e+00,5.815456190230054896e-03
4.674999568055500987e+00,1.227707417937455928e-02
4.724999568055499921e+00,7.753941586973405950e-03
4.774999568055500632e+00,3.876970793486634020e-03
4.824999568055501342e+00,7.753941586973405950e-03
4.874999568055500276e+00,9.692426983716757871e-03
4.924999568055500987e+00,1.227707417937455928e-02
4.974999568055499921e+00,6.461617989144504380e-03
5.024999568055500632e+00,2.584647195657755869e-03
5.074999568055501342e+00,5.815456190230054896e-03
5.124999568055500276e+00,9.046265184802308387e-03
5.174999568055500987e+00,5.815456190230054896e-03
5.224999568055499921e+00,5.815456190230054896e-03
5.274999568055500632e+00,5.169294391315511737e-03
5.324999568055501342e+00,3.876970793486702975e-03
5.374999568055500276e+00,1.938485396743351487e-03
5.424999568055500987e+00,5.169294391315603678e-03
5.474999568055499921e+00,4.523132592401154194e-03
5.524999568055500632e+00,4.523132592401072662e-03
5.574999568055501342e+00,2.584647195657801839e-03
5.624999568055500276e+00,1.938485396743351487e-03
5.674999568055500987e+00,2.584647195657801839e-03
5.724999568055499921e+00,2.584647195657801839e-03
5.774999568055500632e+00,6.461617989144389671e-04
5.824999568055501342e+00,2.584647195657801839e-03
5.874999568055500276e+00,5.169294391315603678e-03
5.924999568055500987e+00,3.230808994572252190e-03
5.974999568055499921e+00,2.584647195657801839e-03
6.024999568055500632e+00,1.938485396743317010e-03
6.074999568055501342e+00,0.000000000000000000e+00
6.124999568055500276e+00,2.584647195657801839e-03
6.174999568055500987e+00,2.584647195657801839e-03
6.224999568055499921e+00,2.584647195657801839e-03
6.274999568055500632e+00,3.230808994572194944e-03
6.324999568055501342e+00,1.938485396743351487e-03
6.374999568055500276e+00,1.292323597828900919e-03
6.424999568055500987e+00,0.000000000000000000e+00
6.474999568055499921e+00,4.523132592401154194e-03
6.524999568055500632e+00,6.461617989144389671e-04
6.574999568055501342e+00,6.461617989144504597e-04
6.624999568055500276e+00,1.292323597828900919e-03
6.674999568055500987e+00,3.230808994572252190e-03
6.724999568055499921e+00,0.000000000000000000e+00
6.774999568055500632e+00,1.292323597828877934e-03
6.824999568055501342e+00,0.000000000000000000e+00
6.874999568055500276e+00,1.292323597828900919e-03
6.924999568055500987e+00,1.938485396743351487e-03
6.974999568055499921e+00,0.000000000000000000e+00
7.024999568055500632e+00,6.461617989144389671e-04
7.074999568055501342e+00,0.000000000000000000e+00
7.124999568055500276e+00,0.000000000000000000e+00
7.174999568055500987e+00,6.461617989144504597e-04
7.224999568055499921e+00,6.461617989144504597e-04
7.274999568055500632e+00,6.461617989144389671e-04
7.324999568055501342e+00,6.461617989144504597e-04
7.374999568055500276e+00,0.000000000000000000e+00
7.424999568055500987e+00,6.461617989144504597e-04
7.474999568055499921e+00,0.000000000000000000e+00
7.524999568055500632e+00,1.292323597828877934e-03
7.574999568055501342e+00,0.000000000000000000e+00
7.624999568055500276e+00,0.000000000000000000e+00
7.674999568055500987e+00,0.000000000000000000e+00
7.724999568055499921e+00,3.230808994572252190e-03
7.774999568055500632e+00,1.292323597828877934e-03
7.824999568055501342e+00,1.292323597828900919e-03
7.874999568055500276e+00,6.461617989144504597e-04
7.924999568055500987e+00,6.461617989144504597e-04
7.974999568055499921e+00,0.000000000000000000e+00
8.024999568055500632e+00,0.000000000000000000e+00
8.074999568055499566e+00,6.461617989144619522e-04
8.124999568055500276e+00,6.461617989144389671e-04
8.174999568055500987e+00,6.461617989144389671e-04
8.224999568055501697e+00,0.000000000000000000e+00
8.274999568055500632e+00,1.292323597828877934e-03
8.324999568055499566e+00,0.000000000000000000e+00
8.374999568055500276e+00,6.461617989144389671e-04
8.424999568055500987e+00,0.000000000000000000e+00
8.474999568055501697e+00,0.000000000000000000e+00
8.524999568055500632e+00,6.461617989144389671e-04
8.574999568055499566e+00,0.000000000000000000e+00
8.624999568055500276e+00,6.461617989144389671e-04
8.674999568055500987e+00,0.000000000000000000e+00
8.724999568055501697e+00,0.000000000000000000e+00
8.774999568055500632e+00,0.000000000000000000e+00
8.824999568055499566e+00,0.000000000000000000e+00
8.874999568055500276e+00,0.000000000000000000e+00
8.924999568055500987e+00,0.000000000000000000e+00
8.974999568055501697e+00,6.461617989144619522e-04
9.024999568055500632e+00,0.000000000000000000e+00
9.074999568055499566e+00,0.000000000000000000e+00
9.124999568055500276e+00,6.461617989144389671e-04
9.174999568055500987e+00,0.000000000000000000e+00
9.224999568055501697e+00,0.000000000000000000e+00
9.274999568055500632e+00,0.000000000000000000e+00
9.324999568055499566e+00,0.000000000000000000e+00
9.374999568055500276e+00,0.000000000000000000e+00
9.424999568055500987e+00,0.000000000000000000e+00
9.474999568055501697e+00,0.000000000000000000e+00
9.524999568055500632e+00,0.000000000000000000e+00
9.574999568055501342e+00,0.000000000000000000e+00
9.624999568055500276e+00,0.000000000000000000e+00
9.674999568055500987e+00,6.461617989144389671e-04
9.724999568055501697e+00,0.000000000000000000e+00
9.774999568055500632e+00,0.000000000000000000e+00
9.824999568055501342e+00,0.000000000000000000e+00
9.874999568055500276e+00,0.000000000000000000e+00
9.924999568055500987e+00,0.000000000000000000e+00
9.974999568055501697e+00,0.000000000000000000e+00
1.002499956805550063e+01,0.000000000000000000e+00
1.007499956805550134e+01,0.000000000000000000e+00
1.012499956805550028e+01,0.000000000000000000e+00
1.017499956805550099e+01,0.000000000000000000e+00
1.022499956805550170e+01,0.000000000000000000e+00
1.027499956805550063e+01,0.000000000000000000e+00
1.032499956805550134e+01,6.461617989144389671e-04
1.037499956805550028e+01,0.000000000000000000e+00
1.042499956805550099e+01,6.461617989144389671e-04
1.047499956805550170e+01,0.000000000000000000e+00
1.052499956805550063e+01,0.000000000000000000e+00
1.057499956805550134e+01,0.000000000000000000e+00
1.062499956805550028e+01,0.000000000000000000e+00
1.067499956805550099e+01,0.000000000000000000e+00
1.072499956805550170e+01,0.000000000000000000e+00
1.077499956805550063e+01,0.000000000000000000e+00
1.082499956805550134e+01,0.000000000000000000e+00
1.087499956805550028e+01,0.000000000000000000e+00
1.092499956805550099e+01,0.000000000000000000e+00
1.097499956805550170e+01,0.000000000000000000e+00
1.102499956805550063e+01,0.000000000000000000e+00
1.107499956805550134e+01,0.000000000000000000e+00
1.112499956805550028e+01,0.000000000000000000e+00
1.117499956805550099e+01,0.000000000000000000e+00
1.122499956805550170e+01,0.000000000000000000e+00
1.127499956805550063e+01,0.000000000000000000e+00
1.132499956805550134e+01,0.000000000000000000e+00
1.137499956805550028e+01,0.000000000000000000e+00
1.142499956805550099e+01,0.000000000000000000e+00
1.147499956805550170e+01,0.000000000000000000e+00
1.152499956805550063e+01,0.000000000000000000e+00
1.157499956805550134e+01,6.461617989144389671e-04
