x_center,hist_y
4.799947344863540050e-02,9.377930603313534841e-02
9.799947344863541021e-02,1.688027508596436355e-01
1.479994734486353991e-01,2.313222882150671456e-01
1.979994734486354158e-01,3.188496405126602928e-01
2.479994734486354047e-01,3.813691778680838307e-01
2.979994734486354213e-01,3.938730853391681497e-01
3.479994734486354657e-01,5.314160675211004881e-01
3.979994734486353991e-01,6.126914660831511705e-01
4.479994734486354435e-01,6.689590497030323268e-01
4.979994734486353769e-01,6.064395123476087335e-01
5.479994734486354213e-01,7.814942169427938623e-01
5.979994734486354657e-01,7.064707721162857279e-01
6.479994734486353991e-01,7.564864020006262235e-01
6.979994734486354435e-01,7.939981244138786254e-01
7.479994734486354879e-01,7.314785870584568084e-01
7.979994734486354213e-01,8.565176617693022187e-01
8.479994734486354657e-01,6.439512347608622456e-01
8.979994734486353991e-01,6.939668646452026302e-01
9.479994734486354435e-01,7.564864020006244472e-01
9.979994734486354879e-01,6.814629571741177561e-01
1.047999473448635310e+00,6.439512347608622456e-01
1.097999473448635577e+00,6.752110034385739867e-01
1.147999473448635399e+00,5.439199749921845850e-01
1.197999473448635666e+00,6.189434198186927194e-01
1.247999473448635488e+00,5.251641137855598274e-01
1.297999473448635310e+00,4.688965301656763396e-01
1.347999473448635577e+00,3.938730853391681497e-01
1.397999473448635399e+00,5.001562988433880808e-01
1.447999473448635666e+00,4.438887152235069244e-01
1.497999473448635488e+00,4.063769928102546336e-01
1.547999473448635310e+00,3.563613629259140825e-01
1.597999473448635577e+00,3.063457330415751967e-01
1.647999473448635399e+00,4.001250390747104757e-01
1.697999473448635666e+00,2.188183807439823270e-01
1.747999473448635488e+00,2.188183807439832707e-01
1.797999473448635310e+00,1.875586120662705303e-01
1.847999473448635577e+00,2.125664270084399732e-01
1.897999473448635399e+00,2.500781494216940404e-01
1.947999473448635666e+00,1.312910284463893740e-01
1.997999473448635488e+00,1.375429821819323384e-01
2.047999473448635754e+00,1.062832135042195009e-01
2.097999473448635577e+00,1.000312597686780630e-01
2.147999473448635399e+00,1.312910284463899568e-01
2.197999473448635221e+00,1.375429821819311171e-01
2.247999473448635488e+00,6.877149109096616919e-02
2.297999473448635754e+00,5.626758361988091345e-02
2.347999473448635577e+00,5.626758361988141999e-02
2.397999473448635399e+00,3.125976867771162321e-02
2.447999473448635666e+00,2.500781494216951575e-02
2.497999473448635488e+00,6.251953735542378765e-02
2.547999473448635754e+00,2.500781494216929371e-02
2.597999473448635577e+00,1.875586120662713768e-02
2.647999473448635399e+00,1.250390747108464685e-02
2.697999473448635666e+00,6.251953735542378938e-03
2.747999473448635488e+00,1.875586120662713768e-02
2.797999473448635754e+00,2.500781494216929371e-02
2.847999473448635577e+00,6.251953735542378938e-03
2.897999473448635399e+00,1.250390747108464685e-02
2.947999473448635666e+00,1.875586120662713768e-02
2.997999473448635488e+00,6.251953735542378938e-03
3.047999473448635754e+00,6.251953735542323427e-03
3.097999473448635577e+00,0.000000000000000000e+00
3.147999473448635399e+00,0.000000000000000000e+00
3.197999473448635666e+00,0.000000000000000000e+00
3.247999473448635488e+00,0.000000000000000000e+00
3.297999473448635754e+00,6.251953735542323427e-03
3.347999473448635577e+00,0.000000000000000000e+00
3.397999473448635399e+00,0.000000000000000000e+00
3.447999473448635666e+00,6.251953735542378938e-03
3.497999473448635488e+00,0.000000000000000000e+00
3.547999473448635754e+00,0.000000000000000000e+00
3.597999473448635577e+00,0.000000000000000000e+00
3.647999473448635399e+00,0.000000000000000000e+00
3.697999473448635666e+00,0.000000000000000000e+00
3.747999473448635488e+00,0.000000000000000000e+00
3.797999473448635754e+00,6.251953735542323427e-03
