-321.621170527963216
-321.607076685930565
-321.602093614738351
-321.589838313719099
-321.585522754784904
-321.579331005737686
-321.575991076585524
-321.575102704738072
-321.569793108126191
-321.565622807235229
-321.559645356930332
-321.556240841808233
-321.553116877958018
-321.548691927514085
-321.545408710275694
-321.541802592351814
-321.539994994432789
-321.538200576496706
-321.534969497095688
-321.533041636595385
-321.529409787993131
-321.526191767833097
-321.523692925036755
-321.518624339050405
-321.516529202796903
-321.515112022611959
-321.512768800938090
-321.510744075715820
-321.504602988144086
-321.502799212761886
-321.498798440683231
-321.496533404367938
-321.494544269780135
-321.491711259371641
-321.490843526051663
-321.489702702349973
-321.487851071235241
-321.484639791428663
-321.482348230491027
-321.480670748119053
-321.477900829071416
-321.476088253381249
-321.474394715708968
-321.471621074677103
-321.469278344792713
-321.468076899364405
-321.465261479484752
-321.464288648891909
-321.463328850299490
-321.461598239704756
-321.461164616768826
-321.458256885925778
-321.456651267640666
-321.455088630075693
-321.450835435772888
-321.449514512672010
-321.448327644643598
-321.446055091369089
-321.445659417967704
-321.444955478525742
-321.442479723162990
-321.442108747878819
-321.440612772218515
-321.440158680273669
-321.439013062027641
-321.435358570946676
-321.433689866190548
-321.433065008976655
-321.431762738313296
-321.430225215075609
-321.428803993132647
-321.428006869622607
-321.426392672252518
-321.424098603053835
-321.423717878973662
-321.422227513103849
-321.420670262540455
-321.419742791586884
-321.418234968985360
-321.417469798318166
-321.415552130876790
-321.414881953298391
-321.413717315463600
-321.412237321353757
-321.410028353580287
-321.409812298458348
-321.408449493002365
-321.406635677813142
-321.403992687060395
-321.402211992977470
-321.401161971909119
-321.400244318855300
-321.398361839410370
-321.397190985333964
-321.395314086494807
-321.394934417107265
-321.393478710180375
-321.392426878291644
-321.390917006419272
-321.390101535212409
-321.388682522179636
-321.388068258044598
-321.385728380441947
-321.384337303606515
-321.383467442833137
-321.383296921918998
-321.381648212062601
-321.380191992899483
-321.379005294261390
-321.378182023762577
-321.376904903202046
-321.375994807327629
-321.374444362598240
-321.372137183360735
-321.371143312801735
-321.369655587996192
-321.369527506747318
-321.368645271924606
-321.367551127140132
-321.366131525860965
-321.365340159672940
-321.364410880088485
-321.363637174306859
-321.362339284098368
-321.361733154404476
-321.360109294935455
-321.359253912242252
-321.358306889326457
-321.357739779258395
-321.355464524972831
-321.354602718885417
-321.352187449227358
-321.351767187559631
-321.350869538417271
-321.349774319772450
-321.349440205903875
-321.347671349861287
-321.347310376789835
-321.346217147261257
-321.345355439962589
-321.344776846627099
-321.343924338761155
-321.343525717087402
-321.342377379423681
-321.341026313534712
-321.340701988181479
-321.339656514108185
-321.338932044026024
-321.337411125189249
-321.337122239271537
-321.336140687203397
-321.334861606247216
-321.334567424795466
-321.333119660696070
-321.332451657295906
-321.330800126056602
-321.330194886026050
-321.329048143418902
-321.327801990131434
-321.326753470285212
-321.325511100929532
-321.325272065941704
-321.323543160802274
-321.322980683391847
-321.322401477798962
-321.321895270011282
-321.321260441406196
-321.320645335297058
-321.319252201634981
-321.317822508103859
-321.316886335031654
-321.316197722748939
-321.315792083355689
-321.314283918797400
-321.313583309756211
-321.312184255943976
-321.311679680033990
-321.311111057891878
-321.310016365000024
-321.309406730652881
-321.307769060349301
-321.307192495611162
-321.306497713131989
-321.305629514177383
-321.304909985624136
-321.303793526378058
-321.303042392646375
-321.302523038205493
-321.301672188682574
-321.300988583201729
-321.300481943304248
-321.299477486399724
-321.298977167256453
-321.298002892538705
-321.296601230948170
-321.295882567130320
-321.295462200108886
-321.295098288728752
-321.294376950962771
-321.292829893512476
-321.292508871846792
-321.291417490131266
-321.290715421256436
-321.289865862967417
-321.288743331818239
-321.288183706952452
-321.286794033342119
-321.286543385664174
-321.284445687815492
-321.284086744758724
-321.282961273317085
-321.282536300921606
-321.281345344010219
-321.280321207481563
-321.279600504567043
-321.279293842570837
-321.278756647293676
-321.277391127538976
-321.276529027282777
-321.275452577479030
-321.274349435749969
-321.273764557615664
-321.273611371091192
-321.272536633502057
-321.271814068902245
-321.271418141207789
-321.270310048988222
-321.269484414358033
-321.268611867560139
-321.267980645111152
-321.266703610966090
-321.265663083383117
-321.264964270879375
-321.263965857119956
-321.263698943982547
-321.262732679739088
-321.261973013038528
-321.260784342961188
-321.260518477281380
-321.259874000016680
-321.259545097803652
-321.258642950628087
-321.258061426072061
-321.257413294312073
-321.256193250684646
-321.255079276565766
-321.253767824120303
-321.253039602172976
-321.252188733830621
-321.251551191291981
-321.250510106118099
-321.249231857662210
-321.248594392890027
-321.247721728996680
-321.247447017653656
-321.246772003249646
-321.245684138422178
-321.245405160276789
-321.243967552002687
-321.243736100887190
-321.242901498635945
-321.242217167647198
-321.241793070504798
-321.241172504277074
-321.240250337050725
-321.239739120608817
-321.238459495404641
-321.237618414511076
-321.237209310499907
-321.235479506094180
-321.234870493752396
-321.233783723094518
-321.233277595787342
-321.232472633835130
-321.230829053480875
-321.230382411383914
-321.229305082951669
-321.228691335760800
-321.228335452420765
-321.227143826997917
-321.226556697638557
-321.225936886389547
-321.224979000650421
-321.222744863399214
-321.222434058326883
-321.222063409905900
-321.221163741403814
-321.220045436793555
-321.219270819805445
-321.218149917342544
-321.217445829559267
-321.217170630918304
-321.216189993641706
-321.215535142512181
-321.214606274217317
-321.214297281544589
-321.213798776516910
-321.212699428598171
-321.211909607285577
-321.211223065919114
-321.210471864798649
-321.209429089037087
-321.209056344304656
-321.208530083253436
-321.207699150476913
-321.206691366526456
-321.205917356581381
-321.205716284337882
-321.204385174989966
-321.203842137764752
-321.203002023600845
-321.202588260469156
-321.201315554548046
-321.200728385811999
-321.199941030141190
-321.198803499642963
-321.197881510034790
-321.196703180823988
-321.195975790651005
-321.195204649776599
-321.193893803484855
-321.192815646639531
-321.192425627013847
-321.191958759951660
-321.190908141334035
-321.190232150479176
-321.189748630728502
-321.189160815555397
-321.187767508396178
-321.186679263952328
-321.186093197974060
-321.185005508136726
-321.184001128131456
-321.183517426112246
-321.183089645426207
-321.181950262677333
-321.181374035339729
-321.180278703943827
-321.179874747586950
-321.178470009687771
-321.177671042021075
-321.176843335750448
-321.176290834333258
-321.174894611876368
-321.174642585790991
-321.173794423147399
-321.172975526024800
-321.172198700445222
-321.171549654107878
-321.170834835729011
-321.169998309781192
-321.169030521147192
-321.168563829097707
-321.167691228227000
-321.167124297640555
-321.166531031604052
-321.165848888911341
-321.165300257205331
-321.164642166102965
-321.164315430402951
-321.163496708119169
-321.163012727361263
-321.162010634286844
-321.161447600598422
-321.160498361394161
-321.159704477552282
-321.159145589233049
-321.158567698821230
-321.157692224262746
-321.157295126923259
-321.156433204109248
-321.155589981241803
-321.154888859711093
-321.153814884152951
-321.153058162652883
-321.152440926502209
-321.152253255069013
-321.151355725809765
-321.150730016600903
-321.150233888070090
-321.149259326753509
-321.148656019679095
-321.147887746708761
-321.147371102560498
-321.147052295497815
-321.146000945653157
-321.145104356249419
-321.144696537580785
-321.144089586817302
-321.143615057021918
-321.143129388414025
-321.142291690666639
-321.141396382778623
-321.140932471518965
-321.139630848681691
-321.139203134453169
-321.138715202297476
-321.137971484099751
-321.137231085408075
-321.136727246453063
-321.135950853416489
-321.135534073113206
-321.134666777486132
-321.134183186594953
-321.132920191316998
-321.132208938625240
-321.131350254046140
-321.130392201054121
-321.129957283382907
-321.128950437115066
-321.128399699160695
-321.128257597498475
-321.127653524365769
-321.127020523003637
-321.126542832452799
-321.125666132878052
-321.125152187665833
-321.124349962423992
-321.123321186643466
-321.122481915739229
-321.122046344605394
-321.121133041975725
-321.120581539812804
-321.119911149114614
-321.119167892615110
-321.118273067718462
-321.117525826088752
-321.116413534499657
-321.115532147063163
-321.114888121809884
-321.114377471848456
-321.114067763832622
-321.113249703391546
-321.112634330610433
-321.111865875267313
-321.111322897377704
-321.110873330714128
-321.109968157092624
-321.109753354388772
-321.108655493290655
-321.108262528219484
-321.107601550827326
-321.106275054497132
-321.105569600349554
-321.105018542930281
-321.104400747907221
-321.103639743028396
-321.103404379929771
-321.101908438934686
-321.101412513826801
-321.100586215744954
-321.099518869828842
-321.098217751211052
-321.097271620795709
-321.096829118467724
-321.096261801169646
-321.095637375514684
-321.095147355454287
-321.094413868265121
-321.093405756072855
-321.093085048958187
-321.092211701066674
-321.092124133571076
-321.091239245525401
-321.090371448318194
-321.089630714028942
-321.088648981749714
-321.087747414429089
-321.086981105428720
-321.086242583342482
-321.085355535724887
-321.085217097247892
-321.084422989563848
-321.083711286910273
-321.083061207236995
-321.082214967087793
-321.081656250043466
-321.081453578636740
-321.080756292835929
-321.079920350188900
-321.079115744023795
-321.078912400435570
-321.078042251664669
-321.076824442097461
-321.076135046033130
-321.074971103199687
-321.074686247308250
-321.074006545860357
-321.073398976890587
-321.072873929141963
-321.072456665628010
-321.071514298740453
-321.070569866389064
-321.070022264014256
-321.069712240642787
-321.069307124968361
-321.068103590050555
-321.067581587459472
-321.066546953881414
-321.065942190472981
-321.065541017716214
-321.064508360093271
-321.063865256554948
-321.063182779763281
-321.062358275833844
-321.061743789550690
-321.061342187250546
-321.060399661601593
-321.059791186737243
-321.059388571943146
-321.058742527305697
-321.058475469479390
-321.056875991747745
-321.056487105164649
-321.055013673060898
-321.054386190207026
-321.053877253570590
-321.052995742175710
-321.052642292304711
-321.051314824482233
-321.050959481996131
-321.049536615166573
-321.049010710049401
-321.048585287977687
-321.048037319123068
-321.047491444457648
-321.046564848374601
-321.045697081758817
-321.045194727850173
-321.044373356120502
-321.043732530573436
-321.043145122351405
-321.042322276574168
-321.041280518923372
-321.040628638655107
-321.040024784248089
-321.039679478528456
-321.038702699607256
-321.038171634030562
-321.037474195747222
-321.037012456716354
-321.036361170575219
-321.035381234631302
-321.034978873091177
-321.034175901505364
-321.033595952813357
-321.033061308527294
-321.032633185394843
-321.032082169719843
-321.031210820674687
-321.030143980872936
-321.029850907901562
-321.029262785899164
-321.028090002171098
-321.027718990103494
-321.026812050954106
-321.025939907876023
-321.025168070111874
-321.024317349469811
-321.023363639631327
-321.022924610693963
-321.021861564692983
-321.021678063872798
-321.020732447274611
-321.020230701983110
-321.019447553864325
-321.018310825890978
-321.017928337142109
-321.017123209007025
-321.016685769446894
-321.016334033697490
-321.015323351594361
-321.014348794901196
-321.013590454363793
-321.013103168922726
-321.012690396529990
-321.011172723094660
-321.010647385804930
-321.009892689987680
-321.009155930577094
-321.008550023410749
-321.008134442262815
-321.007075645250268
-321.006545641144385
-321.005760816293503
-321.005298630864502
-321.004647052902158
-321.003981686352006
-321.002774599911618
-321.001737676340838
-321.001165670997409
-321.000541817710086
-321.000007621955831
-320.998882663975735
-320.997754901746589
-320.996918731979179
-320.996312892881122
-320.995111746412022
-320.994729114848042
-320.993561034344111
-320.992930382041664
-320.992087066441172
-320.991481502222541
-320.990811870616710
-320.989965948356883
-320.989079031165318
-320.988732186988329
-320.987673104865110
-320.986490483100113
-320.986257733021660
-320.985857292597416
-320.985025154370305
-320.984113945184845
-320.983578609539563
-320.982918841035371
-320.981999996794855
-320.980802259573750
-320.980141032882216
-320.979627359138931
-320.979121979940430
-320.978506571021853
-320.977856426935887
-320.976298005934495
-320.976051755408207
-320.974998440630316
-320.974450877202912
-320.974207624495193
-320.973045610190979
-320.972445732083145
-320.971794956539441
-320.971012457792312
-320.970467792537818
-320.969476331343969
-320.969253456285685
-320.968840741835265
-320.968006476823291
-320.967209565125188
-320.966997924478733
-320.966355427997769
-320.965927355773772
-320.965533940786486
-320.964898835870827
-320.964633212054821
-320.963765022109214
-320.962446312677685
-320.962091659913597
-320.961738888015930
-320.960463479576504
-320.959490770633067
-320.959089626315688
-320.958191389197339
-320.957598650235298
-320.956941958748644
-320.956143896061292
-320.955423456041217
-320.954272301740446
-320.953848733530833
-320.952992951109252
-320.952199763335614
-320.951874667924812
-320.951127565832508
-320.950729906312461
-320.949634106216934
-320.949009825247970
-320.948244825327151
-320.947482178533392
-320.947081423281475
-320.945910073824280
-320.945350577641136
-320.944696435033848
-320.944299448013567
-320.943503812603637
-320.942577003452811
-320.941692746763977
-320.941390900596616
-320.940257739497724
-320.939977589299190
-320.939163949995930
-320.938445191943686
-320.937637334610940
-320.937229039819726
-320.936782911363764
-320.936369661146443
-320.935619184164068
-320.935212295678696
-320.934453262152431
-320.933712621185009
-320.932869540280876
-320.931896317638632
-320.931293114241043
-320.930014752820966
-320.929744986935248
-320.929362380373732
-320.928756137641187
-320.928279677927037
-320.927784178996376
-320.926980212015849
-320.925994282004638
-320.925696872043488
-320.924746227732896
-320.924097477391456
-320.923681980655999
-320.922421272083568
-320.921910879829113
-320.921278329579593
-320.920200248856929
-320.919629456613563
-320.919048352230107
-320.918474023124531
-320.917174149638697
-320.916748923657281
-320.916546980703458
-320.916125199052772
-320.915131256602933
-320.914667466892013
-320.913500439928612
-320.912603332718959
-320.912500186116688
-320.911782116289373
-320.910948902316761
-320.910443373285148
-320.909354340105551
-320.908886524908951
-320.908085754727324
-320.907473841057197
-320.906641249686174
-320.906057226917255
-320.904468914404561
-320.904122587707946
-320.903753752288480
-320.903074080898477
-320.902517916250360
-320.901535006879840
-320.901038876325401
-320.900497352976060
-320.899809651068495
-320.899151642657330
-320.898440852703970
-320.897596382098982
-320.896941027422827
-320.895898030608521
-320.895088298294240
-320.894405282466096
-320.894046723993029
-320.893257707921180
-320.892186729937293
-320.891518705719761
-320.891073988405253
-320.890495016354180
-320.889191414702623
-320.888337606207983
-320.887744103238049
-320.886824290845027
-320.886394232363841
-320.885540475159132
-320.884739783197517
-320.884441702325489
-320.883811305961501
-320.882592663801461
-320.882085270141317
-320.881485110062556
-320.879967128768101
-320.879671536910280
-320.878985628410135
-320.878138673652700
-320.876929543740971
-320.876479407719955
-320.875562161286211
-320.874894387079678
-320.873627823716163
-320.873490916627304
-320.872694866391441
-320.871490625201261
-320.870783466263333
-320.870496324625037
-320.869624057153999
-320.868507693974323
-320.867820269252263
-320.867059680954810
-320.866745372235414
-320.866233046033301
-320.865310328552027
-320.864686859718290
-320.863525963314999
-320.862925512463335
-320.862296153074681
-320.860919645433682
-320.859997795317611
-320.859405444585093
-320.857806676126813
-320.857446610429804
-320.856511934632579
-320.855666191967543
-320.854335782644966
-320.853527464395938
-320.852815562581895
-320.852624139205147
-320.851151029818368
-320.850822822420071
-320.850444604488871
-320.849758183811730
-320.849288215504032
-320.848472947961227
-320.847976018182692
-320.847207635689983
-320.845980976669921
-320.845268929161534
-320.844408710900439
-320.843847498939908
-320.842792353919720
-320.842037978786891
-320.841112416185467
-320.840290876472125
-320.839408850335985
-320.838883097260350
-320.838409176358425
-320.837541268151597
-320.835676492682239
-320.835081189349239
-320.834691291303670
-320.833530089693340
-320.832699923227324
-320.832082088362995
-320.831524755010719
-320.830730293150793
-320.830142506388370
-320.829160722209849
-320.828705670326315
-320.828120380592907
-320.827660907613904
-320.827031726068697
-320.825352073426984
-320.824898953828722
-320.823894906251041
-320.823643158910613
-320.822542074288947
-320.821789550484425
-320.821167734090864
-320.820480799418988
-320.820042061997469
-320.818873786623044
-320.818225784476112
-320.817445444081955
-320.816971641791156
-320.816344605989173
-320.815817117273241
-320.815210224975544
-320.814495112906855
-320.813448494022339
-320.812787340372438
-320.811999323033717
-320.810809917342226
-320.810401041981493
-320.810150448618629
-320.809341400695416
-320.808261732684457
-320.807730738622354
-320.806706912897312
-320.806097384965597
-320.805574427912632
-320.805016195932524
-320.803868063134587
-320.803447688989365
-320.802239465453511
-320.801804944654918
-320.801256160855814
-320.800087322915999
-320.799735218944875
-320.798315928603358
-320.797907044791941
-320.797682350094590
-320.797169386935195
-320.795843935852588
-320.795324593672206
-320.794597060169792
-320.793859619140676
-320.793138901597558
-320.792489528750536
-320.792237288589092
-320.790599503397573
-320.790036828125608
-320.789254115765459
-320.788008118410346
-320.787288180657242
-320.786716316191018
-320.785619559856514
-320.785434953426090
-320.784894743420693
-320.783861403079300
-320.783635476450854
-320.783002293534651
-320.781753310351235
-320.781289164926761
-320.780756391474142
-320.780393106977954
-320.779503926982159
-320.778477963489422
-320.777767085139715
-320.777262921948136
-320.776423514189844
-320.775678721856195
-320.774584406657766
-320.773946620048775
-320.773653237779115
-320.772600261907542
-320.771457903673763
-320.770900974654012
-320.769755627347990
-320.768976867077811
-320.768602051115352
-320.767869705372277
-320.766492160616906
-320.766300922166408
-320.765620021533266
-320.765076944154600
-320.764254497876379
-320.763753228528515
-320.762821399458460
-320.762140828832173
-320.761499182787190
-320.759998528072856
-320.758999780816680
-320.758548573582118
-320.757960287920639
-320.757251828009657
-320.755691753013025
-320.755245715015178
-320.754159422867929
-320.753708674401423
-320.752973364555316
-320.751909221690710
-320.750872461844210
-320.749722712369930
-320.748928163785763
-320.747981522918337
-320.747223279181469
-320.746520312641564
-320.746067803357448
-320.745456032060929
-320.744718637721007
-320.743883047705083
-320.743335923695270
-320.741998019838377
-320.740361556671530
-320.740144041029623
-320.738726177221849
-320.738418040575596
-320.737769103283654
-320.737043595574619
-320.735511379151149
-320.735260794656256
-320.734079895937214
-320.733630860544054
-320.733138272551798
-320.732210982332390
-320.730916695402811
-320.729904004651758
-320.729310563694185
-320.728916863249651
-320.727307068786047
-320.727118706765452
-320.726263275253018
-320.725448148189116
-320.724708998709275
-320.724110436327749
-320.722505727966279
-320.721736997154892
-320.720668801149657
-320.719389847632215
-320.718494517502393
-320.718197905220279
-320.717984283646274
-320.717172357838706
-320.716491723430522
-320.715769004411925
-320.715047108969202
-320.714445698323402
-320.713275561322632
-320.712528149040168
-320.711034443992730
-320.710575368224283
-320.708977784162357
-320.708414565188320
-320.706744852882139
-320.705791522283334
-320.705529842766055
-320.705168142359128
-320.703771878314456
-320.702702078065670
-320.702409326843281
-320.701152124377643
-320.700623288071597
-320.700096898049026
-320.699541766922948
-320.698773573259132
-320.698334220699280
-320.697189644143805
-320.696111930247866
-320.695714099153804
-320.694466504341960
-320.693360669098979
-320.692662546258873
-320.692255367903215
-320.691268876667891
-320.690289696261516
-320.689241538313354
-320.688218646549331
-320.687662633381478
-320.686679742748140
-320.686013774600610
-320.684993817209943
-320.684385747561237
-320.683477595872660
-320.682891767629769
-320.681924077556801
-320.680698279796729
-320.679973641595438
-320.679396313852408
-320.678513685051144
-320.677652605749870
-320.676875919191787
-320.676439781039164
-320.675439668658328
-320.674070432236761
-320.673880305005127
-320.673455153987334
-320.672772527513700
-320.672355136282818
-320.671598416463553
-320.670753787591536
-320.670094804625649
-320.669455474616370
-320.668124708559276
-320.667407167075282
-320.667053799275379
-320.666438121506417
-320.665779172509815
-320.664229838812844
-320.663150982313368
-320.662656097947604
-320.662110938908768
-320.660789232376828
-320.658915996407814
-320.658293359853019
-320.657910762550614
-320.656761068316655
-320.656098936339788
-320.655297591597787
-320.654693396289019
-320.653878956407198
-320.652815284520159
-320.652424704346004
-320.651662100437079
-320.651193931765590
-320.650129876651818
-320.649609651759420
-320.648475711923822
-320.648025389407906
-320.646860446528876
-320.645593305012198
-320.645089371383904
-320.644237016077057
-320.644023785369029
-320.643462257114379
-320.642084351033986
-320.641932204892271
-320.641097452181782
-320.640174207574546
-320.639149918160342
-320.638068737236154
-320.637511265550017
-320.636537901343956
-320.636085704421134
-320.635380795431900
-320.634850789326549
-320.633817404511376
-320.632623605318258
-320.631882917650159
-320.630728165939786
-320.630014112836818
-320.629110434312565
-320.628008011887403
-320.627596616588846
-320.625928480162770
-320.625531010995587
-320.624898353464971
-320.624229629329534
-320.623698666213102
-320.622251822847602
-320.621254513289330
-320.620798494522148
-320.619586493383224
-320.619166908032071
-320.618553544165991
-320.617453678610786
-320.616283910155573
-320.615260223156440
-320.614968702812860
-320.613705420219503
-320.613199714035375
-320.612135906653975
-320.611493446969746
-320.610778873664913
-320.609555041214605
-320.608963566122839
-320.608002186888939
-320.607255043152861
-320.606741972645978
-320.606021897422693
-320.605108073869587
-320.604172569593345
-320.603083128524929
-320.602348717798179
-320.601588652900205
-320.600312508642844
-320.598901711226119
-320.598211192641429
-320.597124027597829
-320.596796485311700
-320.595531741695140
-320.594900551995067
-320.594347760155358
-320.593767482070120
-320.592889349614836
-320.591938736713303
-320.591432136822732
-320.590813318261894
-320.590286693617315
-320.589250494705993
-320.589097116424000
-320.587892213953751
-320.587422589271000
-320.586720098396484
-320.585710431623284
-320.584874553649456
-320.583921036196102
-320.583657266892544
-320.582304062455080
-320.581920967096892
-320.580524503320419
-320.579681849364874
-320.579352446029986
-320.578277854525595
-320.577599854397192
-320.577407451072645
-320.575856102055923
-320.574983230559781
-320.574475230038672
-320.573708199110968
-320.572757770040141
-320.571785784059614
-320.571548941509946
-320.570798873758065
-320.570088502972965
-320.569527586997197
-320.568632652250926
-320.568048122173764
-320.566992639341777
-320.566068733183386
-320.565549738646837
-320.564279298679367
-320.564140154855409
-320.563495314467048
-320.563291389336598
-320.562646125802587
-320.562116878728318
-320.561277754131197
-320.560425421045863
-320.559642424774438
-320.558566172012377
-320.557977589857160
-320.557096584087162
-320.556777620645448
-320.555901307863905
-320.554691958834610
-320.554137268260718
-320.553219224333247
-320.552293143310180
-320.551179571897137
-320.550540467325732
-320.550179676215862
-320.549796659863262
-320.549446914720022
-320.548763558265648
-320.547689962408413
-320.547313469852782
-320.545768054198788
-320.545269649479849
-320.544279299522202
-320.543281436411633
-320.542700901508226
-320.541804053149633
-320.540736416537811
-320.540189950370916
-320.539066483669785
-320.538103824211703
-320.537340733551275
-320.536860188323658
-320.535913080744479
-320.535734157566083
-320.535272875925671
-320.534387106793133
-320.533405415759887
-320.532703185162632
-320.532417834071396
-320.531266641860270
-320.530230962707719
-320.529794760390075
-320.528471413103205
-320.528131102378097
-320.527170968729706
-320.526620414679940
-320.526406579296577
-320.525287572883656
-320.524848413335519
-320.523843382084181
-320.522791563234136
-320.522564847937360
-320.521595683420230
-320.520800262553223
-320.519967828858000
-320.519349282031897
-320.518453785169072
-320.517747316172404
-320.517306668798085
-320.516661192596587
-320.515426543409774
-320.514078903889015
-320.513576173156252
-320.512932756100781
-320.512540323435246
-320.511908243977189
-320.511464871631460
-320.509992380143785
-320.509505898922953
-320.509140060569393
-320.507800812205460
-320.506837047920158
-320.506533203271317
-320.505201250761957
-320.504597180763255
-320.503029056138303
-320.502600229499478
-320.501883767233892
-320.501127049013860
-320.500840126615401
-320.500162924833262
-320.498879530517513
-320.498287845259483
-320.497924127889632
-320.496922185022470
-320.496395142828590
-320.494994195945310
-320.494549457786718
-320.493808442242880
-320.492848956307341
-320.492323846621218
-320.491411024677973
-320.490121091795857
-320.488436332231004
-320.488371830825429
-320.487154013022689
-320.486110813797609
-320.484844608398816
-320.484441100448294
-320.483708525450822
-320.482689335030216
-320.482064858384092
-320.481559182872104
-320.479971603337390
-320.479594671742518
-320.478571951485378
-320.477734516239764
-320.477316322000434
-320.475905519769242
-320.475615983408943
-320.475231856151709
-320.473713085483837
-320.473353084243001
-320.472529116922829
-320.472078001839236
-320.471161955876653
-320.470617875365178
-320.470399342596750
-320.469246777991600
-320.468848186827188
-320.468017044502858
-320.466569203688607
-320.466195771596631
-320.464785359589712
-320.463642400208755
-320.463026933677611
-320.461848582191749
-320.461279527009651
-320.459811645554339
-320.459122193957228
-320.458329005232997
-320.457609831485570
-320.456945961211204
-320.455631692262557
-320.454390205332402
-320.453800732052116
-320.453474011417029
-320.452732965157622
-320.451710349417226
-320.451065322980696
-320.449947783012135
-320.449056249184252
-320.447997994616173
-320.447090551440283
-320.446232031846819
-320.445613225048987
-320.444589131813530
-320.444106537867583
-320.443312161618053
-320.441973025090817
-320.441298908382976
-320.440503945068372
-320.439809528671276
-320.439503567061195
-320.438754905478788
-320.437592421256625
-320.436536547889602
-320.434968883056627
-320.434291850540262
-320.432850282219931
-320.431948331058209
-320.431259590126672
-320.430750037145572
-320.429310196876372
-320.428026957537952
-320.426505401820577
-320.426084262594316
-320.424892419627781
-320.423955527983026
-320.422138178260866
-320.421966273159626
-320.421103429015773
-320.419703484891102
-320.419431258608427
-320.418473140443837
-320.417452099397451
-320.416102725313579
-320.415452450937835
-320.414713787718995
-320.414172951107048
-320.413168259813006
-320.411585371397678
-320.410827208262049
-320.410571767882288
-320.409893351808762
-320.409537748850937
-320.407767050146447
-320.407331107332709
-320.405871310350847
-320.405469666735314
-320.404323256209238
-320.403957184462172
-320.402784414577809
-320.401374642860674
-320.400713070139318
-320.399621908444431
-320.398311144055640
-320.397489171426628
-320.396777445180760
-320.395429816085596
-320.393978604559209
-320.393354509356243
-320.392836317947911
-320.391942775463349
-320.390517333737932
-320.390058446528542
-320.389307640942548
-320.388409801835053
-320.387380044752604
-320.386499474973220
-320.385416806904061
-320.383874606769609
-320.383035136495891
-320.382787733596899
-320.381966722570780
-320.380571396255220
-320.379435269372777
-320.378541102249358
-320.377931293204824
-320.375872740724617
-320.374765332758955
-320.373823752904912
-320.372557611282218
-320.371805944251889
-320.370253674254513
-320.369278054545589
-320.368541935077417
-320.366737948312391
-320.365797058745329
-320.364707449946650
-320.363950991955164
-320.363352847762030
-320.362057520271662
-320.360867982121761
-320.360340260395446
-320.359080211233731
-320.358701194596790
-320.357754126308066
-320.356329070870572
-320.354607844703878
-320.353044966649463
-320.352271383725679
-320.351194324749429
-320.350814574762069
-320.349646325746789
-320.348967315348148
-320.347876018033389
-320.346956106068035
-320.346652593395675
-320.345790939279254
-320.345309628622942
-320.344469059646883
-320.343807967331202
-320.343341309465643
-320.342674540716644
-320.341789505847146
-320.341033698296769
-320.339481699584951
-320.338590852224854
-320.338264086237871
-320.337038989313953
-320.335686297733503
-320.335355418295308
-320.334490196786021
-320.334289746117292
-320.332253633267044
-320.331454104506406
-320.330339256519494
-320.329313519975244
-320.328632908539305
-320.327930702334299
-320.327291550354573
-320.326501575152463
-320.324897542467227
-320.323818348734733
-320.323363674589018
-320.322768106650358
-320.321714762370448
-320.319830343624403
-320.319266333620476
-320.318480085329099
-320.317589655148424
-320.316558855324672
-320.315535654516907
-320.314768663399036
-320.313511966955048
-320.312789590748650
-320.312178250913973
-320.310074479312732
-320.308771505254072
-320.307967767507762
-320.307314930454027
-320.306679977020792
-320.305160858705506
-320.303741053678209
-320.303136346730241
-320.301961658709502
-320.301293314064878
-320.299596370259849
-320.298572320407118
-320.297724708767475
-320.297306235639439
-320.296568284399143
-320.295228070599251
-320.294870723934480
-320.293719165487175
-320.292754561876393
-320.292476804498904
-320.291637665882320
-320.290787380043753
-320.289628267839021
-320.288691621131420
-320.287836531191545
-320.287178268837181
-320.285916221600132
-320.285109352908762
-320.284297222618648
-320.282786677614013
-320.282030246235649
-320.281082624906105
-320.280122711602019
-320.279070534345180
-320.278590744578878
-320.277379518242753
-320.277012115069738
-320.275903631268307
-320.274981422658072
-320.273109744354940
-320.272594372999436
-320.271201902582447
-320.269746276615422
-320.268999492460580
-320.268090678111207
-320.267215824880225
-320.266581147136264
-320.265008862092373
-320.264151280258147
-320.262822645876611
-320.261255596111482
-320.260668467861990
-320.259944452772231
-320.259216238426404
-320.258003484133326
-320.257099537748786
-320.256083285508510
-320.255422482521624
-320.254051912563057
-320.252925003386679
-320.252608849472608
-320.251580685007468
-320.250865155458314
-320.250316641123561
-320.248424680954770
-320.247522714470961
-320.246655114911562
-320.245725864851295
-320.244176785162836
-320.243763441068836
-320.243451441149489
-320.242275411838136
-320.241817332083656
-320.240750167634815
-320.239984948950450
-320.239319096869053
-320.238285704857674
-320.237147685081993
-320.235939531125837
-320.235243141497222
-320.234371032169349
-320.232848741114992
-320.232244214434445
-320.231289274087942
-320.230124419590311
-320.229005644002086
-320.226590402471231
-320.226067244277601
-320.225550567065625
-320.224781232597707
-320.223734786407533
-320.222325551064159
-320.221036706161044
-320.219743716132143
-320.217711995169623
-320.215894423487669
-320.213670348783751
-320.212585021866687
-320.212218966419584
-320.210954811427143
-320.210232675724342
-320.209584754158755
-320.208838485649380
-320.206774067946697
-320.206000500069251
-320.204660768862709
-320.203890641401188
-320.202978300430800
-320.202237151896441
-320.201234440198448
-320.199488803789222
-320.198434282780113
-320.197590991534923
-320.196414580821340
-320.194261807412374
-320.193287463470199
-320.192480546191007
-320.191721020744581
-320.190312221102488
-320.189703610798176
-320.188651360516019
-320.187825073537056
-320.186315842420754
-320.185658525407803
-320.184960551063853
-320.184477104788641
-320.183767831499949
-320.182059811770159
-320.181152510965774
-320.179796683602547
-320.179150124745092
-320.178659800968433
-320.178258953128022
-320.177376737302211
-320.176274956361965
-320.175053006169946
-320.174199453783558
-320.172939250603974
-320.170837755392881
-320.170439307351558
-320.169025691225897
-320.168160749399988
-320.166925608382428
-320.164986188462990
-320.164341380618623
-320.163472352286590
-320.162203100571844
-320.161086021770473
-320.160153271317483
-320.158320455773719
-320.157475167938401
-320.156934285973762
-320.155738498665130
-320.155136128656011
-320.153418868839651
-320.152356399561313
-320.151945594832853
-320.150538286525887
-320.149893153415519
-320.149411826744370
-320.147183677068824
-320.146790377354193
-320.146038774544024
-320.144759602476825
-320.142494587982128
-320.142270941361062
-320.141041586856659
-320.139942042870587
-320.139242143545516
-320.137757844466307
-320.136997055105553
-320.136328159938216
-320.135077296593693
-320.133999331730308
-320.131340270448788
-320.130709971949557
-320.129541831266465
-320.128369593675984
-320.127318746521553
-320.126306987375131
-320.125281467198249
-320.123816733006208
-320.123336248011583
-320.121351091017459
-320.120556546583487
-320.119036300753010
-320.117210479629193
-320.115396052095434
-320.113750404734219
-320.113201638296289
-320.112622787302371
-320.111292435421319
-320.110419742870135
-320.109640953485041
-320.108679817246696
-320.107849537187406
-320.106331592367383
-320.105345681487449
-320.104501277036377
-320.103461433492100
-320.102370869674473
-320.100651656877744
-320.100163955921232
-320.098478526746987
-320.097737829139874
-320.095504526899731
-320.094328556299445
-320.093613988505354
-320.092530832569423
-320.091173608165604
-320.090870758452922
-320.089751332129936
-320.088925972434879
-320.087411080958020
-320.086380511203913
-320.086018180005738
-320.085022333316090
-320.084088250911748
-320.083249522547305
-320.081182759745786
-320.080865177424755
-320.079372435813809
-320.078180550985223
-320.076529582006799
-320.074871354151298
-320.074296505277175
-320.072931764947896
-320.071343850421670
-320.070925036114886
-320.069286241257885
-320.068359528475412
-320.066875699326943
-320.065833452408242
-320.064329438423897
-320.063509370721249
-320.062553286009802
-320.061898425361960
-320.060874510268718
-320.059952496245842
-320.058969143661557
-320.057360724753380
-320.055996595583508
-320.055091258287518
-320.053609255251558
-320.053215860667365
-320.051626596113977
-320.051134642366605
-320.049810501221430
-320.049115916145297
-320.047709309891957
-320.045671841527849
-320.045089363305522
-320.043949715440306
-320.043256600682412
-320.041623123192153
-320.040520003090933
-320.039676088719830
-320.038425468590901
-320.036904556342904
-320.036130930956233
-320.035382853862700
-320.034032366545318
-320.033004511105105
-320.031962951487515
-320.031560572608612
-320.030731338378189
-320.029349426158660
-320.028316780969590
-320.025921236511067
-320.025023356183226
-320.023008624624026
-320.021884082095198
-320.021360806511098
-320.019501209097371
-320.018519185890966
-320.017259064655605
-320.015759970621843
-320.013905643867531
-320.012895791761139
-320.012301815098965
-320.009914098732281
-320.009134504658789
-320.008066068175765
-320.006371040643899
-320.005872524701090
-320.004201943282567
-320.002903985794603
-320.002494113059470
-320.000996763076046
-319.999834426000291
-319.998881948422024
-319.997776735125399
-319.996291864341629
-319.994540967108946
-319.993760886628706
-319.991928724743559
-319.991361057036499
-319.990256898424377
-319.988884081259357
-319.987677998904303
-319.986809358457890
-319.985148468498721
-319.983603685788125
-319.981774296112178
-319.980684352254116
-319.979342585512029
-319.978459441031248
-319.977248252583649
-319.976074930293464
-319.974727274433292
-319.973737267403578
-319.972396031690153
-319.971175386292146
-319.969691097148598
-319.969303442941793
-319.967824854347498
-319.966130927700817
-319.964181908629030
-319.963380754953846
-319.961902272887642
-319.960912097572816
-319.959952768327014
-319.959287415409563
-319.958206136928936
-319.957195090555160
-319.955886778232923
-319.954547649144672
-319.953808053598891
-319.952398762668565
-319.951451169526081
-319.950614213479298
-319.949798965692878
-319.947992516907618
-319.946822179525100
-319.945240393456174
-319.943839900795922
-319.942454154008601
-319.941311508318734
-319.940461840004332
-319.938446823524828
-319.938080394963151
-319.936424562093350
-319.934283948102234
-319.933373537746263
-319.932289072128299
-319.930697215840610
-319.929486847356713
-319.928667780321859
-319.928200405947280
-319.926733891911795
-319.925293134891092
-319.923400639925887
-319.921372204596537
-319.920627372385695
-319.919951212181729
-319.918519863457561
-319.917234838000809
-319.916269873659473
-319.914520622090151
-319.912354843391199
-319.911397756975703
-319.910308787313170
-319.908322156392444
-319.907577493327608
-319.906532746664425
-319.903744042176811
-319.902850720341178
-319.901941698688915
-319.900298108786956
-319.899745216427903
-319.898148086671540
-319.896509672259185
-319.895290696579821
-319.894042690281140
-319.892997198200476
-319.891284229489941
-319.889832461825506
-319.888558077256334
-319.887385544263907
-319.885062562650319
-319.883447382000952
-319.882494137359913
-319.881601093002416
-319.880471976515480
-319.879731262098517
-319.876597988745345
-319.875386043660512
-319.873944350151987
-319.872124717306917
-319.871361810836220
-319.870195481063774
-319.867554238605408
-319.866033395047737
-319.865631687926225
-319.864332508487280
-319.863012070534012
-319.862361868150003
-319.861808660358065
-319.859462330807560
-319.858035856383992
-319.856300584162625
-319.855316201141704
-319.854222745148093
-319.853775632270583
-319.852477511284349
-319.851080660984223
-319.849946777742332
-319.847063511753504
-319.845372224509617
-319.844008760015583
-319.843026418889622
-319.842150804559765
-319.841281557685591
-319.839781480277281
-319.838919480012635
-319.837297434710649
-319.836639611887904
-319.834717820339449
-319.833452356263592
-319.832310757753760
-319.830948840092219
-319.829318863580738
-319.827735581937702
-319.826035287878142
-319.825617259561966
-319.824706357223704
-319.823662751917141
-319.822537016410649
-319.821339288987019
-319.819624536744470
-319.818066959029863
-319.817657657140160
-319.815808154937884
-319.814854405274218
-319.813349529536140
-319.812671780624385
-319.812332070199432
-319.810080911847251
-319.809055216947058
-319.807875585394640
-319.806197764112540
-319.805457911268491
-319.804881288067349
-319.802835738243971
-319.801037837042145
-319.800008056687659
-319.798344884786900
-319.797299631772262
-319.796529279794186
-319.795095304948518
-319.793899982792709
-319.792173572594152
-319.790213937348540
-319.790006350427063
-319.788892705610010
-319.787408252566991
-319.785912094370133
-319.784464796774046
-319.782024006703580
-319.781170049708862
-319.780156760837087
-319.779372358816147
-319.776584400616059
-319.775103096286671
-319.773159270940141
-319.771810101878998
-319.770363900580037
-319.769461260911726
-319.768791484154065
-319.767549415237397
-319.766758174939639
-319.765067221502250
-319.764285428407732
-319.763737670352839
-319.763163982433525
-319.761868045830170
-319.759952758931547
-319.758686187753483
-319.755990018714613
-319.755017882069581
-319.753817242154128
-319.751686575838050
-319.749019607240427
-319.747884849734930
-319.745907083465795
-319.744044410320043
-319.743229777536953
-319.741603844860094
-319.739648690673391
-319.737360796691121
-319.736923282387011
-319.735442246274829
-319.734427843899880
-319.731501221394637
-319.730861188496988
-319.728877020467962
-319.727937101295424
-319.726285546591498
-319.725319133829544
-319.724705571850166
-319.723755240543539
-319.720670847150586
-319.719691459504759
-319.718066963763476
-319.715679786748922
-319.714324170599411
-319.713536927221355
-319.712009650261678
-319.709818003954751
-319.708706043456118
-319.706995616535664
-319.703649085054622
-319.702200622948112
-319.701705135745499
-319.701138184119031
-319.699570123145691
-319.698930423968079
-319.697982690159733
-319.696921540396943
-319.694632092530014
-319.693402589658319
-319.692583097627676
-319.691566486298711
-319.689117301909334
-319.687868166506973
-319.686969089337993
-319.684716197697924
-319.683034168864367
-319.681933983169131
-319.679884110133287
-319.678628174553126
-319.674873382897090
-319.674583632181623
-319.673578887135250
-319.671586029941921
-319.669689166104490
-319.668116122950096
-319.667319535856109
-319.666049826611641
-319.665322801605157
-319.664801139450162
-319.663208479595880
-319.663081944932287
-319.660984296807044
-319.659984935066234
-319.657847570597767
-319.657054578343377
-319.656271180223257
-319.654070802839897
-319.652520621552526
-319.651098717771674
-319.650150285599750
-319.649157529149477
-319.647798503287277
-319.647112261443112
-319.646277779264892
-319.644507516762872
-319.642771620583915
-319.641079984888052
-319.640156746808088
-319.638594277006348
-319.635888336634991
-319.634638130423411
-319.633101387991871
-319.630478333902033
-319.630217875718415
-319.628073560825328
-319.627268808749648
-319.625701528729678
-319.624699315839166
-319.623747120601308
-319.621287398917104
-319.620036140211880
-319.619786946226498
-319.618917556246288
-319.616707449216506
-319.615742907113315
-319.613399363631686
-319.611591019542459
-319.610177905417743
-319.609428680894098
-319.607819288490020
-319.607136067272563
-319.605985129516796
-319.604277601284764
-319.603356078047398
-319.602102261353934
-319.599584411946239
-319.598577777408821
-319.597707221669168
-319.597079119216858
-319.595637620424156
-319.593969255884360
-319.592029419303969
-319.591149776805310
-319.590117896500828
-319.588450757526630
-319.586648747580966
-319.585491898912665
-319.584811202212734
-319.583804209105665
-319.582483291365122
-319.581433927256569
-319.579648777158695
-319.578744383739263
-319.577180605514059
-319.575105673387782
-319.574171188489743
-319.573451626629549
-319.571465483082306
-319.570587948956074
-319.569865965299414
-319.568352732478388
-319.567800540141661
-319.566265491338186
-319.565163672299036
-319.564551274568998
-319.563069816671486
-319.562928586783642
-319.561295636429065
-319.560085118998813
-319.559015666230550
-319.557559705904453
-319.556469672869298
-319.554966114093247
-319.554202545826570
-319.553015998840181
-319.551474327948199
-319.550678625323201
-319.549019084987094
-319.545459330962444
-319.544369993593193
-319.542781488929904
-319.541567709275910
-319.540644188536362
-319.540163564488182
-319.539465840666537
-319.535514516659077
-319.534734999070167
-319.533296913291849
-319.532670461237217
-319.530328807369585
-319.529594765582374
-319.527405839795165
-319.526085239017789
-319.524553518733569
-319.521876221301284
-319.521033055589839
-319.519873384670404
-319.519031363553438
-319.517493587517151
-319.516115217549213
-319.515917064075722
-319.512253116320892
-319.509817206822959
-319.508882335473629
-319.506716441429944
-319.505353408705332
-319.504524270682396
-319.503856759025268
-319.502271027695201
-319.501335195775653
-319.498218240308631
-319.497204796605786
-319.496742732846087
-319.495382823451166
-319.494256686977963
-319.493075158317538
-319.492322121368716
-319.490475892998234
-319.488753397241624
-319.488018014053353
-319.486129072427559
-319.484851377340419
-319.483581961439654
-319.482422282548555
-319.481519535307257
-319.479330619237601
-319.478124152055898
-319.477765253612915
-319.475861896989329
-319.473934592274020
-319.472767215081092
-319.471653535473990
-319.468075444107058
-319.467592150934536
-319.466299114004698
-319.465049624230062
-319.463227353012940
-319.462452541777395
-319.461574811987077
-319.460622531556965
-319.459296620355985
-319.458458928945902
-319.457416980553035
-319.457021898726737
-319.456103161661304
-319.454530832757087
-319.452030612481735
-319.450578583889126
-319.449095625129587
-319.447059433228674
-319.444518568859564
-319.443632518007405
-319.442268284797422
-319.441171163857234
-319.439859714300894
-319.438062672902447
-319.437213115173620
-319.435606641961556
-319.434584866398836
-319.433597817848693
-319.433092939477319
-319.431996929173977
-319.430927072938061
-319.429340243469142
-319.428713628599780
-319.427861160893656
-319.425490995281677
-319.425061805476844
-319.424331911047716
-319.423593121318390
-319.422368179715534
-319.421459495533497
-319.420227198077725
-319.418660042883062
-319.417915231485779
-319.417202878293040
-319.415905760681540
-319.413988408312889
-319.413531571051237
-319.411833965118774
-319.409654611986923
-319.409005434534095
-319.407083239150779
-319.404968210195761
-319.401293000374039
-319.399904105476821
-319.398977098161481
-319.398068568844280
-319.396483595534335
-319.395066481920878
-319.393821282795216
-319.392167632879250
-319.388753568681295
-319.388265490050060
-319.386841147441544
-319.385171656516832
-319.383497316773969
-319.382782735640262
-319.380565166617203
-319.379650263527992
-319.378812903171365
-319.376487512739402
-319.375248397632220
-319.374187885783101
-319.372329303791673
-319.371570991944907
-319.369830098408215
-319.369272151891778
-319.367914825788318
-319.365781303572533
-319.364961756969990
-319.363979857378411
-319.361447502999397
-319.360202441519107
-319.359465009377857
-319.357006558110072
-319.356171143170172
-319.355562945162262
-319.353342329539146
-319.352531208034463
-319.350526845359070
-319.350137704497286
-319.347389961115255
-319.347193529495598
-319.345911006697122
-319.343692111262499
-319.341938967903957
-319.340864138314942
-319.338210176456187
-319.336720781188319
-319.336025228399535
-319.334101177109233
-319.333345578393278
-319.331989268511450
-319.330508638279014
-319.328471767569681
-319.326481413966121
-319.325437570371946
-319.324936256282115
-319.322861692008814
-319.321665068450898
-319.320891227233346
-319.319211222676415
-319.317932957688981
-319.317124286442322
-319.316207731047712
-319.315383754066829
-319.313866423262255
-319.313338232579895
-319.312562303474408
-319.310497360570480
-319.308633693354523
-319.307828686919208
-319.306753155747344
-319.305114377335030
-319.303910826973890
-319.301990800156773
-319.300612442039608
-319.299617258212493
-319.297801025503873
-319.296302271050820
-319.295558792652400
-319.294406415840513
-319.292836190146545
-319.291422102310833
-319.289703054975519
-319.289206193928521
-319.287902277140176
-319.286767456327254
-319.285172944873693
-319.283272295556628
-319.281835994389894
-319.280774395439721
-319.278873698691200
-319.277264360043716
-319.276471893230791
-319.275360773032219
-319.273511922481362
-319.272728133598036
-319.271086128607351
-319.270038095729035
-319.268119035926304
-319.267288895524530
-319.265675044116051
-319.264027736721630
-319.262298956114876
-319.261193274964171
-319.259620918027338
-319.257799123936195
-319.256779374423616
-319.255658481685487
-319.254493873557578
-319.253217144922701
-319.252368780851498
-319.250249505523300
-319.248229244670711
-319.247351499046658
-319.244992697264365
-319.244067328968129
-319.243003471920474
-319.241349111389638
-319.240237163553786
-319.238493400000550
-319.237993519420627
-319.234631790782998
-319.233570412450717
-319.232118118097162
-319.230353331105221
-319.228725224975960
-319.227436905731111
-319.226372516501954
-319.224756587205718
-319.223734074711842
-319.221475554223048
-319.219926459546343
-319.218439555986947
-319.216720886471705
-319.215501464754993
-319.214530061667347
-319.212992567143601
-319.212506835274723
-319.210224175710437
-319.209653587542903
-319.208671767538533
-319.206133681027666
-319.204689932779672
-319.203577899825461
-319.201468041747773
-319.200547393427257
-319.198606592097917
-319.196723025558981
-319.195533835994638
-319.193496359000164
-319.192327354984968
-319.191469262883970
-319.189452769724369
-319.188272646974610
-319.186420742418818
-319.184560444316787
-319.183036010103365
-319.181769367063850
-319.181007041899989
-319.179305300362614
-319.176224036286840
-319.174870818904594
-319.172620157938525
-319.172036712423903
-319.170721318263418
-319.168203082080140
-319.167807928089303
-319.166585863124283
-319.165320794222112
-319.164430462343091
-319.162650465397860
-319.161152964712130
-319.160348631882925
-319.158460412288207
-319.157461149875076
-319.157221292945678
-319.155933795412523
-319.154965669467231
-319.153904651005973
-319.152288844207249
-319.150824980755829
-319.149561747801783
-319.148596385214603
-319.147513936978157
-319.146202859916457
-319.144052419904028
-319.142949738947209
-319.141789664427051
-319.140038302376581
-319.139228425999306
-319.137377463356415
-319.135597928752077
-319.133246345743601
-319.132085317176745
-319.131074796873861
-319.129723171326418
-319.127921406339055
-319.127302858579014
-319.125922227583999
-319.124182614860445
-319.123564003473462
-319.122653782643397
-319.121201997458854
-319.119348422376390
-319.118378591266378
-319.116885421594361
-319.115708315854135
-319.114712339710593
-319.111601820908845
-319.110729944875004
-319.108890876965518
-319.106992775445008
-319.105673919842616
-319.103999690205285
-319.103181312814797
-319.101382467817075
-319.100465781465516
-319.098663895695552
-319.097014861962862
-319.095672913292447
-319.093708009517968
-319.092689040744858
-319.091825352667001
-319.090081891300997
-319.088473948263015
-319.087364601865545
-319.085650027980080
-319.084397503526191
-319.082662837798125
-319.081327176976401
-319.080429676381641
-319.078466584369380
-319.076223774848870
-319.074686501905205
-319.073986852779569
-319.069511077773313
-319.067815634079352
-319.066738607009370
-319.063574946861195
-319.061941217617175
-319.059959516069341
-319.059081179484963
-319.057407965429206
-319.056242438388381
-319.054581466319803
-319.053450920783177
-319.052423378959929
-319.050069069779340
-319.046711111036984
-319.045730300993284
-319.042794325041484
-319.040740733379380
-319.039527820245098
-319.039022157484226
-319.037020350563353
-319.035123382377719
-319.032250139878556
-319.031511352008238
-319.028630946047429
-319.026693847179160
-319.025794559341250
-319.023037179125083
-319.020890561842407
-319.019370057492722
-319.018068626268644
-319.016310229842531
-319.015295951073142
-319.013741877782536
-319.011832150938062
-319.011478817671559
-319.010486183011835
-319.008897819765423
-319.006282200587520
-319.004988878189295
-319.004078103301140
-319.001393092212709
-319.000579560466292
-318.998787712182377
-318.997647327153516
-318.995160186758937
-318.993816030520236
-318.992094109071502
-318.989890803727121
-318.988043340462355
-318.986278054763034
-318.985833712048475
-318.983002740257461
-318.980869396174455
-318.978912143662683
-318.977190362545571
-318.975937117753972
-318.975179662595963
-318.972424846910485
-318.970798028049842
-318.968494875168631
-318.967372458349246
-318.965983891372332
-318.963291338143449
-318.961517659472008
-318.960267457525390
-318.959582667902566
-318.958466772284510
-318.956191929648242
-318.955269961687065
-318.954428569810830
-318.952192209094278
-318.951409696446035
-318.948730907848869
-318.947626699254499
-318.944748252719648
-318.943958997033803
-318.942321572629396
-318.940592650929545
-318.938435487949732
-318.937720025800672
-318.937264441278330
-318.934855771613741
-318.934077237539725
-318.932823337609477
-318.930948755375312
-318.930108504882071
-318.928611139858845
-318.928244955465516
-318.926850900390491
-318.924906943709175
-318.923377884376634
-318.921235317326762
-318.917853672338367
-318.916758969805358
-318.915791552024587
-318.913467853470365
-318.911783491642382
-318.910268840602896
-318.909128817869316
-318.907814080172272
-318.906512683403491
-318.905610238379040
-318.901174727948955
-318.900387011387181
-318.898542357342933
-318.897589903968196
-318.895707620179849
-318.894413366702111
-318.891754708234487
-318.889779750770742
-318.886580985783326
-318.886147642600463
-318.883777721930244
-318.882029660379033
-318.880193617134523
-318.877991458162171
-318.876405576199090
-318.875904011486909
-318.872666797201191
-318.871495146434427
-318.869789047852578
-318.866919962623797
-318.865193590680860
-318.864017040621547
-318.861360724057363
-318.860104764488540
-318.858248921048357
-318.856210326479925
-318.854614532137134
-318.853900596342669
-318.849719654973342
-318.848614462398587
-318.847825908428774
-318.846701289357839
-318.843979148182825
-318.843951037744489
-318.842390983752068
-318.839892117231784
-318.839028225590539
-318.837115863610279
-318.834375573144257
-318.833890639632273
-318.832855525769901
-318.831501368405952
-318.830332565116521
-318.828810032441595
-318.827478388262023
-318.826275497382596
-318.824757308575897
-318.823092404023896
-318.822050939884036
-318.820762149468067
-318.817415615683217
-318.815331927346847
-318.813677713613743
-318.811354674973586
-318.810152975701328
-318.809578114220585
-318.808653076708936
-318.806234964316445
-318.804341264355855
-318.802937016479859
-318.800362430699352
-318.800172769337792
-318.799467544245829
-318.796692368035451
-318.794164318702030
-318.793210150556888
-318.790719593650408
-318.789306322019456
-318.788073844468613
-318.786917234103726
-318.784884600574742
-318.782347341545687
-318.779989439298788
-318.777198074022749
-318.776758501919346
-318.775999759192985
-318.775022603098023
-318.773337368129432
-318.771004523295176
-318.768453734705986
-318.767232244148033
-318.766239861462168
-318.765099910588390
-318.763021900439981
-318.761635973716693
-318.759577779923859
-318.758278645656560
-318.756639886351479
-318.753982353344270
-318.751741080321494
-318.750969052244500
-318.749558686694911
-318.748776194602556
-318.746037958451382
-318.744041572541789
-318.741598266307960
-318.740432752625395
-318.738920660396559
-318.736870336243953
-318.735369895044869
-318.732248745259483
-318.730768154829946
-318.730443422361532
-318.729047548606445
-318.725225475925640
-318.724059186718534
-318.721795904035048
-318.721028251597943
-318.719654307775670
-318.717110539229623
-318.715333070746055
-318.714338834360660
-318.712619873658639
-318.710176848338619
-318.708211851779708
-318.707587965084599
-318.706471489597220
-318.704411056220749
-318.702181666842250
-318.699442084942518
-318.697313707350190
-318.693951275443794
-318.692302751075829
-318.690397361721864
-318.688405359313208
-318.687291455139700
-318.686210802673429
-318.682753830995637
-318.680863190548394
-318.679935829762655
-318.676327406193025
-318.675301310347493
-318.671324607780718
-318.669770553385831
-318.667568112957781
-318.664638906779885
-318.662842348555102
-318.661729859734521
-318.659752904617790
-318.658115412213931
-318.653698712756807
-318.652768701742161
-318.650156041872492
-318.648386380836769
-318.645203043263734
-318.642509271847018
-318.641703010177935
-318.639417153487329
-318.636466946366227
-318.634402872279111
-318.632765791346344
-318.630143085885095
-318.628635509978608
-318.627349123710530
-318.626605520530006
-318.625180543052863
-318.623523922066397
-318.621124534337582
-318.619755673254303
-318.618841930369797
-318.617569486397144
-318.615772642380648
-318.613003354902048
-318.610776216512875
-318.606629008722848
-318.604458907537264
-318.602926642085947
-318.601006956602760
-318.599360707511380
-318.598893109100231
-318.595634300223594
-318.594224687757105
-318.592404156535906
-318.590967528667193
-318.589962080052487
-318.588089522797759
-318.585534810018203
-318.584192283190191
-318.581321819171592
-318.580308970158171
-318.578073996338730
-318.576465393195690
-318.574385655866990
-318.573188071600725
-318.572421856861411
-318.570019237897384
-318.566685406634917
-318.562675145428159
-318.560923857561761
-318.559732322032630
-318.558054048059603
-318.556798046843483
-318.555427622762579
-318.554343107758427
-318.551998634569770
-318.548286991750899
-318.546249943880923
-318.545770627482341
-318.543213500801926
-318.541461546942344
-318.541228316282400
-318.537388223774826
-318.536826759565940
-318.534575588872883
-318.532128505016146
-318.530925841948829
-318.524726960082262
-318.522354586714300
-318.520273529869598
-318.518498706041953
-318.515176529067389
-318.514427535424147
-318.511434077252090
-318.509618165833388
-318.507047613835994
-318.504992523344470
-318.501629927938836
-318.500912190698955
-318.496578721926369
-318.494706586599193
-318.493623736299924
-318.489468459697719
-318.487711228883086
-318.485225645433331
-318.483022961356710
-318.481918728255096
-318.480871126844363
-318.479884194911676
-318.478059560490124
-318.477296060371486
-318.474062991991730
-318.472341586737741
-318.471299557830150
-318.468367700389592
-318.465057930517617
-318.463305402859362
-318.461636263399157
-318.459679645374479
-318.457061584588871
-318.455171737151204
-318.451890435021653
-318.451164364341366
-318.449614604751105
-318.447064570147973
-318.446584970849358
-318.443544714635664
-318.440543177267784
-318.437854722097654
-318.436017071239064
-318.429993124133659
-318.428448654335909
-318.426462242652974
-318.425175473342279
-318.418934593765812
-318.416981550605669
-318.414283880036976
-318.412078178869876
-318.410515874090038
-318.408836310733079
-318.408110811868539
-318.405018065746674
-318.403645322308591
-318.399767139946846
-318.394104539461580
-318.392858486540206
-318.390366854074387
-318.386916869084985
-318.386029922219734
-318.382460928246132
-318.380732900352200
-318.379562464112269
-318.377291429066702
-318.375146935862062
-318.372550115508091
-318.370591856971771
-318.367334056203561
-318.363567671830367
-318.360701383377034
-318.358920011471696
-318.356005210900946
-318.354307592029386
-318.351324826103792
-318.348396973878494
-318.342724786224892
-318.340870343842141
-318.339913242018383
-318.338854869938189
-318.337232373047414
-318.331611056251177
-318.328094558733937
-318.325443447832185
-318.322617564623044
-318.317669260946559
-318.316117599818426
-318.314642471398656
-318.312207078194433
-318.310795489185921
-318.307840949273952
-318.303961798108048
-318.301195964055751
-318.300245386194263
-318.297982005559220
-318.294482734402777
-318.293030432592047
-318.290504557961697
-318.285032154577323
-318.283334992507775
-318.280719505356558
-318.275136787740450
-318.272513641747423
-318.269587286930914
-318.266490295731785
-318.264871393984492
-318.264162774584008
-318.258673383875077
-318.257717039681154
-318.254985506861431
-318.248428899659018
-318.243995678066881
-318.240482378555100
-318.236818937356134
-318.233353832809314
-318.231624851467473
-318.230472911333891
-318.227800357420904
-318.226319851543565
-318.225177904979944
-318.223008691407415
-318.219502501907982
-318.216922180841891
-318.215715847986701
-318.212451334333593
-318.209772419494755
-318.205276800505658
-318.203698628727068
-318.201750529352864
-318.198876739646096
-318.194850274068756
-318.191183731028332
-318.187897122507650
-318.186800622426517
-318.184469709159657
-318.180133305661400
-318.176375717877988
-318.173751873560548
-318.167712370507445
-318.163926196854732
-318.161080279866098
-318.158919352520741
-318.152760918450156
-318.151867853586793
-318.149255235995213
-318.145456877671393
-318.143265137974026
-318.142600542165042
-318.139858607711517
-318.139163506350542
-318.132960597328577
-318.131072055812979
-318.129307332009148
-318.127226531805604
-318.124288941584496
-318.121162382399518
-318.119521077429624
-318.110335724202514
-318.107502372675071
-318.101504444411717
-318.098281045269516
-318.097327859528775
-318.091756710204663
-318.089822032129973
-318.086829665307789
-318.083583527206088
-318.079924939487398
-318.076260188522440
-318.074653873093439
-318.071722581554354
-318.069304974664135
-318.066235061152213
-318.064148254842678
-318.061433185173541
-318.056955754909723
-318.055052250160088
-318.050792981538564
-318.045113275614028
-318.044189661385019
-318.040764682029817
-318.037796861283596
-318.036411052131200
-318.034307499331476
-318.032917626035157
-318.028955760649069
-318.027181799236644
-318.024941325312795
-318.023906223898166
-318.020291305245053
-318.018563633763392
-318.015873104007369
-318.012642767629302
-318.005228211788108
-318.002563375587158
-317.998345919569147
-317.993892318652001
-317.992823896712366
-317.987423650807500
-317.985001957992154
-317.978176716220560
-317.975563003656646
-317.973203589937157
-317.966285909362398
-317.961824157575734
-317.958310116437644
-317.954320770615766
-317.953408570684473
-317.951814647274830
-317.949545353289693
-317.944821394774635
-317.943846116418854
-317.941096436106818
-317.937120883946307
-317.933357793636389
-317.927992930037988
-317.926630802879458
-317.922663610372126
-317.916488171288847
-317.911276401263649
-317.907988337856011
-317.905791965906587
-317.895515522667665
-317.894431870611356
-317.891888774720542
-317.886005635158710
-317.883081819282211
-317.882228685809480
-317.878366206527346
-317.872676598803935
-317.870368915432721
-317.867598515028135
-317.866009575097223
-317.861294312173300
-317.859482556161083
-317.851057889297124
-317.846823282045705
-317.845085675140069
-317.842485287410341
-317.839483876893325
-317.835000290359801
-317.832273633283421
-317.826827647504160
-317.821924562506240
-317.819666966425530
-317.818849235671053
-317.818023213962988
-317.813782157183880
-317.810772198798361
-317.808115267633696
-317.806152684493497
-317.797522631389825
-317.795376059563978
-317.794031624207491
-317.789385895612895
-317.788365328772386
-317.780202421398599
-317.779670731162412
-317.777863462548680
-317.774690189178102
-317.768667081320416
-317.767950877480871
-317.763417862851270
-317.754879565933834
-317.752713938013187
-317.747605174331170
-317.746101134847493
-317.744666399178243
-317.742108854806077
-317.739364941231031
-317.735658384460805
-317.732026935464830
-317.726867283631236
-317.721850810042326
-317.718185091252053
-317.714938931488632
-317.711315892371374
-317.708838337553289
-317.707527966732926
-317.700498954991076
-317.695837152853301
-317.695370230554772
-317.691108969248774
-317.690387651323874
-317.686092961366171
-317.682841745189592
-317.680154943174671
-317.675900021753876
-317.673124085056429
-317.665796581715313
-317.659473288526272
-317.654540443066026
-317.654124171357410
-317.652780031331247
-317.647752068980253
-317.645480127028009
-317.644305642816164
-317.638631313026735
-317.637887997261146
-317.635089795853105
-317.631864834411829
-317.630273916394060
-317.628983929119329
-317.627699518900556
-317.623090456533816
-317.614499657448732
-317.612713820616705
-317.609433601183241
-317.604274808176854
-317.602819412419933
-317.599148930689068
-317.595978544475940
-317.593150657698629
-317.590798933035387
-317.590123525550439
-317.588359729992021
-317.585444639634147
-317.583173813786516
-317.581345918809916
-317.574405421916197
-317.572573745772388
-317.570821583422855
-317.567216185638813
-317.559719406818772
-317.557825480986139
-317.557004486847177
-317.552997071170410
-317.548441932261994
-317.542916879689187
-317.538914725005270
-317.538086158337194
-317.533927287664596
-317.532633946673741
-317.529604397802927
-317.523076728570686
-317.521296034162049
-317.518837331985253
-317.516263811424778
-317.511779512161638
-317.509193370993160
-317.500192708107079
-317.497430691360194
-317.486585202943502
-317.484312189244292
-317.480509444670588
-317.479084883923690
-317.470666160288317
-317.468451664714337
-317.466000966178228
-317.461376144955977
-317.455365850154294
-317.450691674917778
-317.443985193101184
-317.440866495585112
-317.439300300564014
-317.436899516436426
-317.434280444102171
-317.428685187607755
-317.421099323228816
-317.413734173023158
-317.409244808501114
-317.404049920403907
-317.397231330298041
-317.392873630571557
-317.390920947699783
-317.381519511787928
-317.376870724509672
-317.371537884073064
-317.369231439511282
-317.367915304670021
-317.365886477261085
-317.355563295032766
-317.352281807781310
-317.348150714119640
-317.347304253522054
-317.339879144931160
-317.336877269955039
-317.327459742158510
-317.322918114299569
-317.316596982777071
-317.315667468455274
-317.303371325236981
-317.300924169522148
-317.297662944580225
-317.296259172309135
-317.287209043850453
-317.286701045308291
-317.283991580685097
-317.280063714417963
-317.276771517033922
-317.263893089240867
-317.260849860687244
-317.258685142331956
-317.258085066816136
-317.250773423832584
-317.239090532602802
-317.236442627090241
-317.215639632928401
-317.211589219351708
-317.210151773663085
-317.205520908911069
-317.202013154862755
-317.196207369729848
-317.194170837888862
-317.188994409551412
-317.187690004312685
-317.182172438322539
-317.169274465773071
-317.151595681462709
-317.141170276365017
-317.134940489655037
-317.126413683440717
-317.122313249913702
-317.113257400908708
-317.109234523002158
-317.101849001838730
-317.096403484145242
-317.094136517597519
-317.072724936875318
-317.061340418685347
-317.056936508296246
-317.049591393146727
-317.042612961140435
-317.014560772537095
-316.996158125208012
-316.980695393651672
-316.968309064992013
-316.963535035140467
-316.953210011088515
-316.952088908968904
-316.948697777727432
-316.943191710032295
-316.940527561321687
-316.935035619810662
-316.928461228097717
-316.919712775036260
-316.913872361686174
-316.884802423849521
-316.868863497861696
-316.860776761320039
-316.838598987391038
-316.826173034865349
-316.814313761895676
-316.807840603773457
-316.799687869633885
-316.766147556884903
-316.729585160340491
-316.711395190101371
-316.695115662565684
-316.680591148790427
-316.592586225677849
-316.545263329970282
-316.531240797169801
-316.424840433744805
-310.963253432519082
-310.914183371664194
-310.861682369175298
-310.854183685609939
-310.825755072891582
-310.818925277789560
-310.790114157336973
-310.750372239070771
-310.746849444520933
-310.741090627372046
-310.713157189530079
-310.709956617391185
-310.704497703759898
-310.700811562151159
-310.691697940314441
-310.687188991621440
-310.682229440540368
-310.678937071890800
-310.677071224543397
-310.673444604705765
-310.670025430692590
-310.665027879658169
-310.661019140485223
-310.653868572163105
-310.650346318520235
-310.647009295631449
-310.642436016334784
-310.640607968836264
-310.640044261082721
-310.636594820780090
-310.631236498489784
-310.625543886555420
-310.625170605273524
-310.621621714962373
-310.621404885589527
-310.613607344474474
-310.613502415371215
-310.608048868462674
-310.605576580214347
-310.603961079612873
-310.597911651248296
-310.597579950841464
-310.592044289566388
-310.588941826791483
-310.588781851433794
-310.587973525971677
-310.582580093813363
-310.581858699371821
-310.580345129516388
-310.579066626807617
-310.573980403095447
-310.572460494445693
-310.570320062723397
-310.562322097344975
-310.559675873296612
-310.558735848121955
-310.558450258269602
-310.553620961006516
-310.551300964491475
-310.547694439983957
-310.546512871423147
-310.544311778913141
-310.543772782328631
-310.542969091547150
-310.539149725469031
-310.535853722387628
-310.534535577497536
-310.533353517789465
-310.531443973719206
-310.527650911558396
-310.526440387422895
-310.523015466964807
-310.522729301608138
-310.521027103532106
-310.516875352434340
-310.514728964805101
-310.503831504249945
-310.502983400345670
-310.500609553034394
-310.498942316452030
-310.498043556959772
-310.493187923320988
-310.488140122268987
-310.487154654663982
-310.484721968722397
-310.483401024587977
-310.482889757019223
-310.471563012063712
-310.470561286283782
-310.465682892637858
-310.465486312645567
-310.461893333085413
-310.459919255708883
-310.447157154178228
-310.445936308065654
-310.439092778655095
-310.435268682024969
-310.430904412450957
-310.429730999204025
-310.429128551900249
-310.424102794094438
-310.420648044682139
-310.418321655967986
-310.416906206638259
-310.411884234415197
-310.410924994056302
-310.408121317709231
-310.405574878894527
-310.400291846508992
-310.400112305010680
-310.396036861180960
-310.390921904758329
-310.389504767158030
-310.383997293897096
-310.380864416457030
-310.375450943373266
-310.375232685148831
-310.372366570932115
-310.371389698977680
-310.370855262374960
-310.370225911664420
-310.363169206489715
-310.354691779785810
-310.353811834405064
-310.352165403400363
-310.350567853902589
-310.349608207362451
-310.339078810368392
-310.335604076605023
-310.335043553449339
-310.326845766354324
-310.324501982062770
-310.323006068028008
-310.320162816769141
-310.318384316259255
-310.314566319876405
-310.313140562614990
-310.311865571444287
-310.311375273946396
-310.303226725226523
-310.300153808305367
-310.289056296945603
-310.287037320102968
-310.286226046031402
-310.282917352091943
-310.279528471590481
-310.277005694939874
-310.273059870667680
-310.271876745242764
-310.262858337506827
-310.262056410857838
-310.258786267788309
-310.254857011766660
-310.250135469002089
-310.249356533805440
-310.241934756753380
-310.238190750652905
-310.236592446779355
-310.235264418263398
-310.230822985325347
-310.224946418849186
-310.220118729674766
-310.218810280975617
-310.213417896473800
-310.212546857686618
-310.208213111232681
-310.207754081491146
-310.207493035132359
-310.202401391430783
-310.200452466022625
-310.193722067576743
-310.190478619229168
-310.187117875750971
-310.186180978688583
-310.178365354190134
-310.175423175446269
-310.175240859122539
-310.168346363946341
-310.162775893084188
-310.160746314750781
-310.157491945130005
-310.156664344484454
-310.153524765441375
-310.150942836699187
-310.146072557210800
-310.132432007728198
-310.130617241478774
-310.124439201301414
-310.122661747360667
-310.121155819871149
-310.110505199650902
-310.109884818102330
-310.106516871776648
-310.101363176162579
-310.097056920111868
-310.093525182723056
-310.091086900457697
-310.087114139776077
-310.083037908035521
-310.077981656670545
-310.072956369503004
-310.070450929044284
-310.065863533088361
-310.062363815992512
-310.060464770372732
-310.057496138159308
-310.050255485777313
-310.049330129234193
-310.043635200003450
-310.041450438971935
-310.040003776205253
-310.036622626967130
-310.032604585577701
-310.030476221207266
-310.029844117899415
-310.024676658798512
-310.017858450150641
-310.008791772833433
-310.005906786881837
-310.003870632261624
-309.999830715453015
-309.994313999102189
-309.990561058873141
-309.975161695820759
-309.972752634484948
-309.972115494795162
-309.965544901689043
-309.961496186396744
-309.951464051731818
-309.949857889807788
-309.947724348819918
-309.934272702398687
-309.928328677585512
-309.928085435611990
-309.920970406306083
-309.917281834806317
-309.912410885044608
-309.906070808205072
-309.896241368602375
-309.896009702369383
-309.894601521987113
-309.880281812738588
-309.880016842419536
-309.869397974257538
-309.855148316078328
-309.854251282660414
-309.839377959023750
-309.838509147047148
-309.836167383965744
-309.829986023073161
-309.814986923672734
-309.814750447122947
-309.813397161811451
-309.798246027367099
-309.793841189833472
-309.788107745195759
-309.782067557605274
-309.778172336799116
-309.772330261504919
-309.768632067098849
-309.764552935626170
-309.747893213774148
-309.740088078371230
-309.728649425586696
-309.713435213450737
-309.703764244838567
-309.700086174400496
-309.695242104805345
-309.689855591885248
-309.667573464889244
-309.657798223792497
-309.656712056741185
-309.649241539856689
-309.628851225273195
-309.622345702936514
-309.615727704963149
-309.608473415573883
-309.599798776375110
-309.594522198671029
-309.589628184556261
-309.588376949060660
-309.576504041847215
-309.574858669938010
-309.556108929581285
-309.552917364568373
-309.550578106433306
-309.546460033284234
-309.543006003467042
-309.535958050377701
-309.529805681050959
-309.522632468355880
-309.511178174543431
-309.497121721927385
-309.493774057800692
-309.487731714053211
-309.481549875488099
-309.476626779095113
-309.472611525776017
-309.457586258241065
-309.444760190424176
-309.442511978363314
-309.442406278989608
-309.431599455134233
-309.416873791161720
-309.403889648359041
-309.403535208107257
-309.399216718605658
-309.396531665522161
-309.387649181275606
-309.385140703584852
-309.372575159155076
-309.371698255988463
-309.345161217868508
-309.344623111815679
-309.334215160288977
-309.327159589094094
-309.325904582038390
-309.322154248187587
-309.305130269708854
-309.303356670465746
-309.300303022110995
-309.293655282898158
-309.286341567780369
-309.285426322866158
-309.272191966380603
-309.249553079582029
-309.246370581163319
-309.239969811782260
-309.225963115336697
-309.222855437481144
-309.211632481865195
-309.204076573928148
-309.185074879643707
-309.183390709681930
-309.182261894343128
-309.175822060262931
-309.159070689883606
-309.152043227334957
-309.146521733802615
-309.123459488263620
-309.120806545741800
-309.099440991318261
-309.098908356244237
-309.088440465791791
-309.082031660502537
-309.079674747902288
-309.050984082123023
-309.048800391380382
-309.047222686564112
-309.036522354347653
-309.015946196270647
-309.003765157434145
-308.996487192324537
-308.994162950136570
-308.985251924926217
-308.981886595133858
-308.970218175753416
-308.961606366312765
-308.960246737776401
-308.948448240943947
-308.939954313647434
-308.937503804642461
-308.923748660495846
-308.918850455594395
-308.905082406610859
-308.899304028495919
-308.895982481936812
-308.892021644446515
-308.891299942981732
-308.881235081201623
-308.875054985693851
-308.871497665210711
-308.868116044007138
-308.852410161010766
-308.851061908481313
-308.840599124532559
-308.830340900453336
-308.814471949020003
-308.814282772130014
-308.801513903794159
-308.798847276971060
-308.776526701630246
-308.762978238887683
-308.745416831712589
-308.742010216497079
-308.738007990515655
-308.737066666750991
-308.715164731795824
-308.703033882005286
-308.702291881172414
-308.685990362334508
-308.674879692552736
-308.670402729023976
-308.666854370325439
-308.664160923864415
-308.641371337879150
-308.634631502988441
-308.629536357530810
-308.620411325608018
-308.596120874836288
-308.578258018767883
-308.576369891697482
-308.571007735474439
-308.568793423587238
-308.567898238411885
-308.549489392541432
-308.545258792662594
-308.540291431787409
-308.533923005849147
-308.523765774237631
-308.517495618419616
-308.496602965490354
-308.493251103458590
-308.491915821037196
-308.477937678286708
-308.468008796304048
-308.457819009988270
-308.457695072785327
-308.441259003231153
-308.431371726283714
-308.414760029647312
-308.412799384140953
-308.402929131752614
-308.397251803013262
-308.396098950016096
-308.384052485970813
-308.379416430251240
-308.371868533767724
-308.365562075346702
-308.357636896880820
-308.357139919512065
-308.334096968371000
-308.327022109419488
-308.315010056207939
-308.303286963588619
-308.299345061575139
-308.293366861518905
-308.287028723833203
-308.274924659954650
-308.269053267920526
-308.251141563205067
-308.235997272780537
-308.221897867243172
-308.215736970319483
-308.210622464039375
-308.196642722377533
-308.187224543804803
-308.165522089625540
-308.162278209682370
-308.145706912663172
-308.126571758106820
-308.113128413641391
-308.112753181316180
-308.096206000057748
-308.096002985453481
-308.077470652755494
-308.072203636029940
-308.052285673763038
-308.040494861751029
-308.018778194241406
-308.010826828623294
-307.967577063835563
-307.958572868430281
-307.947897095956023
-307.937950037192934
-307.917299286555362
-307.905959502050337
-307.891062887884402
-307.889207906920319
-307.862211702599382
-307.860895177977227
-307.856518291540908
-307.851587690507301
-307.822607159434313
-307.800287583967361
-307.789913148742471
-307.768919516656410
-307.756140693776899
-307.721471829690472
-307.702808660745063
-307.676814571809359
-307.673909218361189
-307.644704436490656
-307.623903559728944
-307.588257034686649
-307.577870034103853
-307.539878516646638
-307.518090452924469
-307.496589870327796
-307.421515174314436
-307.406530926014057
-307.380464068919139
-307.329378933076669
-307.306624872668863
-307.304766532029930
-307.268246315399665
-307.216130417966156
-307.161490863233837
-307.140951578988847
-307.124803793416902
-307.120103093897285
-307.089114648606710
-307.079622370833192
-307.074012947313406
-307.048802832663455
-307.031964769271269
-307.010342424942053
-306.998330736434127
-306.997160633210001
-306.984999394127954
-306.984854507220518
-306.983548072720794
-306.940638606190362
-306.934837497143690
-306.917715078193851
-306.913127083195718
-306.892091201079950
-306.887629906591883
-306.880430741290922
-306.870700416740760
-306.852780955958963
-306.845040354082528
-306.839428727554036
-306.790884198890410
-306.732251300273333
-306.717830613215938
-306.686752697129066
-306.600396828967803
-306.587047384245352
-306.512951915235078
-306.509759306735532
-306.504963102441707
-306.494496453805368
-306.438927422796212
-306.384669353783863
-306.315642715798617
-306.307041153021373
-306.285630717526828
-306.278009759241343
-306.256463170693337
-306.246539162566364
-306.237614304933118
-306.231948191121091
-306.224770042318823
-306.206580267346737
-306.194993685669886
-306.190516150672579
-306.180308820472931
-306.176471972974241
-306.157088497351253
-306.152849500627269
-306.145344236613880
-306.143550598641070
-306.139526622300082
-306.130240162334132
-306.125676302815577
-306.110637681118760
-306.098389029481041
-306.095675564816304
-306.085902332138915
-306.061365478959658
-306.050147539372176
-306.038647595725024
-306.032217251315615
-306.022249810750793
-306.014352471472023
-306.004600840381897
-306.001401589501029
-305.995589783866251
-305.982906848562493
-305.974605441242488
-305.963051906857800
-305.958004799546757
-305.941329977372959
-305.931033119472147
-305.924663145061288
-305.921387679167367
-305.900947024059690
-305.898234839978045
-305.893788300576489
-305.881848675537640
-305.874181122788002
-305.856411056931563
-305.849127206222136
-305.834057131920531
-305.830361401777111
-305.807951787428522
-305.786423460031074
-305.782182910221024
-305.766681183965432
-305.755193482935226
-305.750691139093419
-305.730682584908720
-305.706122022145962
-305.699432089031347
-305.690661832364526
-305.683634329192785
-305.672618886668261
-305.661014456668681
-305.648262128862996
-305.631645430216736
-305.624017365608211
-305.607889290516653
-305.593191630443755
-305.568758933059598
-305.557174102399586
-305.544730898522005
-305.533023700256933
-305.515373009901566
-305.508048018707484
-305.484353031317710
-305.481862677588367
-305.471136081189741
-305.443466462723791
-305.431853820918832
-305.399338523560232
-305.378991934803878
-305.360416155504254
-305.341981909752405
-305.306978004334269
-305.279494728943348
-305.273634052222747
-305.223075596024387
-305.206701516653368
-305.201717043498604
-305.173813984650621
-305.150894336464773
-305.105042686147954
-305.073549799428861
-305.061827359153483
-305.042623053092996
-304.996124752432252
-304.986860025392957
-304.957495763873510
-304.942432233892987
-304.921792019681391
-304.904535214745295
-304.880755196847758
-304.852033281858269
-304.799948715260143
-304.782682155455348
-304.772242871270578
-304.765596863092696
-304.738341877340076
-304.717076646604710
-304.689631687158908
-304.663930599576815
-304.611625269053548
-304.592252525531137
-304.568315882849674
-304.560423904501590
-304.520057373256861
-304.499424674267914
-304.489970391036707
-304.474616575195512
-304.462550882720677
-304.430581581402009
-304.394386539472066
-304.385022224032525
-304.363496892717819
-304.341288007854416
-304.317277521931999
-304.295354944563940
-304.276201851121129
-304.226359760315461
-304.212255776598113
-304.194875950315065
-304.148860947955598
-304.120765724305386
-304.112591527264726
-304.080382474879002
-304.037192804091831
-304.009847103300615
-303.991332605806519
-303.973580402638106
-303.944232671726468
-303.912120357161712
-303.869981250246099
-303.861518595833502
-303.831564721585892
-303.785312909924983
-303.765761523379638
-303.714427811584414
-303.661104259172077
-303.629111479822711
-303.611680388436014
-303.557241157028102
-303.515891186337001
-303.466788662739816
-303.435087938467291
-303.305339910600765
-303.295083565683797
-303.225274521209769
-303.197511482873892
-303.168779341289678
-303.145876611318499
-302.936723439551997
-302.798777080664422
-302.581651171901569
-302.563492503295038
-302.502789994228920
-302.475845409117255
-302.462000226392661
-302.444022327779294
-302.395185691635334
-302.321188010774108
-302.168476841480526
-302.059973683304293
-301.690936683194423
-301.646519515365810
-301.536079335883585
-301.513480495302076
-301.488528644631401
-301.480539322353309
-301.478559704459826
-301.474534088941766
-301.470741763140154
-301.463926555659782
-301.455721142092102
-301.452138774026480
-301.445763600086764
-301.444018737537533
-301.434613746535888
-301.433554421501924
-301.427601620793951
-301.424766539189136
-301.421145966474342
-301.418481238166578
-301.413770725111931
-301.413124804041786
-301.409207594022234
-301.395941407015016
-301.395563002412814
-301.386632936415367
-301.380359885624443
-301.380111841952441
-301.373901609496727
-301.372828534715666
-301.367482227236053
-301.367420427923889
-301.363701814073806
-301.361627491215756
-301.356608478980036
-301.356062218791351
-301.351156076383518
-301.347337302610129
-301.343494805072282
-301.339619282777562
-301.336940371442438
-301.333507789872954
-301.330886739722189
-301.326881014926357
-301.325507462942426
-301.318130672918585
-301.316318911251869
-301.313208875328598
-301.311496729321220
-301.301745681302009
-301.298892686953764
-301.293773273277793
-301.287455408582957
-301.286180765438417
-301.279896673905228
-301.279690782766124
-301.273190306729248
-301.263419791092474
-301.262078638841160
-301.252584498025271
-301.250928696244046
-301.245781440973417
-301.242902321032432
-301.236285269074813
-301.227555812072467
-301.226824732382681
-301.213752476710965
-301.209059205441463
-301.208978098302850
-301.203043765482846
-301.199587927658968
-301.195693076717248
-301.185916953873573
-301.182313357123121
-301.167087554981094
-301.162099273712272
-301.160745872497728
-301.153469079215881
-301.151487359534826
-301.142922493678100
-301.136127172251747
-301.130971931033457
-301.129425788945866
-301.123962359926566
-301.115366496995421
-301.109599065311272
-301.104417039180305
-301.097552636569446
-301.095089328642359
-301.092103097459642
-301.086158972886096
-301.081208865724818
-301.075165826639022
-301.073697319515873
-301.067062222967934
-301.064939975371885
-301.061061488061171
-301.054108978988324
-301.043876057651630
-301.041229751255912
-301.039747253678115
-301.034743098006402
-301.030804822749474
-301.023968908990071
-301.019449827299809
-301.017645269709988
