-321.573518752955920
-321.558170499602170
-321.539747113235194
-321.530048196634311
-321.528315620513638
-321.524116890394453
-321.521066706818601
-321.512896524179951
-321.510628045790213
-321.507342835981774
-321.502467671607064
-321.500084844387175
-321.497395086011181
-321.496172540655039
-321.488675388937224
-321.484033475649937
-321.480987749992210
-321.480437756098866
-321.476545185888483
-321.471990995183319
-321.470651143673479
-321.467832280105938
-321.464759425171792
-321.462171127776230
-321.456688426417827
-321.452477481895528
-321.448873297761111
-321.446737291541012
-321.444587531577213
-321.441264369845442
-321.437713497284335
-321.434413255227639
-321.433612217291795
-321.430787295890809
-321.427845599024749
-321.425248179702010
-321.423377163503119
-321.421493837954984
-321.418362352204724
-321.415999749003220
-321.414689709298557
-321.410175968407088
-321.409147631423366
-321.407893782196709
-321.405718827865485
-321.404508853622076
-321.402891284744783
-321.400784116617160
-321.397596369008738
-321.395433710128430
-321.394416113638954
-321.393352585880734
-321.392540645348106
-321.390606607090376
-321.388886760271930
-321.387579116971438
-321.386098363375424
-321.384108970847592
-321.381497849575169
-321.380069620271684
-321.379601161450410
-321.376659339738012
-321.376213900995310
-321.374168649027808
-321.372865761842775
-321.371993325361132
-321.370631824619295
-321.369277087513979
-321.366209586002810
-321.365126362688102
-321.363786150783028
-321.363175937164954
-321.361072903751733
-321.359647861263454
-321.357873154179572
-321.357159452434246
-321.354472442191934
-321.353243645182658
-321.352137409320164
-321.351595967658284
-321.350017445406536
-321.348850314370281
-321.347520439010395
-321.345638251433058
-321.343947886472108
-321.342640592560258
-321.341914678408045
-321.339702944717942
-321.338640952495496
-321.337259775152972
-321.335871242126530
-321.335235517930414
-321.332777598656946
-321.331933164150200
-321.330356314729897
-321.329057747957336
-321.328693775714839
-321.327682871142088
-321.325490328219587
-321.324035551505688
-321.322769905901112
-321.321230581560883
-321.319535030212933
-321.318510335792439
-321.317624394585380
-321.316655914437831
-321.314678228493733
-321.312903507947055
-321.311811030883121
-321.310904540825561
-321.309926883698438
-321.309124300336521
-321.306639415892789
-321.305628829126249
-321.304607582565438
-321.303662944028019
-321.302627094744821
-321.301641047268788
-321.301149335995490
-321.300272185863548
-321.297407748679063
-321.297000526639124
-321.295591801297974
-321.294088481724089
-321.293328419971886
-321.292251927700192
-321.291646675708193
-321.289736132993085
-321.289090911146445
-321.287955909262166
-321.286912308376827
-321.286531963205107
-321.285389177855848
-321.284669037946287
-321.283466660888621
-321.282729852025795
-321.281613213412413
-321.280444357066756
-321.279731924419536
-321.278475368504587
-321.276824324403435
-321.276491472290957
-321.275038565616626
-321.274122792280650
-321.273388919499951
-321.272349727444293
-321.271178811602908
-321.270448141480074
-321.269858645311501
-321.268894233464607
-321.267655735714527
-321.266552719725325
-321.266017508551670
-321.265119075760424
-321.263584440365889
-321.263226713162283
-321.262160729310949
-321.261480797653292
-321.260665437571788
-321.259979298503140
-321.259014584203442
-321.257702788206245
-321.256443678528626
-321.255493649334767
-321.254466120547704
-321.253905642393022
-321.252812255690799
-321.252404790880519
-321.251106518049880
-321.249614964614011
-321.249039480175270
-321.248226715490773
-321.247011527903794
-321.246552645016038
-321.245832710229990
-321.244766482897262
-321.244046086055903
-321.243568981511714
-321.242553278723335
-321.241301806180331
-321.240373313010309
-321.239151335293229
-321.238427783509792
-321.237400988893171
-321.236096106681430
-321.235399341181676
-321.234033635085950
-321.233668332592799
-321.232755453277264
-321.232220955500622
-321.230996168772094
-321.229385310540579
-321.228989357994351
-321.228010045643430
-321.227187150136444
-321.226645713260893
-321.225398070365827
-321.223753902598219
-321.223195895339586
-321.221826880666697
-321.221018635361077
-321.219808313638964
-321.218910367187732
-321.218206261825458
-321.217161712208735
-321.216718931396201
-321.214220197585860
-321.213556753042383
-321.212880842863740
-321.212052209274134
-321.211334413812096
-321.210815283580587
-321.209642505207967
-321.208782239064362
-321.207845722791376
-321.207292211617698
-321.206678863766285
-321.206050622629220
-321.205591633450126
-321.204501353721355
-321.203689603634189
-321.202822885772150
-321.202244864853640
-321.201083223243415
-321.200212240766632
-321.199259821969918
-321.198405712693841
-321.197121182290971
-321.195971420088938
-321.195624810504057
-321.194569317834180
-321.194333363843327
-321.193306520080966
-321.192513549428668
-321.192039984548103
-321.191486811322648
-321.190393707367605
-321.189416228706705
-321.188804441574291
-321.187968075448453
-321.186114053455526
-321.185454403809501
-321.184682407478476
-321.184107468106674
-321.183757096188970
-321.182242322635148
-321.181652405341822
-321.181014443624349
-321.179848022776298
-321.178894793564666
-321.178298436739681
-321.177501674259986
-321.176880913859520
-321.175895267724400
-321.175243187264755
-321.174267855758615
-321.173297714871012
-321.172608836093275
-321.171758236120695
-321.171370790028618
-321.170514350510530
-321.169335774418244
-321.168592310292070
-321.167569375054427
-321.167184307049467
-321.166664492422967
-321.165992154316712
-321.164272659176333
-321.163586955862399
-321.163265334663151
-321.161894347661985
-321.161601559575502
-321.160961741155518
-321.160444176422914
-321.159571530626863
-321.158010114438127
-321.157880127228736
-321.157343210759620
-321.156313728384362
-321.155348313736738
-321.154410010524032
-321.153708644028200
-321.152962491423409
-321.152569166784588
-321.151133752488533
-321.150531847927311
-321.149635073277068
-321.149403664503950
-321.148707845989179
-321.147781334440253
-321.147206321791998
-321.146633732869475
-321.145919467451506
-321.145506372971170
-321.144283763268504
-321.143916997905478
-321.142958893500406
-321.142279989659187
-321.141302593085868
-321.140839590796134
-321.139626779614218
-321.138944965310372
-321.138528338086815
-321.137358088590076
-321.136968036148687
-321.136076948079051
-321.135495331382856
-321.134794313880889
-321.134036512658724
-321.133188603433325
-321.132458367510480
-321.131412692268384
-321.130832943488315
-321.130021100190334
-321.129358353821942
-321.128684351202764
-321.127769542720443
-321.127209976328857
-321.126224823351322
-321.126112530744479
-321.124917954080672
-321.124045080270264
-321.123458712288254
-321.122748188219418
-321.122401767345082
-321.121591701401940
-321.120764976185797
-321.120148338369404
-321.118794496137696
-321.118258648737651
-321.117627049661678
-321.116863851016092
-321.116022339053814
-321.114793878249372
-321.114456653011700
-321.113797669569180
-321.112889177634031
-321.112307011663916
-321.111433514291548
-321.111120172253607
-321.110653367589634
-321.109767908616732
-321.108956014633634
-321.108151579651008
-321.107415846857691
-321.106573801950276
-321.105973342116670
-321.105030543076793
-321.104277971262377
-321.103823670043766
-321.102397534371448
-321.101462876648327
-321.100898561614997
-321.100392264513573
-321.099772503424560
-321.098851118247012
-321.098660402966061
-321.097770113307661
-321.096809720799627
-321.095851720930511
-321.095440893635043
-321.094315801084122
-321.094167191761471
-321.092937898899095
-321.092119138205589
-321.091672393056058
-321.090899480070220
-321.090419199059340
-321.089846831379305
-321.089205132959307
-321.088721127652661
-321.088082513821746
-321.087179381363683
-321.086389508323293
-321.085286767152866
-321.084540425690136
-321.084289483217049
-321.083480551081550
-321.082152846700978
-321.081585467894001
-321.081063974453798
-321.080392157432129
-321.079612251735853
-321.078717981426735
-321.077837442361840
-321.076719800568867
-321.076304991382528
-321.075920074236137
-321.075146302380006
-321.074401780104381
-321.073552150608464
-321.073226577099490
-321.072411031970148
-321.071160421360332
-321.070880003908655
-321.069966713511349
-321.069405631340658
-321.068970953066696
-321.068178419309675
-321.067453246233129
-321.066470192642100
-321.065769078311348
-321.065260605669096
-321.064233508435279
-321.063812182095774
-321.063364896770906
-321.062935865053134
-321.061864066828946
-321.061390238931438
-321.060619472470876
-321.059915186699186
-321.058889910800019
-321.058498490456373
-321.057615466114953
-321.057307357394052
-321.056528697110480
-321.055854638027597
-321.055079546424167
-321.054212246014231
-321.053009753403899
-321.052605647749203
-321.051760597962357
-321.051367972708874
-321.050671720982905
-321.049566065389456
-321.049329062872459
-321.048602581534738
-321.047946646635523
-321.046489327002519
-321.046282659841552
-321.045462112360269
-321.044339516457399
-321.043566851841206
-321.043157043306167
-321.042489113559213
-321.041887434057458
-321.041386630099396
-321.040595472965208
-321.039790552270858
-321.039371734325300
-321.038400765750509
-321.037876817230483
-321.037147896704028
-321.036260543356434
-321.035522808398639
-321.034866534428147
-321.033912231202464
-321.033401923267490
-321.032776480531254
-321.032246960187706
-321.031893468013322
-321.030618387078619
-321.029218853419252
-321.028372646099797
-321.027894067709667
-321.027598491371407
-321.026814732906757
-321.026128302907182
-321.025391985056160
-321.025068700667305
-321.024132406352578
-321.023339877280250
-321.022435895165813
-321.021975894646459
-321.021209566055006
-321.020720981099544
-321.019796377960745
-321.019297507126453
-321.018381027319606
-321.017284446179360
-321.017149102778603
-321.016567577031708
-321.015980588514992
-321.015039330909076
-321.014236362167537
-321.013488408856233
-321.012965616308406
-321.012114776844157
-321.011456460710917
-321.010812361407773
-321.010556221003242
-321.009920554350174
-321.008652686409903
-321.007793487468234
-321.007348315468278
-321.006268018914909
-321.005622897552428
-321.005050715527489
-321.004263094412295
-321.003812514648359
-321.003422111494160
-321.003074397713590
-321.002096042973676
-321.001489499325714
-321.000177089205749
-320.999559329082842
-320.998693291786935
-320.997561660284646
-320.997508859130733
-320.996641539135169
-320.996022078709188
-320.995475397263306
-320.994673237200516
-320.994146788399348
-320.993201799661790
-320.992795166807980
-320.991663893004898
-320.991048526540567
-320.990638475029527
-320.989929168906144
-320.989231304517943
-320.988807125424671
-320.988062760412276
-320.987119056828647
-320.986490932111053
-320.986269433953055
-320.985318831406232
-320.984644163721384
-320.984407075085414
-320.983008080327920
-320.982374331795313
-320.981911513645514
-320.981275445512210
-320.980396797147364
-320.979807445308779
-320.978935240549959
-320.978094997027881
-320.977564151101546
-320.976660244664856
-320.976137344440076
-320.975495704789125
-320.974592844970232
-320.973558701150637
-320.972780597070539
-320.972381510669891
-320.971554603633876
-320.970745581806796
-320.970041526843147
-320.969427904276245
-320.968514614791502
-320.967621332343015
-320.966785972187040
-320.966382403890350
-320.965809828925785
-320.964920479925411
-320.964278721201481
-320.963541850631373
-320.962916696975526
-320.962152682075384
-320.961618231204113
-320.960682426472886
-320.960478468265705
-320.959522254783565
-320.958776943943860
-320.957987978854817
-320.957406567371549
-320.956447808454470
-320.955863004224568
-320.955058906115482
-320.954304399255875
-320.953974469343791
-320.952933999385664
-320.952751843609008
-320.952244018016813
-320.951432143615705
-320.950673101388475
-320.950090282723693
-320.949076335033851
-320.948311916085572
-320.947757505359391
-320.946519307791903
-320.946285843728333
-320.944830302072091
-320.944522537754835
-320.944178935362572
-320.943369354234562
-320.942893640608418
-320.941936547800310
-320.941502496208045
-320.940520514663433
-320.940285068788853
-320.939039843295120
-320.938622792113449
-320.938128001589519
-320.937732420286068
-320.936964838760161
-320.935832011685306
-320.935361714440376
-320.934137291525076
-320.933815702131085
-320.933028401626245
-320.932676993253949
-320.932118654313911
-320.931813246671425
-320.930865457048696
-320.930203984266200
-320.929603151322169
-320.928856993947932
-320.928107109697123
-320.927075122361714
-320.926723715813182
-320.926152635081849
-320.924933360392174
-320.924086513197608
-320.923223630428936
-320.922543757730637
-320.921731312361089
-320.920915181839803
-320.920349458705630
-320.919618833791219
-320.918935430163003
-320.918141196766499
-320.917314841346752
-320.916356729844210
-320.915695736208988
-320.915465831404333
-320.914914692566583
-320.914181904082398
-320.913183938151406
-320.912447242905557
-320.911416557054338
-320.910563910497444
-320.910326091445654
-320.909642482141578
-320.908877888876020
-320.908296635277452
-320.907781592540346
-320.906856635698375
-320.906498579890865
-320.905623088771506
-320.905215232189335
-320.904137682772046
-320.903533297386673
-320.903204467696867
-320.902224259229683
-320.901684085245051
-320.901066130809909
-320.900390654606440
-320.900086382212862
-320.899524609648154
-320.898271128180966
-320.897621054146214
-320.896757341935313
-320.896181629294801
-320.895109912535304
-320.894818944931956
-320.894055438771886
-320.893107473602640
-320.892577469226410
-320.892184758117196
-320.891304928014847
-320.890654745424513
-320.890108591637272
-320.889462848449000
-320.888761196952714
-320.888161721924462
-320.887111440067599
-320.886419069873568
-320.885772038487744
-320.885184333640780
-320.884848050399910
-320.884520400355484
-320.883345922830529
-320.882568109146348
-320.881732838842822
-320.881220157591429
-320.880534309364862
-320.879797778960665
-320.879471989856938
-320.878618919193570
-320.877395258939771
-320.876893347496946
-320.876390824397220
-320.875734187763271
-320.874872517956476
-320.874387009135262
-320.874191515076006
-320.873566964951692
-320.873037412857173
-320.872680018102358
-320.871475109641835
-320.870674425040079
-320.870051125750820
-320.869260668783511
-320.869005121382941
-320.867990593602656
-320.867545209825323
-320.866897569574689
-320.866173556129638
-320.865165093477572
-320.864414191061371
-320.864061553489023
-320.862400936189772
-320.861664770452876
-320.860973314804994
-320.860807213266241
-320.859815075177551
-320.859340113163285
-320.858661593425097
-320.857242837393358
-320.856974473894525
-320.856343412104877
-320.855357948283483
-320.855049444224051
-320.854529839908764
-320.853221763457498
-320.852656012597606
-320.851804655039928
-320.851161378581253
-320.850584417572747
-320.849834694458195
-320.848398463877402
-320.848218564323588
-320.847257828708564
-320.846770893367534
-320.845743819341408
-320.845171966021724
-320.844491093711326
-320.844161672085477
-320.843267135498706
-320.842660928670398
-320.842084845302736
-320.841203215425992
-320.840265896294966
-320.839595380498167
-320.838579266874717
-320.837950689285833
-320.837298979100353
-320.836134297903982
-320.835572201751631
-320.834860963061317
-320.833719621712419
-320.833164510338406
-320.832375636711561
-320.831704886136151
-320.831362664729625
-320.830314737827507
-320.829779313004906
-320.829155043814808
-320.828588805031757
-320.827960317399857
-320.826561143456615
-320.826150018490353
-320.825461521781165
-320.824110113336189
-320.823455997555243
-320.822999775085691
-320.822534368358845
-320.821472831789663
-320.820216806537189
-320.819899634976991
-320.818983399221224
-320.818558855886920
-320.817927940435993
-320.817123324304248
-320.816234765465367
-320.815543035882399
-320.814686768963270
-320.813429828709900
-320.812938615635744
-320.812427922976610
-320.811499348021187
-320.811142562806594
-320.810234419399421
-320.809047710572486
-320.808402080859310
-320.807718700470616
-320.807086435527310
-320.806335932197157
-320.805826841570763
-320.805132559977437
-320.804470285539708
-320.803091195804768
-320.802825382132880
-320.801920682964862
-320.801197079997394
-320.800198110171834
-320.799358726085416
-320.799062814511160
-320.798753896908863
-320.797911144211014
-320.796719987167592
-320.796347230717743
-320.795265619894963
-320.794146261753667
-320.793388053347769
-320.792022050672870
-320.791506298799050
-320.791060416424330
-320.790461743699325
-320.789314499719353
-320.788496028446104
-320.788033614956589
-320.787732331695395
-320.786745780529941
-320.786278880114992
-320.785202270395587
-320.784080083332981
-320.783725183819456
-320.782918236251135
-320.782077482936472
-320.781383400487982
-320.781171601482697
-320.780095684034677
-320.779107140007739
-320.778815355476013
-320.778156936610969
-320.777418432255274
-320.776476530294303
-320.775261231239597
-320.774487926986865
-320.773745968211017
-320.773032407495805
-320.772504029970776
-320.771809785019514
-320.771028359595903
-320.770287426439495
-320.769382932213318
-320.768539807826016
-320.767762010004787
-320.766677048785255
-320.766072252266952
-320.765634715543172
-320.764119021451734
-320.763525268679132
-320.762604878952345
-320.762212601176259
-320.761283656934609
-320.760813632831173
-320.760152600060223
-320.759348047535241
-320.758136767342023
-320.757711713172853
-320.756144172950656
-320.755222946583501
-320.754832331854402
-320.754185175555335
-320.753325239008689
-320.752876314377943
-320.751657409757854
-320.750831889550966
-320.750584918930144
-320.750302450268123
-320.749958227104003
-320.749000271784155
-320.748034612547201
-320.747285517883086
-320.746932111039996
-320.746186323477104
-320.744971457631266
-320.744667234656220
-320.743936459611916
-320.743475106700089
-320.742784651027875
-320.741946540807078
-320.741262216026485
-320.740502170105401
-320.740007025729255
-320.738460026714336
-320.737943977675002
-320.737540769584143
-320.736999912079966
-320.735957753374237
-320.735503587942901
-320.734895548262045
-320.734322346630222
-320.733155963388754
-320.732213943963529
-320.731429717026685
-320.730345869545260
-320.729939659066417
-320.729678578044059
-320.729069751507836
-320.727935913059525
-320.727211578177560
-320.726555345939403
-320.725679982133045
-320.724722707290368
-320.724338194940856
-320.723502272578855
-320.722945723430257
-320.722383667835743
-320.721438083548833
-320.720757446126299
-320.720289310541091
-320.719822545537568
-320.719030729006818
-320.717924883750811
-320.717209237397469
-320.716716448297746
-320.715789982101001
-320.714822178659972
-320.714291907370409
-320.713571973357375
-320.713267020135675
-320.712395144570394
-320.711415079657627
-320.710554482605630
-320.710325109835651
-320.708719423012951
-320.707798289789935
-320.706852755091290
-320.706792137811476
-320.705998657918201
-320.705142008978044
-320.704470593816666
-320.704122980657814
-320.702765319071602
-320.701964287123928
-320.700710925237388
-320.700177672596112
-320.699684788432307
-320.698257709048278
-320.697992021846233
-320.697297776951757
-320.696126743840239
-320.695353129970727
-320.694826566134850
-320.693670881454011
-320.693225576742179
-320.692190849656356
-320.691500584753442
-320.690958291001380
-320.690377606183745
-320.688466077196153
-320.688019126405152
-320.687415186650583
-320.686569138882646
-320.686447994645846
-320.685493282901120
-320.684794983027757
-320.684070683155767
-320.683169978027081
-320.682057471022404
-320.681153228640824
-320.680410070571554
-320.679500901375434
-320.678434831856066
-320.677082969265768
-320.676531781097481
-320.675676629041561
-320.675157000196009
-320.674078162927628
-320.673717021211246
-320.672821156653185
-320.672244160765274
-320.671071890993346
-320.670320592957296
-320.669686696142435
-320.669219282244114
-320.667586449096802
-320.666912188332958
-320.666221973675817
-320.665770723117987
-320.664328191100651
-320.664181610386152
-320.663106207808767
-320.662740533402655
-320.661684506652080
-320.661365628039164
-320.659830298607460
-320.659700288388706
-320.658510279951031
-320.657798751897985
-320.656910075572796
-320.656436741752771
-320.655030493955792
-320.654538519643665
-320.653258780795340
-320.652958024776751
-320.652129497174599
-320.651343725333447
-320.650580319453582
-320.649614253925790
-320.649341919880612
-320.648031433082735
-320.647251071429025
-320.646576446810059
-320.646093301629264
-320.644533681830580
-320.643076200442408
-320.642651376875563
-320.641903914011095
-320.641280634728787
-320.640338393639126
-320.639575521416191
-320.639169994418012
-320.638457714452613
-320.638065733299470
-320.636486517698643
-320.635680066645705
-320.634829108474378
-320.634056790518741
-320.633181053113447
-320.632566116634337
-320.631759182397786
-320.630839915685669
-320.629957039846886
-320.629549996313642
-320.628548438579173
-320.627614267495346
-320.626331660051278
-320.625564075370050
-320.624426574307677
-320.623330608059860
-320.622407999425320
-320.621416044530747
-320.620733187382143
-320.619640800707145
-320.619008480653065
-320.618174667225446
-320.617634933345869
-320.616654355919138
-320.616279876119336
-320.615426033266317
-320.614642293717111
-320.613908234190149
-320.612794987237407
-320.612441762154504
-320.611173044041834
-320.610617840103998
-320.609519615920931
-320.609003020439104
-320.608311150398663
-320.607338934696259
-320.606119396386589
-320.605524968830593
-320.604957065946451
-320.603666664881416
-320.602729853274582
-320.601844303243979
-320.601115610581417
-320.599902955233176
-320.599055959627719
-320.598213274103500
-320.597760077162377
-320.596295247269325
-320.595957023941196
-320.595305032349984
-320.594696263395690
-320.593714541131533
-320.593332403336433
-320.592741399020383
-320.591647516025432
-320.590545996886874
-320.590075550901588
-320.588990811905830
-320.588169752718045
-320.586936542100773
-320.586461915199038
-320.585851001750598
-320.584909028422828
-320.584605064063965
-320.583729132775375
-320.582774817372297
-320.581933637696238
-320.581211596130231
-320.579702314173801
-320.578918370113001
-320.578248666977402
-320.577693769767848
-320.576706133630125
-320.576226311975176
-320.575640996962704
-320.574567172421439
-320.574167622082200
-320.573794209832954
-320.572425514876215
-320.571630541543527
-320.570851594689429
-320.570207483040406
-320.569492471272042
-320.568581791301995
-320.567863126370696
-320.566852519443444
-320.566072849384398
-320.565442241545668
-320.564920439817058
-320.563580665372001
-320.563270196341250
-320.561921137671050
-320.561156303603525
-320.560747986426350
-320.559717965163202
-320.558969596615725
-320.558574306267928
-320.557492372742331
-320.556618327651449
-320.556303474198216
-320.555263193626445
-320.554208498737069
-320.553521027666932
-320.553068617817928
-320.552633353814940
-320.551486832120133
-320.550586409289451
-320.549829243384465
-320.549062899958301
-320.547854132840769
-320.547143048629323
-320.546033161831190
-320.545081096036881
-320.544419534537212
-320.543445531441989
-320.543125426193342
-320.541435323807150
-320.541087253266198
-320.539657238161908
-320.539065068883986
-320.538456541310438
-320.537081251090569
-320.536503410777925
-320.536185385409908
-320.535351248470874
-320.534701049591604
-320.534001406516950
-320.532760560551537
-320.532197765774015
-320.531780615674165
-320.531230310405192
-320.530767503282959
-320.530234345079293
-320.528696819473623
-320.527743075557396
-320.527096115391373
-320.526921613128309
-320.525910014642193
-320.524864461160007
-320.523148240896319
-320.522510174871286
-320.521158718634808
-320.520761029845744
-320.519480903200872
-320.518224347656144
-320.517563896019340
-320.517144293535750
-320.515875209908245
-320.515062647332854
-320.514209926542947
-320.513501879608100
-320.512998055850233
-320.512443980710941
-320.511776085844872
-320.511317669308994
-320.510478569412044
-320.509406187082277
-320.508827506171315
-320.507530044718351
-320.506317354602174
-320.505884407413930
-320.504875776599476
-320.504368418413264
-320.503534046063692
-320.503043627416673
-320.502171957283224
-320.501506391342048
-320.500981039983230
-320.500085666307939
-320.499431871099205
-320.498256511865861
-320.496831861729845
-320.496636500079831
-320.495753700639398
-320.494608995833119
-320.494003993900094
-320.493218723843995
-320.492469557141590
-320.492097220081064
-320.491389701921776
-320.490891884439748
-320.489935346450579
-320.489692226999125
-320.488548108057557
-320.487452246194096
-320.486907841791606
-320.486027187536081
-320.485130708798067
-320.484846755040735
-320.484487082662952
-320.483782948850489
-320.483374062162170
-320.482051553910082
-320.481844800186195
-320.480790993770825
-320.479916159985407
-320.479256926200605
-320.478622252125319
-320.478198983177776
-320.477135420618595
-320.476576877524906
-320.476226354725952
-320.474605838163086
-320.474251829528839
-320.473665849809720
-320.472475861242117
-320.471761014043977
-320.470673623580808
-320.470147952587070
-320.469288511676154
-320.468553310274672
-320.467915278853127
-320.466988149781969
-320.466905905867122
-320.466195339665546
-320.465493139661646
-320.464172452935600
-320.463759905640984
-320.462214449561941
-320.461910519759329
-320.461400202773063
-320.460511282055734
-320.460064423306903
-320.458848518118145
-320.458270382975059
-320.457459418239239
-320.457145033853465
-320.455575141060308
-320.455096292939743
-320.454121822029322
-320.453271766917908
-320.452983928179151
-320.452282071612956
-320.450729028512569
-320.450306156357328
-320.449506649796547
-320.449349273936548
-320.448407868405980
-320.447019992365426
-320.446539926377170
-320.445957509636514
-320.444735029180777
-320.444196441889460
-320.443502448891195
-320.443209347230606
-320.441757562809926
-320.440942426443712
-320.440244938164426
-320.439941292679237
-320.438328864736093
-320.437829530363501
-320.437015799698202
-320.436240060308421
-320.435375587717715
-320.434498583711843
-320.433403501204396
-320.433131638092959
-320.431993874009777
-320.431555190863207
-320.430762920936331
-320.430129689092212
-320.429458990288197
-320.427621880327763
-320.426997184159347
-320.426677765554473
-320.426276783087076
-320.425215598645252
-320.424676763022376
-320.423864527027888
-320.423128284655149
-320.422286865168985
-320.421064539087979
-320.420353738641154
-320.419844678982940
-320.418919938265333
-320.417758493126200
-320.417559485007359
-320.416691298841783
-320.415738099047076
-320.414631101654663
-320.414109537213164
-320.412988921910539
-320.412290464758826
-320.411255018951749
-320.410839124960148
-320.409960676889625
-320.408363444351494
-320.407341642895176
-320.406496515394053
-320.405844146158586
-320.405556098004013
-320.403810749880734
-320.402827775695300
-320.402417307634948
-320.401361684328094
-320.400684108648250
-320.400515004699344
-320.399335083999858
-320.398840971658160
-320.397507937215380
-320.396512807588692
-320.395711436984925
-320.394979713208613
-320.394014929414539
-320.393536945228448
-320.392081210734773
-320.391187682059865
-320.390362350992973
-320.389481971676219
-320.388850516078037
-320.388398594520140
-320.387846386219223
-320.387320515272108
-320.385711978626261
-320.384505005179278
-320.383885682009179
-320.382987511513477
-320.382191269059206
-320.381897568727709
-320.381321722308030
-320.380117250839191
-320.379568884729906
-320.378736575504774
-320.377694427977929
-320.376690792754573
-320.375311591790194
-320.374135157288833
-320.373665293360375
-320.372858156858342
-320.372165486919755
-320.371404833493898
-320.370688819758470
-320.370266805910376
-320.369101973588386
-320.368134151704567
-320.367309998973553
-320.366871841954719
-320.365064596605066
-320.364405054465237
-320.363554051383176
-320.362561449435361
-320.361992567732614
-320.361113376489186
-320.359985718569476
-320.359221103956429
-320.358898536149695
-320.357144675977054
-320.356429000549952
-320.355537682357919
-320.355066442419286
-320.354420212739456
-320.353110133896905
-320.352703731400140
-320.350926218451434
-320.350738976703440
-320.349661124820443
-320.348394703914778
-320.347483939498943
-320.346519056133559
-320.345877117685745
-320.344891743068843
-320.343640669674983
-320.343010140417050
-320.342524696321846
-320.341960803980669
-320.340261511533583
-320.339660401161154
-320.338659191802947
-320.337929463425041
-320.336883351179154
-320.336022935069025
-320.335035041823573
-320.334176200465095
-320.333618217423918
-320.332587962410855
-320.331437122167813
-320.330452730352022
-320.330291331131889
-320.328974162452994
-320.328267557385686
-320.327142963478821
-320.325847084990016
-320.325348308611296
-320.324378187215586
-320.323624390098473
-320.322824656059481
-320.321785009999246
-320.320824409080842
-320.319877612096434
-320.318766635242241
-320.317124504769197
-320.316780280194735
-320.316014311070319
-320.315719726541431
-320.314801914839450
-320.314293260936438
-320.313239594299773
-320.311592481090315
-320.310635334078597
-320.310396383921727
-320.309225246768563
-320.308358574723627
-320.307252744231732
-320.306593059454372
-320.305137774242155
-320.304123211149545
-320.303507099901935
-320.302791832384003
-320.301982856412224
-320.301107148673566
-320.299639347818299
-320.298684636235521
-320.297959326231137
-320.297188760373558
-320.296175935231020
-320.295247896554827
-320.294031416230837
-320.293019003370887
-320.291860068147230
-320.290730692961574
-320.289777838226541
-320.288597255544744
-320.288081289863669
-320.286665061258304
-320.285603956759417
-320.284619072828605
-320.283786549224317
-320.282984993942080
-320.281953377278910
-320.281131973486026
-320.279702591809382
-320.279132637684768
-320.278372627566000
-320.277385799380170
-320.276406035304660
-320.274546437299762
-320.274023665570382
-320.273434974406598
-320.272986511191334
-320.270948413365431
-320.269951693195253
-320.269551318952779
-320.269063236628142
-320.267689241922028
-320.266061923884308
-320.265231795684770
-320.263814221674750
-320.262651537531326
-320.262201548724079
-320.261850483319165
-320.260307037655252
-320.259179323621709
-320.258292327535969
-320.257143003462147
-320.256455564751434
-320.255056483086832
-320.254218292158498
-320.253272820741927
-320.252189701857617
-320.251548843946523
-320.250547494431885
-320.250189409171696
-320.249496123739220
-320.248539768421836
-320.247630846780339
-320.246841653294666
-320.246260579024352
-320.244536514939625
-320.243880849147160
-320.243174244418356
-320.241926703642548
-320.240944077284951
-320.240505932563224
-320.239617923129458
-320.238780743665245
-320.238125229567231
-320.237181265605557
-320.236080652991234
-320.234809931320854
-320.233777660066494
-320.233616909191369
-320.232687456153087
-320.231753024170359
-320.231062992643729
-320.230130227894961
-320.229399298949431
-320.228224616906573
-320.226340832078847
-320.225562351502901
-320.225078407540707
-320.223904879657709
-320.222782903755672
-320.222175326852550
-320.221229918652966
-320.219631542196169
-320.219012037895197
-320.218088422730034
-320.217087330747802
-320.216287881587220
-320.215041383573066
-320.213952581954970
-320.213701999434647
-320.212635198437283
-320.212110039939603
-320.211146328495090
-320.210157047965481
-320.208889068904057
-320.208325793943800
-320.206676471487754
-320.206325602578772
-320.205374376339989
-320.204381015677484
-320.203465966536100
-320.201880550343731
-320.200736156840037
-320.199855537982330
-320.199023301706745
-320.198719436454837
-320.197026620363431
-320.195745331072374
-320.195055405583048
-320.194245731770707
-320.193196796253631
-320.192598317310114
-320.191813310212012
-320.190932661622810
-320.189678897278100
-320.189204640777575
-320.187622220865933
-320.186997453627782
-320.185491216386197
-320.184866360867545
-320.184008129280699
-320.182783955887146
-320.181949561751765
-320.181291187131706
-320.179574019199947
-320.178615316793184
-320.177503827551277
-320.175727589706128
-320.174999427403122
-320.174550944923226
-320.173185013169473
-320.172396825135650
-320.171374400751290
-320.170669242617123
-320.169666652870887
-320.168946232015344
-320.168275239245816
-320.167960756175887
-320.166858921704886
-320.164896877035687
-320.163404017988171
-320.162618690228726
-320.161661290358779
-320.160628806656462
-320.159543470365293
-320.157814652552759
-320.156570861905607
-320.155942737167663
-320.155216072774920
-320.154162878723469
-320.152195012558707
-320.151595797293226
-320.149681749706929
-320.149305646386267
-320.147820291137293
-320.146713420439539
-320.145391431219821
-320.144076334347176
-320.143121235027763
-320.142028207637054
-320.141193839937785
-320.140436333937259
-320.139266665191087
-320.137926385825551
-320.137227258915516
-320.136024807087779
-320.134957400686915
-320.134183228192171
-320.132940158772556
-320.132432082119351
-320.130886517403610
-320.130096091840755
-320.128856716098880
-320.128253966255954
-320.127618966491809
-320.126630454617612
-320.124173466254547
-320.123564950000684
-320.122456033823312
-320.121238703727784
-320.120700370407633
-320.118700693142387
-320.117889703766537
-320.116822455790441
-320.116038966557767
-320.114694146648787
-320.114193509871996
-320.113134760960406
-320.111727462955514
-320.111005123034488
-320.109982437200756
-320.109542805116064
-320.109198874911897
-320.108081425884109
-320.106976743941061
-320.105519661691460
-320.105215009809910
-320.104248041166557
-320.103779370297730
-320.102015335938574
-320.101340931040625
-320.100594218724837
-320.099315694076893
-320.098194587721991
-320.097172304775938
-320.095811037317389
-320.094906155158355
-320.093999073207442
-320.092556045565971
-320.091533856892056
-320.090482214466988
-320.089376242302706
-320.087427004747724
-320.086347390226592
-320.085783095305032
-320.084531347190079
-320.082779226050377
-320.081788543584025
-320.080933215268203
-320.080068359770962
-320.078175123856056
-320.076271827182495
-320.075842976314902
-320.074375834706871
-320.073320360926346
-320.072268186284816
-320.071101193502102
-320.070171160479504
-320.069400414725521
-320.068625489680471
-320.066459170548740
-320.065579793427673
-320.064955194774655
-320.063671813698193
-320.062546881001822
-320.061364680370843
-320.060236983272489
-320.059689302193476
-320.058941214544404
-320.057219211366885
-320.056506423527424
-320.055019688923494
-320.053706340645704
-320.052799105532358
-320.051591509561717
-320.050937297117002
-320.050540273505817
-320.049347216385570
-320.047928690539436
-320.046511846882424
-320.045558475535074
-320.044357161312405
-320.043065884199677
-320.041716613883068
-320.041289735289013
-320.040901625814513
-320.039193274420597
-320.039084524020836
-320.036327037870706
-320.034563687029220
-320.033574270972906
-320.033032254586999
-320.032101216679052
-320.031083573158298
-320.030013256732730
-320.029353737206122
-320.027217873741677
-320.026467826715532
-320.025533791519649
-320.024277438116940
-320.023444880564512
-320.022477211644741
-320.021140870570434
-320.019968974603216
-320.018870604547260
-320.017609115114908
-320.016856139891274
-320.015894800819751
-320.014028676488692
-320.013474308346133
-320.010487113460727
-320.010116139558136
-320.008954031459041
-320.007907145629133
-320.007121400773599
-320.005410642720392
-320.004285739876195
-320.003602565532731
-320.002761573961266
-320.001705594122257
-319.999439196883600
-319.998400297574733
-319.997210636874911
-319.996643397497394
-319.994786068308429
-319.994148059928307
-319.993095803382175
-319.991759707483027
-319.990863242880039
-319.990344004072654
-319.989544408183804
-319.987227407383784
-319.986398498331766
-319.984783733542201
-319.984140953337942
-319.983922224361038
-319.981157728947721
-319.980543769005692
-319.978652054821453
-319.978025898824569
-319.977069641895866
-319.975752100695274
-319.973534233708165
-319.972298303628861
-319.971639256491756
-319.970894224159906
-319.969158844718777
-319.967979891595519
-319.966675715274846
-319.966182511379657
-319.964934101492076
-319.963777841997285
-319.962436947334652
-319.961761032424477
-319.960528394716789
-319.958283330763095
-319.957857914875149
-319.956522918533778
-319.955708417547385
-319.954255266891380
-319.953053134788661
-319.952787436684844
-319.951009981292145
-319.949469846146599
-319.947506615698899
-319.946701994258888
-319.945756205167982
-319.945245789487615
-319.944211308263618
-319.941977185632993
-319.940951800839059
-319.939209192418048
-319.938503404737048
-319.936791640115075
-319.935663512114388
-319.935343215727983
-319.934033433838351
-319.932604168396267
-319.931709921488164
-319.930502221781580
-319.929475920827770
-319.928148586112570
-319.927738277540413
-319.926653204309673
-319.926447779194916
-319.925075448482914
-319.923439236540844
-319.921968917881202
-319.921223090494266
-319.921004334917086
-319.919157051008426
-319.917964220681085
-319.916545813899234
-319.916124015069386
-319.914363559659535
-319.912517028409752
-319.910069289032435
-319.909576129561856
-319.907804718044645
-319.906183454381335
-319.905857741077568
-319.904192833113370
-319.903129741022610
-319.902371459265282
-319.901403951337500
-319.899434897716276
-319.898145077724052
-319.897624086656322
-319.895771837500888
-319.894853142107252
-319.892943877330197
-319.891368969350879
-319.889886502335116
-319.888597373561367
-319.887622310190636
-319.886441029473588
-319.884897685835369
-319.883603876454004
-319.882519158749233
-319.880837199008397
-319.879616659570615
-319.877982866823515
-319.877152035965025
-319.876462961190725
-319.874154721680611
-319.873272136397986
-319.872264228560198
-319.871112076761449
-319.869993006641039
-319.869408833820273
-319.867337178069761
-319.866156219247330
-319.865595668741491
-319.864280521273486
-319.863628309263504
-319.861522923648181
-319.859687798507480
-319.857675300549658
-319.857247401987649
-319.856510454555064
-319.854523010972912
-319.854035638440052
-319.851233982096346
-319.849935975486346
-319.849003644752315
-319.848270589937783
-319.846955739641203
-319.845869381100215
-319.844742861199109
-319.843762960079403
-319.841697829832299
-319.840030414572425
-319.838853374317353
-319.837026988515277
-319.835595148068990
-319.834831145600106
-319.833684765453881
-319.829086147764144
-319.828555496818808
-319.826693403818581
-319.825232026236790
-319.824483704131012
-319.823408067721630
-319.821656483316190
-319.820380262080846
-319.819111836799038
-319.818276741116563
-319.816270047580190
-319.815683124880593
-319.813873586120906
-319.813129150826740
-319.811363840427248
-319.810934664652848
-319.808969827393923
-319.808765055636741
-319.806842439879347
-319.805658519307656
-319.804419080052185
-319.802657377231810
-319.801918761513832
-319.799949254632622
-319.798993199024437
-319.797903485303323
-319.796590649716336
-319.795565050059793
-319.792752033350098
-319.791507548559821
-319.790502541952947
-319.789273470854425
-319.787466299892742
-319.785322736942987
-319.784645347641401
-319.783448954037624
-319.782246663439878
-319.780681429893775
-319.779646160796347
-319.778175438835319
-319.777390072559228
-319.775826743470304
-319.774806076762275
-319.774072698314626
-319.773128686279676
-319.771961817177839
-319.770728549465616
-319.769784466663054
-319.768131670579862
-319.766652097806968
-319.764739026538280
-319.763770256581381
-319.762363401938899
-319.762091449279126
-319.760528599750785
-319.759263265723916
-319.758787986439756
-319.757383709924227
-319.754818557756948
-319.753337967973948
-319.751836098542299
-319.750958002612947
-319.749317319097202
-319.747560124841414
-319.745924602713956
-319.745427678161320
-319.743315158991777
-319.741501757581261
-319.740561797925920
-319.738843825309914
-319.737776152478716
-319.736304517579072
-319.735194902421313
-319.733714131258125
-319.732844952376297
-319.730024066189912
-319.729335700136971
-319.728560285008882
-319.727632833887526
-319.725913127402293
-319.724544043433127
-319.722628696673837
-319.722115810809157
-319.721178508943865
-319.719773426380300
-319.717922881049503
-319.716618153494949
-319.714996337763750
-319.713259903293590
-319.712781046509519
-319.711810034240841
-319.710004938427062
-319.708819625791705
-319.707653103992698
-319.706362977944934
-319.705632433761878
-319.704115008886902
-319.702745235380235
-319.700279929350700
-319.699675755819101
-319.697922718122641
-319.697086823481470
-319.696467718397514
-319.694535462511851
-319.693362191157746
-319.691411871104492
-319.690304911236979
-319.689473590733826
-319.687507497194417
-319.685219159832116
-319.684071399914615
-319.681773471475083
-319.680463454702817
-319.678473228881955
-319.677731832838845
-319.675884226749247
-319.673993205115721
-319.672423114973299
-319.671632539642019
-319.670251581749937
-319.669527546581662
-319.666791384639566
-319.665063674956116
-319.664334398681717
-319.663115616678908
-319.662371449822956
-319.660324750814482
-319.659338769370038
-319.656782441692883
-319.655687525891778
-319.654903842919225
-319.653555073926555
-319.652507598674561
-319.650451249557307
-319.649442222554512
-319.647403155874656
-319.646661951307124
-319.646031679183636
-319.644598487506926
-319.643316726374280
-319.641791318088167
-319.640574153997477
-319.639907517105030
-319.638605314586130
-319.636517986736806
-319.634869892274196
-319.632537564455674
-319.631069932277057
-319.629943696156602
-319.629054842539801
-319.627475511794842
-319.626009077055585
-319.624284107521135
-319.622987397066993
-319.622158342521914
-319.621370759808826
-319.618779614142113
-319.617592823341568
-319.616358777664175
-319.615040204617060
-319.612852471419387
-319.611988672244593
-319.610510083807128
-319.608829917961202
-319.607424976201571
-319.605551346839150
-319.604885770402063
-319.602990127384885
-319.601707649416255
-319.599638503178255
-319.598414065713030
-319.596778454467938
-319.595976251325055
-319.595147138171910
-319.594007270327552
-319.592442674226731
-319.591390985717112
-319.590768849515769
-319.588649443321401
-319.586655668101969
-319.585101735486319
-319.583910518551761
-319.582608336913552
-319.581868321607146
-319.580761371395340
-319.579098093257358
-319.578485545131343
-319.576087101170458
-319.574779950664549
-319.573169208973354
-319.571599292406404
-319.569376662503146
-319.568383040853519
-319.566706347442050
-319.564733291906578
-319.564116517138700
-319.563511198225683
-319.562697118438905
-319.561746811029138
-319.560622833528328
-319.559032641896863
-319.557578762880667
-319.555767368709894
-319.553877644901320
-319.552762900419964
-319.551480915938328
-319.550134506770689
-319.549458288290850
-319.548253463842286
-319.547364736618306
-319.545685711678800
-319.543698148822159
-319.542633637112942
-319.541340747366405
-319.540522429055841
-319.539083785989078
-319.536533255845370
-319.534498702636995
-319.533941045027120
-319.532163305900951
-319.530683972173051
-319.530188179506752
-319.529536714505127
-319.528494598439522
-319.527608365063486
-319.524793513330110
-319.522851729971933
-319.522225882574332
-319.521198674587822
-319.520261606955160
-319.519468305001169
-319.517263014877074
-319.515891875051182
-319.514849994941301
-319.513797888695933
-319.511897921734317
-319.511455663949960
-319.510456109754841
-319.509253867935627
-319.507873387551001
-319.507104300512481
-319.505994794305536
-319.504530459630701
-319.503559073927477
-319.502118074495684
-319.500435204045687
-319.499347079912354
-319.498620154700461
-319.497941641559919
-319.496456493494406
-319.494866813432623
-319.492506559594005
-319.491393392338296
-319.489511208112390
-319.488000584432029
-319.487128825633420
-319.485229846561026
-319.483667456724504
-319.483321176792174
-319.481667683017747
-319.479473416051974
-319.478014464894102
-319.476407394438638
-319.475874965634830
-319.474196240168453
-319.473127653606184
-319.470922769686524
-319.470434097266320
-319.469209705933167
-319.467726625160481
-319.466737418451146
-319.466410556691471
-319.464236891009705
-319.463140890936472
-319.462024841584821
-319.460103311574812
-319.459280803891090
-319.456742278045283
-319.455716337824867
-319.453473205595344
-319.452393316830637
-319.450968065087409
-319.449510923650962
-319.448695345366559
-319.446814839414628
-319.444669872114446
-319.444262304809342
-319.443055593357315
-319.441502244582182
-319.440303118058523
-319.438179325118369
-319.437645010800168
-319.436103643038564
-319.435055049975460
-319.433999782947865
-319.433515278619836
-319.430943971069610
-319.429572031765474
-319.427597408512327
-319.427073507508283
-319.425180453074233
-319.423441563604172
-319.421584261057546
-319.420628031462172
-319.418108362366127
-319.416844404067433
-319.415125771059252
-319.414627336325736
-319.413108932627210
-319.411061157393874
-319.410037579893412
-319.409638174788199
-319.408363191879118
-319.407319189830503
-319.405543183855286
-319.405003675257660
-319.403209142303638
-319.401690853882769
-319.400550770797111
-319.399431001307676
-319.397145954906364
-319.396576588879384
-319.395874905668677
-319.392975731064041
-319.392328503633564
-319.390982505953616
-319.390216261893841
-319.388041874857493
-319.387539364754502
-319.385643918237633
-319.385313506445470
-319.383975510390940
-319.381389835290236
-319.380396288058648
-319.379930559725267
-319.377237527907710
-319.376434219775660
-319.375261581874724
-319.374557690603183
-319.373988760743259
-319.371358876203317
-319.370412678451999
-319.368046101321113
-319.367632545720994
-319.366004412253631
-319.364060655399442
-319.363171862722027
-319.362361036009986
-319.360988241384348
-319.359329273184301
-319.358395828889172
-319.355943661445110
-319.354889377314180
-319.353052491372580
-319.352299698657589
-319.350278026112846
-319.349568224354698
-319.348365832683271
-319.347867529708083
-319.345129155497716
-319.343143299120868
-319.341394070479339
-319.340104442583822
-319.338876471460708
-319.337273921558790
-319.336084245963207
-319.335571599677223
-319.333266408359407
-319.332455082093702
-319.330839550874487
-319.329626805418911
-319.328058365571110
-319.326062933997378
-319.325311048688718
-319.323576354110230
-319.322681897031373
-319.320515303486673
-319.318420579366830
-319.317362842362684
-319.316637190678648
-319.315195938367424
-319.314218031265341
-319.313054823990456
-319.311515379260413
-319.309852233030938
-319.307921946556974
-319.306569547083143
-319.305550193941372
-319.304223517788216
-319.302200080463308
-319.300276590448220
-319.299550292455081
-319.298705941451999
-319.296900351606325
-319.296318470396841
-319.294948953352616
-319.294026443882217
-319.291423158267548
-319.290251096184875
-319.287457402992970
-319.286724833600431
-319.286378951481254
-319.285777570760331
-319.283841922807483
-319.283277608800518
-319.280547172806223
-319.278712922672867
-319.277682147794167
-319.276715699183967
-319.275299374633505
-319.274472820752351
-319.272437099716001
-319.270888157779552
-319.269924359604886
-319.269458366763160
-319.266669868592771
-319.266060912722992
-319.264539228986393
-319.263516485636046
-319.262321978547391
-319.261257848131322
-319.261009752015070
-319.258684254356865
-319.258343231318520
-319.256811629771164
-319.255121358451618
-319.253793273614917
-319.253021925247083
-319.251668814411914
-319.249918551045539
-319.247802722365179
-319.246652093045498
-319.245292978450891
-319.244531783825096
-319.243370418072459
-319.242275455701190
-319.240416922177189
-319.239725433284946
-319.238368794733731
-319.237042260838336
-319.234883814223735
-319.234081445314700
-319.232986351563909
-319.231004447440853
-319.230178036470704
-319.226931745620561
-319.225720055494548
-319.224961774458848
-319.223437806580080
-319.222079743358108
-319.220587920405251
-319.219920146411368
-319.219427615084840
-319.217397373105030
-319.216539052619680
-319.214213396492255
-319.212873155444697
-319.212704822312332
-319.210941381721511
-319.208682379090760
-319.207488963089361
-319.205416756035049
-319.204059400439462
-319.201937700001736
-319.200110145935810
-319.198467364371595
-319.196934587507997
-319.195407054327802
-319.194299524352402
-319.193249128201273
-319.190804185094862
-319.190628883782210
-319.189320000238013
-319.188179821450547
-319.186136544767578
-319.183578021376036
-319.182047429150145
-319.180862817401078
-319.179544558561020
-319.178508718174839
-319.176782826790031
-319.175205895225758
-319.172437780737766
-319.171723608428636
-319.169443017605886
-319.168220940730805
-319.165234111525592
-319.164324589962575
-319.162842632715126
-319.161090502481954
-319.159657739379099
-319.158532528271053
-319.157219624687059
-319.156242431667067
-319.155331048203891
-319.152986669603877
-319.151414193613618
-319.150392984134669
-319.149201898561330
-319.148144514220121
-319.147665380115541
-319.146905178757208
-319.145072740368050
-319.143444601333840
-319.141128801406182
-319.139830127204107
-319.138879531600764
-319.137691378355498
-319.136083965206069
-319.135169867677689
-319.133382146958297
-319.131518171367475
-319.130201924404787
-319.128926611730947
-319.127145736814327
-319.126612238749601
-319.124770437257894
-319.123561019290946
-319.122280244271451
-319.119152510473953
-319.118327488367186
-319.116580779161040
-319.114995766402274
-319.114431981214238
-319.112859880933570
-319.111563140019030
-319.110883949634683
-319.109265108609918
-319.108431818163410
-319.106805859285430
-319.105772698942246
-319.104547151405086
-319.103863718878870
-319.103253820441978
-319.100813480055820
-319.099480741781235
-319.097574798184269
-319.097112018377857
-319.094932392242811
-319.093366935598169
-319.091331718221454
-319.090086641925211
-319.088433069193798
-319.087248518067724
-319.086337739548867
-319.084510531253045
-319.083600231927562
-319.082475926962161
-319.080788354993786
-319.078676858020970
-319.077967455260591
-319.075956473558051
-319.075194800947543
-319.072766692141045
-319.071103354177353
-319.070873316496375
-319.069222273240371
-319.067819471221298
-319.065329856395635
-319.064895073539049
-319.064057253877877
-319.061530775470601
-319.060786434552028
-319.058820321629355
-319.056857792934466
-319.054827255934185
-319.054005791409509
-319.051785225963954
-319.050212451848381
-319.049469246193894
-319.046803360779165
-319.044394806096136
-319.042808723070607
-319.042195894138672
-319.039963165925712
-319.037848423440266
-319.036710821255895
-319.035349831656163
-319.033335175696493
-319.031908835746037
-319.030231463914561
-319.029353562619406
-319.028101968148633
-319.026332455714396
-319.025279778149354
-319.024322184815958
-319.021807615028706
-319.020233003180067
-319.018467860116232
-319.016782648288427
-319.015736128949470
-319.014144384927363
-319.012026696198916
-319.010952647338172
-319.009706046021563
-319.008275648833660
-319.006518919382643
-319.004997409422344
-319.002671277963657
-319.001994992105779
-318.998007196554681
-318.996697776863243
-318.995477712641616
-318.995087011662008
-318.991853962491462
-318.990167831215786
-318.988001412247911
-318.987036328139254
-318.984766545215507
-318.982417963853891
-318.981611297099050
-318.979493657265095
-318.978445464845720
-318.977972879922106
-318.975287057925073
-318.973992228116288
-318.971710681416084
-318.970897117052971
-318.969562963964734
-318.967366367002171
-318.965408850514279
-318.963526543463502
-318.962308271110658
-318.960445391392852
-318.958999394270222
-318.957206795200022
-318.955067174258147
-318.954279622146544
-318.952557092275470
-318.951259937550390
-318.950279949150570
-318.949017869768966
-318.947083655444260
-318.945169525751396
-318.942427368798121
-318.942192160691775
-318.940858313170565
-318.939453205079303
-318.937307630749444
-318.936421570802167
-318.935339107770574
-318.933927962449559
-318.932315411210311
-318.930982995904003
-318.929382519199294
-318.927622878641898
-318.925227357834842
-318.922343485830993
-318.921677286647309
-318.920081169755917
-318.918492192918620
-318.916650591672919
-318.914551263441240
-318.912742783180875
-318.910182981707067
-318.909461141461009
-318.907731587873855
-318.905716628080711
-318.903660052146847
-318.901861989411771
-318.900447076253784
-318.899455045282764
-318.896450529144545
-318.895273974720908
-318.894421511237454
-318.892371001956292
-318.887267351007097
-318.886160677650878
-318.885382471475339
-318.884256293099611
-318.882796780285219
-318.879408997912094
-318.878722472961385
-318.877010251651427
-318.875043813728553
-318.874364945746095
-318.872867336363356
-318.871166469527282
-318.869954808225089
-318.867944536533855
-318.867013986497852
-318.864712676393310
-318.862983783815594
-318.861278606587177
-318.859930803911823
-318.857740301819717
-318.856337769023696
-318.854929388527353
-318.854414885353890
-318.853193177103890
-318.850537621976400
-318.847786044229338
-318.846836540453751
-318.844704860788795
-318.843566213576878
-318.842879859964114
-318.839644807959814
-318.838535902565184
-318.836983400767906
-318.834475083209099
-318.833420761948730
-318.832104951712552
-318.830913088483555
-318.828706798190353
-318.827591089724081
-318.826033120962279
-318.824109560312422
-318.821787751647662
-318.821094291929285
-318.819894422259665
-318.818286712422662
-318.817597308068287
-318.814475745654875
-318.812424182534357
-318.810912727851132
-318.809625035674628
-318.807662481952036
-318.807477078723480
-318.806541808605573
-318.805247270105610
-318.803010439024547
-318.801171839290191
-318.799483876791896
-318.798260176207634
-318.795772833793592
-318.794303956510305
-318.793391455268193
-318.791384811707417
-318.789289799933272
-318.786577540564792
-318.783903261526859
-318.782809371519932
-318.780755420004539
-318.779669071061903
-318.776950827765290
-318.775107739425721
-318.774270074855963
-318.770970362655873
-318.769553240897153
-318.767041024286641
-318.765900219415244
-318.764100739922469
-318.763006433177679
-318.761905740554539
-318.759770235473354
-318.758846474029212
-318.756751715143935
-318.755661345507292
-318.754013663456988
-318.751340474285939
-318.750469531118142
-318.748004838984173
-318.745854741113362
-318.744917615178849
-318.743448774136141
-318.740923876114209
-318.739787798301677
-318.738564169115079
-318.737172485732856
-318.736185249347727
-318.734709226756308
-318.732695382543284
-318.731555832991944
-318.730454585379618
-318.728838644617326
-318.726326990969596
-318.725790274965163
-318.723699396141058
-318.722407371272311
-318.721498171077485
-318.719195379787664
-318.716639429778013
-318.714428531550766
-318.713211962940761
-318.712096267837808
-318.709856964121116
-318.706907999790360
-318.706396703123914
-318.703867003507810
-318.703034511288593
-318.701361081791958
-318.698964677552965
-318.697646601192673
-318.695586509684233
-318.694389571906981
-318.692935975772400
-318.690695688918311
-318.689596840196657
-318.687159124656148
-318.686524440729272
-318.683256968069031
-318.681485388241299
-318.679749457430376
-318.678176031778548
-318.677011681026727
-318.675523727603149
-318.673971980434430
-318.672484572483540
-318.671562943649405
-318.669287500314681
-318.668342256166000
-318.667217963269650
-318.664998499687101
-318.662245093738818
-318.659691014779980
-318.658940027365361
-318.657106159166688
-318.655840362411254
-318.653191784154501
-318.652267113239816
-318.649186498701454
-318.647975617057341
-318.645309138879895
-318.642747674173904
-318.641665826062876
-318.640624571431260
-318.638969550098011
-318.636571963982760
-318.633917641308699
-318.632111895443416
-318.630974699762248
-318.628731657722312
-318.625466938760781
-318.623917821285659
-318.622183490245675
-318.618383689055690
-318.617039327481280
-318.615885680307315
-318.613698555801420
-318.611158409822735
-318.610575444346011
-318.607930300479893
-318.606623850061339
-318.606132024116846
-318.603413588482795
-318.601203964388674
-318.600638725557928
-318.597691882808306
-318.594250556318855
-318.593332819064983
-318.590783643581574
-318.588137545118741
-318.585849456798826
-318.584246817223914
-318.582510758561511
-318.581264621987373
-318.579678361319623
-318.575796955817850
-318.574863527831724
-318.573461019829210
-318.572560878266984
-318.570249512089674
-318.569226737222834
-318.566670144419049
-318.565282006619952
-318.562579553029025
-318.559165311273489
-318.558534897152015
-318.555748605166343
-318.555187313406975
-318.552747404264665
-318.551068439444521
-318.547736440191613
-318.545431803346617
-318.542873506261003
-318.541629716446721
-318.540457437128339
-318.538082751220884
-318.534877803159247
-318.532827853209255
-318.531899289596936
-318.529938953766646
-318.527549450820345
-318.525085119559265
-318.524230092480025
-318.522303805999513
-318.518928871464595
-318.516971446999207
-318.514578911724300
-318.511141682608582
-318.508887245191659
-318.508032268188686
-318.506600265062275
-318.505172673940990
-318.501729922647655
-318.500116339841782
-318.498243828230500
-318.496732517335317
-318.495244571549165
-318.493401850134489
-318.490889923095438
-318.489000524032519
-318.487350611688100
-318.485403053977677
-318.483770990463086
-318.481010251166765
-318.478407888749189
-318.475435368884405
-318.473253515303043
-318.472230536192001
-318.470576966210558
-318.466690528285596
-318.465009348322667
-318.464124372606079
-318.461352536532104
-318.460805895656506
-318.457249052939687
-318.455837134927037
-318.454046592376983
-318.451791713240709
-318.448592978798899
-318.447856939910764
-318.445650896820894
-318.442183151036090
-318.441343944184894
-318.437654551222010
-318.435224082763284
-318.433696881395463
-318.432527928447655
-318.430732350923449
-318.429128676632956
-318.425701557795207
-318.423499012560740
-318.419146646108118
-318.418230424318722
-318.416570462811933
-318.412441155636145
-318.411285894831849
-318.409277487710483
-318.406445949082865
-318.404294045459494
-318.402796849880929
-318.399642302352049
-318.397617671456260
-318.395709813893291
-318.392446820637872
-318.390837153457767
-318.387269393411486
-318.384666085262552
-318.384381798794493
-318.382753675794220
-318.380683171207806
-318.378948807527934
-318.376066614110982
-318.374240353065829
-318.372521138644629
-318.369877226749281
-318.369133576187039
-318.365934243852678
-318.363663782785068
-318.359198198323327
-318.355511128966725
-318.353279819239162
-318.351081649761170
-318.348882309827957
-318.346163130467403
-318.344463064997683
-318.341563727440757
-318.338859467687485
-318.337408177364352
-318.335221883963243
-318.333086776480059
-318.329554747318923
-318.327935611214059
-318.325765569771761
-318.323852577085518
-318.320991348736925
-318.317949679400442
-318.314804091578026
-318.311019266243420
-318.309406538030885
-318.305812998389456
-318.304463485598262
-318.301717271240932
-318.299623695971661
-318.297546470835812
-318.291278136433050
-318.290442093846764
-318.288636541227390
-318.283484381417850
-318.280897683888384
-318.278265464364779
-318.276152407856330
-318.272212529786941
-318.271565928019129
-318.268633069891450
-318.264643486371199
-318.263148537133816
-318.261656141792741
-318.259824120896496
-318.258753450514234
-318.255293878870930
-318.251828120393668
-318.249294226484380
-318.242698788030623
-318.240303401691904
-318.238979643049731
-318.236233701100105
-318.232030142269593
-318.226802485602661
-318.225569814916298
-318.222352963558535
-318.217961703504614
-318.214168100310701
-318.210826669833409
-318.207958535011642
-318.205670735051854
-318.202116678012828
-318.201379477835360
-318.197815256727097
-318.193970376900779
-318.192007948075116
-318.189510094734771
-318.188036665580057
-318.185277375338558
-318.181329484031892
-318.179255809532094
-318.176341897744919
-318.173039975134202
-318.171209547690239
-318.166904872244572
-318.165424242857398
-318.163823657177829
-318.161457254807488
-318.159632275791523
-318.156454680416289
-318.153655321771055
-318.152400563201752
-318.151150512374954
-318.146616638337093
-318.143680316370251
-318.140510992088252
-318.134625496048614
-318.131542887849946
-318.129640490158465
-318.127071113112720
-318.125778368384147
-318.121309551478362
-318.119302953137435
-318.114221051721699
-318.112609659020904
-318.109577173754587
-318.105679152899086
-318.103661771995064
-318.102067699137876
-318.096693288963820
-318.095160921244656
-318.092316554294428
-318.090243461162231
-318.086888971129667
-318.083947090790161
-318.080755370716645
-318.079007187438094
-318.073515959241035
-318.071160383571282
-318.068581595245519
-318.067358631827176
-318.064173819959422
-318.062511795110083
-318.056872740165318
-318.052651474202548
-318.050311238728057
-318.048197568388218
-318.044965630458535
-318.042100829346225
-318.038925790588507
-318.037799997105765
-318.032918041332039
-318.032510201771913
-318.027784959776568
-318.023558487489595
-318.019909793795989
-318.016295586909848
-318.013595674364524
-318.008955175799201
-318.002099007590573
-318.000377380812665
-317.996766470829016
-317.994241004672858
-317.990656733662547
-317.988707720557954
-317.986740680693174
-317.984915565361518
-317.980419580428645
-317.978719287538468
-317.976042248484646
-317.972138172542145
-317.970269155011920
-317.966484872949707
-317.961939681022272
-317.955904351650190
-317.953775612443167
-317.951973650349657
-317.950989288412359
-317.947587614917836
-317.943819456679137
-317.942171799757091
-317.938722643814458
-317.935744772312262
-317.931923282483069
-317.927466283603280
-317.925087115058091
-317.920767893982656
-317.918819443951236
-317.911822195500633
-317.910129293739260
-317.907998375262423
-317.906675865718626
-317.902986817511135
-317.900225111037798
-317.896057984809715
-317.893294012995682
-317.883750734709622
-317.882441227605625
-317.879858394268126
-317.878231979341990
-317.875229173393677
-317.874001122431196
-317.870782921193552
-317.865151981741121
-317.861531203841992
-317.855847482935701
-317.854050418999179
-317.849861632368800
-317.846377480251022
-317.839953895153883
-317.836567544536308
-317.834634209715546
-317.834155442403869
-317.825346065145936
-317.822606402084887
-317.818435417537557
-317.816708081335037
-317.813073175649322
-317.811333564338156
-317.809611569788160
-317.805569402868628
-317.805176128184257
-317.797715245899440
-317.794468668597233
-317.792249124412308
-317.790270092624723
-317.785337431797757
-317.779255082285601
-317.775285977300712
-317.770385817393105
-317.767264170836484
-317.762873779898200
-317.759301997479099
-317.755940405410229
-317.753235851730892
-317.751595085356996
-317.747296655794344
-317.743608590009785
-317.742015848975939
-317.739917326690659
-317.734725513961962
-317.732167561408971
-317.728159157921709
-317.725166904122148
-317.721093963900671
-317.718249265142333
-317.715517087620469
-317.714495857553629
-317.710930066224705
-317.706132252897305
-317.702047539386456
-317.699598493799215
-317.696583374161548
-317.690906391398073
-317.687186508367404
-317.685238279003954
-317.682638505654836
-317.678508593911886
-317.672198991965502
-317.670847749969198
-317.668308176033463
-317.663731323747868
-317.661853577355885
-317.658494369415905
-317.651485270491833
-317.649197811915542
-317.647506778790444
-317.645373002606902
-317.642920281366230
-317.632358735260766
-317.629685163898557
-317.628215694031496
-317.619388792254938
-317.616700582960675
-317.612749212526467
-317.609315084845491
-317.606488563367520
-317.604108705940064
-317.602835641099773
-317.600465798984544
-317.598606742277582
-317.595552521068100
-317.591870515240771
-317.588176163870742
-317.587306761122989
-317.584601706638068
-317.582115272507679
-317.580740986222793
-317.575578877475721
-317.574136930795873
-317.569169065599056
-317.565816234525244
-317.560256733801737
-317.558319819088979
-317.550902047960165
-317.548142695888487
-317.544892434687370
-317.543933744199421
-317.538725538738277
-317.535433361368860
-317.532980149035154
-317.531530810930860
-317.528217131263773
-317.525868802779314
-317.523235121877008
-317.519768113139207
-317.513232017376367
-317.510187543156690
-317.505659083269791
-317.504395186780982
-317.498840302205735
-317.495767434420202
-317.491824912913899
-317.488730292162586
-317.482736252348275
-317.480709753185863
-317.477064314072720
-317.475423459191916
-317.469023721538463
-317.464631178346451
-317.461447342702741
-317.457549200039693
-317.453470177365148
-317.449613020643142
-317.446086620166739
-317.443829437073362
-317.434587839929065
-317.432290117599052
-317.431016818307228
-317.424856774433124
-317.421262629577427
-317.414007026721436
-317.411612026489479
-317.407787612115726
-317.405379277889779
-317.400053783990018
-317.395375322901998
-317.391422691486980
-317.387504166951885
-317.383708777819322
-317.381076281387436
-317.379277562582558
-317.374018246764308
-317.370235559036587
-317.360246477411465
-317.357915159395134
-317.350081315383818
-317.345760792813564
-317.344561238096958
-317.339784242196231
-317.338185519679087
-317.334117390593406
-317.330764609440394
-317.324064839057826
-317.322415840647238
-317.312814303413063
-317.306300791866988
-317.303248895988816
-317.292964743529069
-317.287223884943728
-317.282234877642509
-317.279072370589176
-317.276187985582453
-317.271130947131269
-317.267244566166198
-317.262271071788973
-317.259464577937422
-317.256673336092604
-317.252849833198241
-317.249231695704225
-317.243908338292613
-317.235011716615645
-317.231596978022935
-317.224868062262601
-317.223640834443700
-317.213150578215391
-317.204928192120803
-317.201793760876456
-317.200391540643068
-317.193912335317521
-317.186430625893820
-317.182803695304358
-317.173837887010166
-317.170719905845772
-317.164949204564664
-317.160488501949942
-317.152049696115341
-317.147736088658689
-317.140055727094023
-317.137501147315447
-317.129071946276440
-317.123754532378712
-317.111599970308532
-317.109679860029075
-317.106851527564345
-317.097932969340150
-317.094156891409455
-317.088132384615619
-317.081784657439641
-317.075547615121366
-317.065570836430595
-317.055954164364380
-317.043436837895797
-317.031084575785087
-317.018918362150089
-317.013311067975849
-317.008919986084379
-317.005051157651621
-317.002190009931553
-316.997054204580138
-316.969271497834143
-316.953764632960031
-316.933056728862709
-316.927512685609315
-316.917276484659965
-316.913470404842769
-316.905007311664292
-316.898260741376475
-316.880460673488528
-316.872013218584925
-316.855928694466741
-316.854387761467251
-316.842867811323913
-316.836297304926347
-316.829520494890517
-316.818488888567629
-316.810799326744188
-316.804601859436275
-316.788997486845687
-316.764212634375781
-316.756020925698010
-316.745306873403933
-316.730410914598792
-316.692839051110127
-316.671729886668459
-316.637033220523790
-316.629384184315711
-316.590635552840013
-316.523373122191686
-316.487715359092022
-316.469146525492988
-316.351712074938234
-310.900603383395605
-310.857701518550300
-310.807223634910144
-310.787835181404489
-310.771303905760703
-310.754057872672490
-310.723132309250843
-310.686561206042086
-310.685417521255658
-310.663677114035522
-310.662757648118884
-310.652737808143002
-310.649975315791266
-310.642272104541178
-310.627337657560361
-310.620754759820841
-310.612668282803384
-310.607852328809770
-310.600848893472232
-310.599498011333424
-310.594875926361283
-310.592444039811426
-310.586171364444908
-310.585313798542415
-310.581729284763469
-310.578229970720429
-310.576039296358317
-310.571446349619464
-310.568242145785518
-310.563492442616848
-310.559821850106914
-310.559090722736528
-310.555902197279295
-310.548801978946472
-310.546909091527937
-310.544251334659975
-310.542414306730393
-310.541973190850911
-310.536879377600599
-310.535853512652011
-310.534387258857748
-310.530980014539523
-310.528337386031694
-310.520576464859687
-310.515367270697595
-310.515016044445758
-310.510863091736269
-310.509469933368621
-310.508223558697978
-310.502780537448416
-310.502507408630095
-310.500990916870762
-310.500336135255509
-310.489330078759849
-310.488894129683842
-310.486677065104743
-310.484617304019764
-310.479918192819582
-310.479058497817675
-310.477397104372585
-310.474017652703310
-310.473688735318888
-310.468319716905967
-310.466247029961949
-310.461924745387705
-310.461154140858184
-310.459179703435609
-310.455203954750232
-310.451560776469705
-310.447661022020498
-310.445748181363456
-310.445582341283057
-310.443610141475233
-310.438608262452419
-310.438049913089230
-310.431142743294515
-310.427982888347913
-310.424900891392383
-310.424384010409256
-310.422963982208330
-310.418353830531998
-310.416553116040404
-310.416291634552749
-310.411887163924689
-310.410552038369531
-310.407819227023822
-310.401619574987649
-310.400775504879959
-310.396450411046715
-310.392263474344816
-310.390522694968183
-310.387369500637533
-310.386217036562243
-310.382955097862123
-310.379695536038071
-310.379018004905049
-310.375551213487654
-310.374112096791237
-310.370026033021702
-310.363607835015500
-310.363185552033883
-310.357230897307375
-310.356547903053070
-310.356167655826312
-310.348872002739711
-310.347417725753360
-310.337260208980069
-310.334315106103247
-310.334129946884502
-310.330961739047154
-310.329523494280295
-310.329233264884692
-310.320417022221534
-310.315297935511921
-310.314557331284391
-310.313409847963214
-310.308685595139707
-310.307785664803703
-310.304407023685314
-310.296486031146515
-310.293209692262849
-310.292602183218492
-310.286715957392062
-310.284968205504470
-310.281829909822989
-310.277563771754160
-310.275727388553662
-310.271047646936438
-310.266782160332184
-310.263794262770034
-310.262551027802488
-310.254809090754350
-310.251653665595768
-310.247141491728314
-310.244473200710217
-310.244156201232045
-310.240000251435220
-310.238858781925501
-310.237265922104029
-310.229987431644986
-310.226855464664538
-310.223712386939155
-310.223017868636873
-310.221163723009795
-310.220297422467979
-310.213070544401205
-310.210038552752678
-310.203886740108203
-310.202842062053890
-310.197517846737810
-310.195046556709542
-310.191453214154990
-310.189807304574799
-310.188078739597529
-310.186492971705206
-310.181001656760657
-310.175501968368678
-310.174284605291575
-310.174073621855769
-310.168338750807777
-310.167757646570806
-310.163307227413668
-310.161266579979156
-310.153365312720268
-310.151184433151229
-310.144426525941924
-310.141233291645335
-310.136736530665530
-310.136237374686743
-310.128508965331434
-310.127263397536922
-310.122785578674552
-310.120561979213448
-310.118027706232283
-310.116183722737048
-310.109521548720011
-310.105650082631485
-310.104816351927298
-310.098060201889950
-310.094974338927102
-310.092872626808457
-310.087561415541359
-310.083547941910069
-310.077851537800939
-310.075502865380543
-310.071344701046428
-310.070618813497560
-310.063244761861938
-310.060108486965760
-310.053291115797435
-310.051828389945172
-310.049328540278793
-310.048275686674970
-310.035659828118014
-310.034563464176131
-310.032344016366608
-310.025054560647447
-310.024692795297085
-310.017637899510532
-310.013140786126314
-310.011643187879429
-310.009709943337612
-310.003099435981369
-309.997660263733280
-309.995912414035104
-309.995280342534386
-309.993057003639365
-309.989300889420292
-309.983640217437312
-309.981591112960359
-309.975540859577734
-309.973169383860409
-309.969790557375859
-309.965134631645412
-309.960792517121092
-309.959099129646688
-309.951659444087170
-309.946497049501318
-309.946034105196929
-309.938230576609669
-309.922679469740729
-309.922606185002962
-309.917192530439308
-309.915235172744019
-309.904085041369058
-309.901405133147136
-309.896060700764792
-309.885984276774650
-309.883924097809199
-309.876601355640503
-309.868207984407547
-309.868181885465788
-309.861286570223228
-309.852580368573058
-309.852391141562521
-309.850144953576205
-309.843104842273704
-309.839921290346354
-309.835447508390928
-309.831079149886989
-309.820470366092820
-309.817781626078670
-309.811828175523146
-309.801616359878437
-309.789297546708610
-309.788454728045224
-309.772768389228645
-309.772433769598649
-309.767434434942345
-309.764909622369714
-309.762119733922759
-309.746755251325453
-309.736796105730377
-309.730147499999248
-309.728787991689273
-309.722372898097547
-309.719878922985970
-309.705711057359736
-309.703258311654849
-309.691019969956585
-309.689375536872831
-309.676807940415586
-309.671913908831243
-309.665039422766142
-309.659950857739318
-309.642877931548583
-309.635010010539190
-309.630545748820111
-309.627707575685235
-309.620519067825683
-309.613755324513988
-309.601916966817214
-309.596179371533367
-309.595076548914506
-309.578282725092720
-309.563023747058935
-309.561637631306780
-309.557956392796711
-309.536541041930320
-309.534159274851163
-309.533411569397231
-309.523891274222933
-309.513800241121373
-309.505603530136511
-309.498700231998043
-309.495596229666887
-309.492833776609416
-309.486969429365615
-309.473848077546279
-309.456476968170762
-309.452626950722333
-309.447978120454991
-309.445659491946458
-309.442090299500137
-309.440851576354930
-309.431304031666286
-309.413788462896719
-309.408145395158670
-309.394857093912151
-309.382529751994355
-309.376970164730835
-309.371507964560976
-309.369149587408685
-309.364100397966865
-309.348667986005580
-309.347842846516301
-309.345708930675073
-309.340561820180540
-309.321527466118027
-309.315414322054153
-309.314187561002086
-309.306903587786792
-309.289037701813072
-309.285920072723968
-309.285053890195456
-309.272643448611234
-309.271540931167522
-309.262354900068090
-309.257033788582248
-309.247658947459968
-309.237477480564280
-309.235745313246241
-309.226577396244295
-309.222282589550503
-309.208003519920965
-309.195761291250619
-309.191578547188499
-309.186943031819851
-309.177152985689816
-309.174411372838051
-309.162351354837824
-309.147316658867112
-309.138160825617263
-309.128632890411552
-309.112132902633959
-309.110738199579941
-309.103086662132000
-309.082123917151534
-309.068729457522352
-309.054835909744668
-309.053876025162936
-309.048876223108323
-309.045705063076525
-309.031749652642759
-309.018588095544544
-308.993602589208535
-308.993370355929869
-308.984249160564104
-308.979743391832699
-308.968656417092177
-308.945141642793828
-308.943311119380951
-308.937477326132466
-308.923614699159543
-308.911832638090118
-308.907128123641087
-308.894557982913000
-308.893469655542106
-308.891134259697367
-308.883499460741632
-308.880860263809438
-308.864902200006043
-308.860213702338854
-308.859534152878666
-308.858981078593217
-308.851093054313310
-308.847260249913745
-308.833332663698059
-308.827428193343337
-308.823809686753862
-308.811747085790671
-308.802583941618252
-308.802211956561109
-308.793837462016540
-308.780415374762924
-308.765925701843230
-308.765206430007254
-308.760156946583379
-308.756843249187455
-308.753128792123334
-308.740222441401954
-308.723739523187703
-308.719853890751722
-308.689318150214774
-308.689287523210339
-308.682143235131150
-308.671085413980222
-308.669186512992724
-308.649029978755721
-308.635781139935830
-308.623999554050727
-308.617308523745294
-308.609009554476017
-308.605095219613702
-308.598088286262623
-308.581750696321308
-308.568445139789276
-308.561947241779592
-308.547069935402988
-308.543546108002658
-308.536577664281594
-308.523988565135710
-308.517089954950393
-308.514690465392050
-308.504351872119798
-308.488427848981701
-308.483646573002886
-308.473866329362181
-308.464544202439413
-308.458583745441160
-308.444613752627845
-308.442026578776506
-308.431447236916370
-308.426218658998437
-308.419698380893635
-308.408494705036958
-308.406906859059347
-308.397860147511096
-308.384102602054270
-308.367477056065468
-308.365476602517390
-308.362548316999607
-308.348000297664839
-308.344201180673963
-308.343611948469174
-308.318758480757253
-308.305722949144410
-308.301099455548638
-308.292004523463106
-308.289086296079006
-308.277505834161559
-308.262365660649664
-308.256083611582937
-308.255606326222562
-308.239957902174808
-308.232981497373942
-308.219108992290614
-308.218746322859886
-308.208326204940477
-308.201517026915212
-308.195548816980988
-308.169238532028601
-308.162112977290064
-308.153185280112552
-308.148923825767213
-308.148305332509665
-308.147735284201360
-308.101592875159554
-308.090133212788203
-308.081611013949612
-308.081482604539588
-308.043517914311849
-308.038478087972976
-308.037134209364922
-308.030115166933683
-308.017407583679642
-307.989856287226132
-307.974933859121279
-307.968766711319006
-307.951764544690718
-307.946835806625472
-307.908166435742658
-307.907869632582788
-307.902133405482516
-307.897416873667112
-307.864080841764974
-307.859760183772494
-307.850750834885503
-307.840564557698826
-307.805279675762336
-307.794467615739393
-307.789977949406421
-307.774846167402188
-307.765062588483431
-307.739841014052217
-307.708654525317513
-307.692171465281376
-307.678382698664848
-307.644467107392643
-307.621160108407707
-307.609440639509444
-307.590084729380351
-307.577245621011969
-307.557780776258710
-307.535975199691848
-307.495487299953311
-307.462922441182172
-307.442491288771180
-307.409619884378799
-307.369701996690196
-307.356530637551600
-307.324295474325424
-307.246166404507278
-307.232385635828336
-307.218379756460479
-307.208378859269317
-307.159887407652604
-307.122670766910005
-307.085938249103549
-307.084508086495987
-307.060292009241380
-307.041294033240831
-307.041231397611114
-307.025942532061890
-307.004993399937518
-306.968353139134251
-306.965941198537053
-306.960700526855703
-306.938985309111274
-306.908615405266460
-306.907715310135529
-306.896546252072937
-306.893117029810696
-306.888947127497090
-306.872719288314329
-306.862525324779313
-306.824251501971162
-306.813409394616656
-306.809876409174478
-306.802967163249662
-306.793449135283311
-306.752390678678978
-306.746008175202633
-306.741676198022049
-306.647293870638293
-306.627946199621476
-306.614158772185760
-306.554090740087190
-306.540788952609262
-306.453601060305346
-306.448112601805406
-306.430362404337757
-306.417669262223001
-306.382914699247237
-306.326534113580067
-306.267990223303968
-306.222744636488471
-306.211930537951218
-306.202869776342595
-306.189767704513713
-306.183006428936551
-306.175962199920946
-306.163001176056753
-306.148604548095477
-306.136895114344497
-306.134780538829034
-306.112659635318323
-306.106892300538846
-306.100724720039182
-306.089823709291579
-306.082918865274564
-306.069512800247423
-306.067131610418187
-306.056820971371394
-306.053369961529086
-306.046744189655897
-306.038032577148556
-306.021068710867439
-306.016878111289145
-306.002875666881891
-305.995839026330202
-305.988348086430051
-305.979227352282294
-305.973683461151438
-305.962544719619927
-305.956657245902306
-305.946786702706618
-305.936871413260064
-305.924659498145843
-305.916552370336547
-305.905792673652741
-305.902949435092296
-305.880387303045552
-305.872079806399938
-305.860177538239498
-305.851593588201013
-305.848730319391279
-305.838636914878407
-305.827056037625539
-305.820601048769390
-305.805565744205182
-305.799994261118968
-305.788140842798157
-305.777123443216965
-305.771671801398782
-305.763825867932326
-305.750074986226366
-305.730096531074480
-305.721381852984507
-305.718396221537660
-305.690752287149508
-305.676110622527176
-305.671255415088297
-305.656318541106486
-305.645887884966385
-305.634271345086063
-305.619255241693736
-305.599449159589653
-305.593861228127821
-305.588970652824059
-305.566558628940754
-305.549924074250498
-305.543093410901861
-305.529390452783559
-305.514011268691263
-305.498639954934106
-305.477853480305782
-305.463542111542040
-305.459142089006150
-305.444009110326704
-305.428689123670154
-305.406991036886041
-305.393159221096596
-305.382308096680617
-305.352398629165123
-305.339506434133170
-305.326381925740009
-305.298090034413235
-305.268114016622860
-305.254216080959736
-305.233023338052931
-305.226488243676442
-305.190709584571323
-305.151740317103645
-305.134276381119264
-305.097990833019480
-305.084258875983494
-305.054594096553899
-305.020086194918861
-305.002551827732930
-304.988821980613295
-304.940912704214725
-304.910656088290352
-304.891780372448295
-304.888036518601098
-304.854860912627885
-304.838023186832629
-304.827610135948817
-304.782661372583220
-304.753951314201856
-304.730859917073815
-304.720072211222430
-304.710854598640879
-304.669863413581425
-304.646298555027556
-304.614511718536392
-304.600168172704855
-304.550823719887603
-304.541763925326961
-304.520348699681051
-304.500293433580850
-304.456982845806920
-304.440351634252352
-304.424618677320950
-304.408419527373951
-304.389247345410467
-304.375761930483407
-304.363301534677476
-304.326743940703068
-304.315125951849723
-304.292531356581833
-304.256259459975695
-304.232620928521555
-304.212862806550731
-304.163417043179550
-304.157716553994646
-304.137029960443613
-304.078924843503955
-304.068720413802737
-304.050033224403876
-304.019320553581451
-303.999349946269604
-303.952860818021577
-303.926870757107110
-303.901884849893293
-303.875188945403920
-303.868166856659570
-303.789571268142367
-303.777777033798202
-303.758691176107675
-303.734845587023358
-303.712377255258502
-303.651775189220700
-303.598112283688579
-303.591087998317732
-303.536028529037708
-303.508827604244232
-303.450390298040475
-303.419457765573497
-303.342706873413135
-303.257227307294045
-303.242377048838648
-303.195842708093835
-303.145535367260209
-303.062675539737768
-303.038743038872155
-302.864037132831527
-302.752101750578277
-302.552185351741116
-302.477771163259149
-302.458249187931187
-302.441613695197816
-302.395365533813276
-302.366331155114551
-302.319546948841264
-302.227992695132912
-302.122692582961463
-301.986420501509940
-301.630911320856058
-301.586328627651085
-301.467834554660328
-301.439891650693596
-301.423204418547016
-301.421330195026883
-301.410583612993605
-301.409117682015562
-301.396977974047729
-301.395298111124475
-301.391707972856125
-301.383152570031655
-301.380986471520202
-301.377832613418605
-301.370340682088738
-301.369314181750553
-301.364897383374739
-301.352837625884945
-301.352405331813998
-301.351177005278771
-301.345442127146043
-301.341039971447231
-301.335525155649293
-301.324477972121031
-301.323486988964191
-301.320942427594503
-301.316714440759029
-301.308741966014281
-301.308461961441367
-301.298703343344414
-301.293111488220063
-301.291676234337956
-301.290307952174942
-301.286876452311674
-301.282003758927885
-301.276184207974268
-301.275034149344492
-301.269333238286720
-301.269248247114206
-301.267621643032328
-301.260338650217989
-301.259168813917370
-301.254834890015275
-301.253819940882977
-301.248485530442622
-301.245834356094804
-301.243419150521390
-301.241165213424949
-301.232765329971244
-301.230582408293230
-301.227765090871344
-301.223320350551205
-301.223262223455208
-301.211805990458345
-301.206997182974135
-301.206526140153073
-301.197302611015687
-301.192910346490748
-301.192302482737887
-301.186732474541714
-301.186182467720357
-301.174066541335435
-301.171488447605782
-301.162083245633482
-301.161108981410280
-301.150238767110977
-301.148524835934666
-301.142482336747264
-301.135865512667124
-301.134783338503667
-301.129200303453956
-301.121336555357459
-301.115691333302834
-301.110902178768583
-301.108773705005490
-301.100571105942493
-301.092998834849311
-301.084390525714241
-301.083283105611201
-301.071236014394970
-301.070443633208811
-301.066035624341680
-301.062027134876473
-301.054630334256956
-301.047637348562205
-301.035603441046931
-301.033052519243427
-301.032665267212565
-301.024995266074086
-301.023206766222529
-301.019929306043480
-301.012633104451652
-301.010634850622466
-301.005553311000313
-301.000481843314333
-300.995918355304411
-300.992410247609371
-300.986892482596488
-300.984552531238705
-300.977269524005465
-300.976019297490211
-300.962599829064970
-300.961565789746714
-300.953761534929413
-300.947581414418607
-300.942702195588879
