-321.621647762258021
-321.607456833637514
-321.602921126347383
-321.590659217186101
-321.585906659086106
-321.579035693435856
-321.576401177836487
-321.576088781352155
-321.568684859901452
-321.567689601206894
-321.563385397092702
-321.556928581439365
-321.551167634883655
-321.550320115933800
-321.545441755980391
-321.540508389838465
-321.538015811315518
-321.536709720630370
-321.535342065146835
-321.533963322472516
-321.530354534700962
-321.528087450180180
-321.526790748905285
-321.523694876462457
-321.519017617484110
-321.516351058908697
-321.512531703910099
-321.510259825320134
-321.504562810608036
-321.501286649475901
-321.499923700980617
-321.497943259280419
-321.495140133527514
-321.493082020327904
-321.489992877880979
-321.486822590697329
-321.486292961684455
-321.485424382449764
-321.481463057548467
-321.479684249061449
-321.479277680716450
-321.477287424215660
-321.475596846150268
-321.472635862601123
-321.470006879274536
-321.469680103755991
-321.468112342802101
-321.465710049429106
-321.464264185065304
-321.462588351229556
-321.460107846111043
-321.457610456255168
-321.456502293753488
-321.455260572216162
-321.451210210260513
-321.450856149049685
-321.449943149145895
-321.447801615083108
-321.447477357804473
-321.446396431957623
-321.444162062698638
-321.442913209573135
-321.442309332364573
-321.441176425665162
-321.438230636734488
-321.437161221461110
-321.435242634897122
-321.433736007707125
-321.432837868571653
-321.431128211363671
-321.430356143891800
-321.428597329634897
-321.427193579887557
-321.425124985777074
-321.424143630185142
-321.422364663102712
-321.421685689138826
-321.420294221344477
-321.419714482563222
-321.418938272823766
-321.417145815802428
-321.415885003961648
-321.413866811623279
-321.413305793525637
-321.411004198561955
-321.409716054659043
-321.409355695781471
-321.407723651483479
-321.404920868964325
-321.402858733199992
-321.401362617997961
-321.400254964015744
-321.399069822969579
-321.398136780164009
-321.395271715920614
-321.395017359984934
-321.392982919131839
-321.392414048050171
-321.390742588384910
-321.389263261243002
-321.388592299113498
-321.387245669796300
-321.386338109278768
-321.385613689846252
-321.384374697403359
-321.382499487969824
-321.382278558837697
-321.380838328400216
-321.379773807284607
-321.379042447333745
-321.377092090295434
-321.376562497840496
-321.374701152879936
-321.372662920681648
-321.371670664907072
-321.371000901113121
-321.369850143479027
-321.369161036498213
-321.368133094212510
-321.366911249921714
-321.366297837117372
-321.364637002251243
-321.363978486847714
-321.362942541579400
-321.362373193010285
-321.361142293244541
-321.359669617093118
-321.358820903102412
-321.358368295467358
-321.356625941569348
-321.354518095077140
-321.353293609593891
-321.352000583165136
-321.351394254173613
-321.350072522815196
-321.349576000139621
-321.349494048764029
-321.348176605123456
-321.346681029261447
-321.346227538681433
-321.345127666651933
-321.344792027409369
-321.344224405465582
-321.343298809159819
-321.342354247096637
-321.341653752081754
-321.341042320388908
-321.338548266105249
-321.337938185604912
-321.337538659504901
-321.336790154235814
-321.336003256194090
-321.335677436699939
-321.334033969066184
-321.332174095245421
-321.331435220024161
-321.329827493478319
-321.328668573133598
-321.328013412277414
-321.327434821462987
-321.326592352749856
-321.325596165649301
-321.325268014343294
-321.324172102676073
-321.323543312595234
-321.322502057824920
-321.321826355331723
-321.320914857942910
-321.320183046175714
-321.319655731029115
-321.318921411680719
-321.317084325345093
-321.316400976008538
-321.315380061929545
-321.315142361871096
-321.314219117346795
-321.312620520703433
-321.311727221657350
-321.311020539042715
-321.310529160011868
-321.308630929773017
-321.307630693023839
-321.307045274999666
-321.306615195396660
-321.305460537068086
-321.304530042132399
-321.303421496343333
-321.302520902380991
-321.302273900154489
-321.301538243551249
-321.300929744154473
-321.300254334684382
-321.300037080545337
-321.298501542079919
-321.297647138425873
-321.296701692211457
-321.295651993545391
-321.295078751949404
-321.294597858188695
-321.293819697467427
-321.292692171913984
-321.292136593936107
-321.291495137099446
-321.289908998328031
-321.288809492154428
-321.288292384251747
-321.287927178882171
-321.286864065501277
-321.285681301363127
-321.284500962803122
-321.283910138599651
-321.283264823821355
-321.282536366161253
-321.280901647606868
-321.280263521677909
-321.279784648894861
-321.278852395732258
-321.277552056667275
-321.277348185877941
-321.276548436280677
-321.275514438211701
-321.275008777891571
-321.273808875455586
-321.273349735119211
-321.272754374770386
-321.272052102949033
-321.270882130760072
-321.270375090174241
-321.270131856033004
-321.268956776777031
-321.268053559804059
-321.266249554758474
-321.265177910908449
-321.264945962126831
-321.264392320702314
-321.263488883888897
-321.262978422011372
-321.262081299365832
-321.261426912079571
-321.261041044962781
-321.260024774674321
-321.259696760086570
-321.259037500117415
-321.257623039706857
-321.256674367990399
-321.255606379358710
-321.255016983556288
-321.253834135038232
-321.253026619883087
-321.251522883666439
-321.251230275267744
-321.250304649641009
-321.249396554758334
-321.248962542304810
-321.248280991845775
-321.247147462717066
-321.246600492536288
-321.245811406424707
-321.245057054342226
-321.244735559273579
-321.243680322447801
-321.242928669650041
-321.242604985501885
-321.241544483508562
-321.241014322980391
-321.240029107490159
-321.239081831964711
-321.238564548800696
-321.237479679705700
-321.236887062589119
-321.236471228363655
-321.235011113206440
-321.234427852520582
-321.233226337059079
-321.231995383902472
-321.231709709950280
-321.231248415294317
-321.229699287812480
-321.228606048677420
-321.228314287831665
-321.227232917913625
-321.226583504454311
-321.225584672167429
-321.223989941062939
-321.223177796099208
-321.222103376813891
-321.221164373266618
-321.220634777011810
-321.219344559330636
-321.218993423847678
-321.218011495402891
-321.217672770777995
-321.216721707425052
-321.216334493355134
-321.215733461578964
-321.215029865521331
-321.214198065593052
-321.214045933086936
-321.212806866977871
-321.211811780792061
-321.211268013962922
-321.210936976001960
-321.209640338666418
-321.209445981181659
-321.208495937572820
-321.207289621702216
-321.206644143934057
-321.205929440052216
-321.205694976343239
-321.204510067157571
-321.204263184904391
-321.203317236082796
-321.202369145997977
-321.201406165785613
-321.200264823002783
-321.199299428349036
-321.197705085511927
-321.197025177897501
-321.196821593298409
-321.195645747564242
-321.194643518339205
-321.193798068726494
-321.192721991684948
-321.192253684407262
-321.191863995529900
-321.191436675192051
-321.190849391814822
-321.189690212654625
-321.188685556458893
-321.187150540759205
-321.186791558998038
-321.185469957422356
-321.184776382653865
-321.184075746059932
-321.182830075264690
-321.182562981291369
-321.181647234531908
-321.181278672830331
-321.180820396278421
-321.178966986170849
-321.178598285556291
-321.177504441614019
-321.176719104314714
-321.176091184056247
-321.175025709477779
-321.174198115005368
-321.173757230252363
-321.172666721665166
-321.171996366457677
-321.171542589719593
-321.170778058373514
-321.169317262476454
-321.169192544939790
-321.168745352129349
-321.167555738959663
-321.167243008227274
-321.166445831334215
-321.166184335712558
-321.165931405988488
-321.165247883926156
-321.164194464100433
-321.163432383514987
-321.162956418267868
-321.162137211927529
-321.161306263485926
-321.160604317276068
-321.159869862832352
-321.159344280423113
-321.158420514360444
-321.158056055698864
-321.156432079447086
-321.156083580100812
-321.155524066362887
-321.154420350595899
-321.153849063376356
-321.153648093468064
-321.152783990937280
-321.152189973795714
-321.151424559038162
-321.150731481691594
-321.150009161651838
-321.149520283094205
-321.148540500931119
-321.148188210553656
-321.147427600865001
-321.146950647705580
-321.146048890954489
-321.145085154507854
-321.144440005667889
-321.143890008516507
-321.143336939583833
-321.142491023447292
-321.141754168914531
-321.141125369349936
-321.140325732127337
-321.139724915011016
-321.139211768197185
-321.138847118829062
-321.138133482385285
-321.137579693528608
-321.136824432446701
-321.136264099203061
-321.135641500995746
-321.134346004112444
-321.133200246867716
-321.132894286765804
-321.131470184447267
-321.131100715537741
-321.130601815808234
-321.129872109862902
-321.129327740227211
-321.128548304043363
-321.127943895836381
-321.127565059450944
-321.126547356436220
-321.125573353865605
-321.125357533607257
-321.125031157073067
-321.124591530814712
-321.123304072227427
-321.123131811684630
-321.122378707346513
-321.121956713674024
-321.120940630077541
-321.120349034859601
-321.119010377013126
-321.117464152171522
-321.117015019901714
-321.116019903755159
-321.115710622445135
-321.115056437145711
-321.114868040915098
-321.114653143873795
-321.113506041355549
-321.112818249262034
-321.112725309343489
-321.111263498868766
-321.110772987348184
-321.110636962276317
-321.109780301435592
-321.108447488173169
-321.107926508439618
-321.107277566335824
-321.106449149515697
-321.106295517343028
-321.105874032124063
-321.104668125908063
-321.103876053311581
-321.102612838531797
-321.101863333068081
-321.101591987844245
-321.099884538321305
-321.099508622004635
-321.098462768192007
-321.098328522714098
-321.097624501212977
-321.096630973198330
-321.095764624258948
-321.095007444932662
-321.094053980404794
-321.093923878946214
-321.092843586263427
-321.092451152134117
-321.091997052469537
-321.091472595656569
-321.089784711887148
-321.089553482013912
-321.088719153446618
-321.087266871876352
-321.086642328556252
-321.085801199295361
-321.085195294383823
-321.084994593377019
-321.084683617206792
-321.083274977332110
-321.082425329136186
-321.081875769371095
-321.081669543115197
-321.080726702644540
-321.080213162116934
-321.079923946690712
-321.079317373252991
-321.078556360621349
-321.078338648577642
-321.076900601897364
-321.076596342762969
-321.075574189353404
-321.074584769236708
-321.074293135546270
-321.073332224613239
-321.073188968331408
-321.071739804128413
-321.071287832118344
-321.070881417753810
-321.070620631949566
-321.069275501437460
-321.068318607649303
-321.067813953869234
-321.067611958471048
-321.066986015402449
-321.066671246233057
-321.065585617649504
-321.065151474837990
-321.063907123262936
-321.063611132277288
-321.063091531579516
-321.061964176594074
-321.061490049534086
-321.060626833043102
-321.060464991346862
-321.059333525100271
-321.058865662317942
-321.058001729098237
-321.057373697005119
-321.056459352104866
-321.055721277888722
-321.055100627011370
-321.053747716843645
-321.053491784671223
-321.051907975648021
-321.051589965268988
-321.050305377044992
-321.049522477135156
-321.049272721012755
-321.048179583827618
-321.047566530967231
-321.047340658599808
-321.047038448455794
-321.045463856018273
-321.045241777255967
-321.044378431971609
-321.043771435206452
-321.042791908672314
-321.041765940946448
-321.041075936209438
-321.040647649257437
-321.040007611624674
-321.039534482471197
-321.039059406611216
-321.038321590221358
-321.037763884515584
-321.036943172857207
-321.036336154839432
-321.035704515528266
-321.035275025459669
-321.034522887625428
-321.034038374058468
-321.032906617937556
-321.032549562829161
-321.032101260729974
-321.030899464903939
-321.030469759021685
-321.029412030819060
-321.029268376181847
-321.028753991069379
-321.027759763386030
-321.026344676891938
-321.026183621127018
-321.025478980146318
-321.024876200449114
-321.023569212795167
-321.022736397269910
-321.022439689178668
-321.022169202958423
-321.021304596742482
-321.019785645557818
-321.019479617733168
-321.018841577640671
-321.018082401828167
-321.017605536921792
-321.016812179010287
-321.016327429316675
-321.014342283140707
-321.014000507979119
-321.013739738535605
-321.013193880738527
-321.012110036686863
-321.011544647141420
-321.010266776547439
-321.009497956046687
-321.008834615218120
-321.008262149264908
-321.007644376827898
-321.007286253586358
-321.006439773967202
-321.006245266640292
-321.004638236562414
-321.003960737573436
-321.003689180663855
-321.002522164781055
-321.002190552132959
-321.001631530642840
-320.999884318212821
-320.999119170714550
-320.998570364053080
-320.997887381459009
-320.996941108200360
-320.995974424833548
-320.995635255006277
-320.994100649518202
-320.993359765577850
-320.992525538244479
-320.991947258347295
-320.991202542939163
-320.990245959318997
-320.989734623032291
-320.988678567609043
-320.987983710460298
-320.987709615328470
-320.986355827301679
-320.986030497451566
-320.985588189604755
-320.984956045276704
-320.984114456890666
-320.983499487005986
-320.982773984326286
-320.981609119250720
-320.980791325604912
-320.980439875179513
-320.979728536343941
-320.978653456696577
-320.978440716676744
-320.977414176124000
-320.976416787331857
-320.975593897220278
-320.974952768270953
-320.974210181789772
-320.973888409095082
-320.972835777431385
-320.972196489157625
-320.971453291090938
-320.971024886537919
-320.970275721357382
-320.969301181560581
-320.968999403564396
-320.967905313067149
-320.967490943960740
-320.967155459820844
-320.966773054560917
-320.966323970449992
-320.966022637932269
-320.965076712996620
-320.964785092173372
-320.964193671367013
-320.963937258627425
-320.963282217943402
-320.962080977099731
-320.961622775647925
-320.960426535492843
-320.959785395268568
-320.958857365953463
-320.958238151074283
-320.957571996279114
-320.956622381472926
-320.956052752911887
-320.955452978269022
-320.954677050970361
-320.953719146649576
-320.953322216885113
-320.952258208226738
-320.951522154466375
-320.950736188022745
-320.950133823253509
-320.949486630417198
-320.949153108169185
-320.948203061079823
-320.947469460792661
-320.947058380398801
-320.945781435847607
-320.945617068990089
-320.944622597432897
-320.944108530522499
-320.943763525119664
-320.943335145698654
-320.942262408380714
-320.940702400748592
-320.940084753092947
-320.939747665931350
-320.939407283816877
-320.938267809003605
-320.938101256887649
-320.937801175908930
-320.937081670175132
-320.936041434460776
-320.935880550093145
-320.935476549700411
-320.934290800182339
-320.933267319202514
-320.932759916518648
-320.932006774301385
-320.931089571393329
-320.930773496423058
-320.929978746143490
-320.929854590962918
-320.928640004060355
-320.928489704573565
-320.928090015039118
-320.927755445632215
-320.926823333805373
-320.925905673551199
-320.924906352706500
-320.924080937918461
-320.923430798962727
-320.922213154501037
-320.922107419399367
-320.921003611954404
-320.920296997636854
-320.919733922764465
-320.919256202723318
-320.918127831834397
-320.917425054195689
-320.917214528045179
-320.916578884417561
-320.915830705336646
-320.915397926671062
-320.914711592582933
-320.913223649512645
-320.912665689600999
-320.912406086150042
-320.911769458067852
-320.911176402143155
-320.910845686234040
-320.909811762306902
-320.909315168622186
-320.908490734484019
-320.906632456874320
-320.906337996804780
-320.905572978103180
-320.905272043869331
-320.904730775365806
-320.903462225662565
-320.902504678638422
-320.901927974459284
-320.901601021971032
-320.901049232561263
-320.900798471493715
-320.900623823768967
-320.900167363995649
-320.898626948489095
-320.897927755833450
-320.897311502905040
-320.896605283006068
-320.895911054974249
-320.895005366457667
-320.894192337278071
-320.893152420353260
-320.892145482709964
-320.891778522600248
-320.891292413752865
-320.890069687273524
-320.889577324922470
-320.888787277985614
-320.887550937750234
-320.886972433997073
-320.886713673612576
-320.885636928645056
-320.885440811353533
-320.884570216640213
-320.883826287770887
-320.882209736995605
-320.881555217713128
-320.880707605911255
-320.880451788290600
-320.879763150071710
-320.879453486678926
-320.878291735263133
-320.877664534388543
-320.876668487973859
-320.875766690091154
-320.874723223425974
-320.873905043462742
-320.873397756448583
-320.872164635339402
-320.871994669006540
-320.871581955665704
-320.870311773420553
-320.869547960045907
-320.868981016956866
-320.868648222078434
-320.867576600151722
-320.867369429635175
-320.866121683745916
-320.865269512114651
-320.864302272157488
-320.863994487741252
-320.862500366535301
-320.860563801112676
-320.860230033275343
-320.859693395123713
-320.858677551270489
-320.856958470421034
-320.856494727201664
-320.855474654093541
-320.855114296701458
-320.854577000727943
-320.853630210107667
-320.853317376709981
-320.852016060586948
-320.851071848864080
-320.850442567089999
-320.850247536018685
-320.849966103813301
-320.849184433799735
-320.849043855427396
-320.847876000459621
-320.846460127615501
-320.845788346085044
-320.845399358683437
-320.844849899807230
-320.842943578932307
-320.842453034999608
-320.842127342623371
-320.841048123029111
-320.840595780480783
-320.839852626460299
-320.839292374358479
-320.837112671222997
-320.835891237012845
-320.835572470389820
-320.835109178691255
-320.833916046474030
-320.833343322467442
-320.833018125203068
-320.832011750033871
-320.831334103983693
-320.830623108069346
-320.830221912912862
-320.829054516584790
-320.828419729373422
-320.827902652397597
-320.826958662026300
-320.826035303018216
-320.825668276794886
-320.825263397346532
-320.824162475747130
-320.822842014382047
-320.822760739489013
-320.821248083453270
-320.820883212415140
-320.820582046700281
-320.819918269400944
-320.819692341034113
-320.818032964305928
-320.817692891862691
-320.817161568576353
-320.816523545618963
-320.815289832554811
-320.814999756117686
-320.814280496040283
-320.813156215825472
-320.812219548125711
-320.811805905295898
-320.811002774288340
-320.810377140384503
-320.809854667534069
-320.809379905807248
-320.808757097375860
-320.807025636623052
-320.806816461814947
-320.805908304358809
-320.805681850183817
-320.804467069580710
-320.803917627110934
-320.803387910678907
-320.802021008345662
-320.801459261750210
-320.800730380739765
-320.799822446661381
-320.799533698202254
-320.798400249715769
-320.798072799834586
-320.796972720786073
-320.796433746665457
-320.795880811053166
-320.795198995648377
-320.794186611579391
-320.793944237413371
-320.793474580298096
-320.792923783306151
-320.791962327348926
-320.790243939479694
-320.789690302623569
-320.789142540389605
-320.788415679307093
-320.787674046043094
-320.787018543520560
-320.786472807870609
-320.785524737285016
-320.784118839539985
-320.783709487927808
-320.783013687002608
-320.782488522745609
-320.781813606748244
-320.781282732272985
-320.781032242518336
-320.780089439175242
-320.779098644479063
-320.778490934939214
-320.778038128521985
-320.777189638874290
-320.776169036730550
-320.775763325208743
-320.774488799133792
-320.774255296526462
-320.773002221233185
-320.772393155416694
-320.771836140006940
-320.770714143259227
-320.769863767398022
-320.769471490005117
-320.768950113099663
-320.767543609843642
-320.766851101096904
-320.766177792565543
-320.765845630807519
-320.764869271411669
-320.764067790788545
-320.763845064771886
-320.762852616000032
-320.761549336279927
-320.760737836874569
-320.760204395290714
-320.759408446577595
-320.758222233494337
-320.757519224755640
-320.755677850856671
-320.754775973761468
-320.754602454351982
-320.754111358833825
-320.753527860030545
-320.752796278241135
-320.751645690533223
-320.751208770345897
-320.750300268208150
-320.748383295507665
-320.747909780818816
-320.747755920098712
-320.746654998167742
-320.746214705339639
-320.745414225004197
-320.744827926294931
-320.744159673763079
-320.742944270794169
-320.742083608862345
-320.740904776458081
-320.739746032482458
-320.739342223567292
-320.738239650367404
-320.737542538152525
-320.736250218116425
-320.735276611418897
-320.734799304792773
-320.734511608846674
-320.733954831436108
-320.732527540766000
-320.731990541252799
-320.731618091434939
-320.730191151203769
-320.729964013933113
-320.728643618586318
-320.727650882561306
-320.727329843415248
-320.726471914206627
-320.725581574207354
-320.725123136166928
-320.722732569896152
-320.722291841047536
-320.720938484283124
-320.720685071372657
-320.719726768118676
-320.718835962661160
-320.718090424771674
-320.717576836529020
-320.717377112408315
-320.716336979670587
-320.716056133973439
-320.714448194926490
-320.713212774176839
-320.712721176251478
-320.712269230265861
-320.711394627278253
-320.710018549090762
-320.709046354286670
-320.707229447926920
-320.706971506299567
-320.706234816123242
-320.704755078357380
-320.704515344610968
-320.703666420650961
-320.703442053077879
-320.702274979407719
-320.701925940383148
-320.700739561632133
-320.700316779023240
-320.699984447636780
-320.699401502959745
-320.698492018513093
-320.696927880200121
-320.696713914011355
-320.695171949620317
-320.694287411098969
-320.693117968230013
-320.692396815243399
-320.691703833881149
-320.691161351744427
-320.690006727931120
-320.688962409154328
-320.688566047204915
-320.687666309850044
-320.686985925757483
-320.685713339248252
-320.685079975231190
-320.684828509088788
-320.683582487878653
-320.682147733350291
-320.681201649719412
-320.680936536612819
-320.680379716763639
-320.679722071085735
-320.679511533590926
-320.677989724909139
-320.677731805666554
-320.676557364172538
-320.675182813269032
-320.674791947336189
-320.674267401730731
-320.673907862299700
-320.673579485892390
-320.672589992049382
-320.672253930128193
-320.670828393917304
-320.670271300570903
-320.668973911812714
-320.668602111521523
-320.667915918692302
-320.667650951102019
-320.665660559660637
-320.665417036263364
-320.663814352179941
-320.663386534114977
-320.662570740537149
-320.661038303031603
-320.659504169393870
-320.658542539230382
-320.658332791231089
-320.657260054227322
-320.655882380117760
-320.655670150864637
-320.655117580306694
-320.654393413877244
-320.653689612787673
-320.652628387429559
-320.652121342290911
-320.651746970578358
-320.650953419861480
-320.650335867616377
-320.649947408716969
-320.648934845562735
-320.647912118453519
-320.645999268460002
-320.645473184553339
-320.644928803645143
-320.644513841409776
-320.643720888671510
-320.643349344880733
-320.642553155029191
-320.641313821805795
-320.641158881339095
-320.639136591108468
-320.638768941128376
-320.638124362487360
-320.637267232422460
-320.636509331162927
-320.636000727783369
-320.635591444527961
-320.634371199233044
-320.633266244641732
-320.632405516297069
-320.632091998641670
-320.630972287653890
-320.630255306332856
-320.628707198844097
-320.628306387404450
-320.627441759908379
-320.626260924496250
-320.625462546990775
-320.625107220048392
-320.624514876266232
-320.622667854257088
-320.622357486461169
-320.621764600219308
-320.621024162016511
-320.619264790643399
-320.618440261675630
-320.618111773202827
-320.617230549409044
-320.616762297056880
-320.615989857615773
-320.614816312580558
-320.613407339335822
-320.613073124529535
-320.611842208758787
-320.611285028887437
-320.610182016694807
-320.608890267982474
-320.608362323771814
-320.607241889087277
-320.607116062104865
-320.606568182183878
-320.606126347216332
-320.605588383593670
-320.604071925980577
-320.603771178074680
-320.601966890205517
-320.601343676350723
-320.598762514448765
-320.598349510310925
-320.597966975632232
-320.597212645062598
-320.596301453915885
-320.595085304269219
-320.594876512086785
-320.594235344570450
-320.593683066656581
-320.592183931239390
-320.591919354775314
-320.591046285379093
-320.589949046387858
-320.589492422654814
-320.588692121989936
-320.587969228789689
-320.587615872782578
-320.586926836281691
-320.586238126258138
-320.585833929584169
-320.585036113576223
-320.584358908983006
-320.583327427922313
-320.582567362466591
-320.581485623478784
-320.580823499361202
-320.580112496742856
-320.579591318838766
-320.578734819306419
-320.577407244013955
-320.576950367184565
-320.575678955621584
-320.574839155810366
-320.574335541003961
-320.573442282471660
-320.572029858433609
-320.571689006923918
-320.571068271685078
-320.570264944906398
-320.569843859334128
-320.569417130723082
-320.569071393959518
-320.567734066490118
-320.566549444850409
-320.565929170883635
-320.565217930693393
-320.564007543173034
-320.563758835361909
-320.563637380009311
-320.563450024715394
-320.562506461668306
-320.562066118742962
-320.561079613181676
-320.560687104173780
-320.560050688033584
-320.559320620572066
-320.559021440103152
-320.558784846354740
-320.557611020464208
-320.556014766256965
-320.555713497404895
-320.554061999710996
-320.552789861962140
-320.552396237672156
-320.551243074671333
-320.550669486756306
-320.550619367565446
-320.550307736695288
-320.549659923771344
-320.548538640637332
-320.548347433495849
-320.546558433457164
-320.545637870989026
-320.544726962171978
-320.543862554471616
-320.543168592895256
-320.542572460106953
-320.541484348743950
-320.541004878315903
-320.539858487162689
-320.538647349158168
-320.538309878023767
-320.537379996318350
-320.536882541902401
-320.536401252156509
-320.535376875984014
-320.535105546232046
-320.534339554385156
-320.533010586018008
-320.532800959669373
-320.532574972810551
-320.530743428163589
-320.530232447722540
-320.528994255352416
-320.528612767271397
-320.528115466834549
-320.527279957702717
-320.526502313561366
-320.526213885821164
-320.526053369833619
-320.525046913881624
-320.523987926568509
-320.523430516308565
-320.522250098130087
-320.521157728626065
-320.520369382022068
-320.519581487120377
-320.518950969293144
-320.518289383530032
-320.517645147641701
-320.517400890591318
-320.516241736549716
-320.514192337288421
-320.513966593982047
-320.513165453532622
-320.512963961684761
-320.512582218148566
-320.511946323667360
-320.510596775031161
-320.510437411518183
-320.509840164411003
-320.508944030697421
-320.507788962291670
-320.507329929728826
-320.506236020230403
-320.504896337082243
-320.504607343698353
-320.503675234358980
-320.502397225407094
-320.502036589791601
-320.501353355678361
-320.500648998899067
-320.500099135685275
-320.499639291246069
-320.498727638376636
-320.498432135757469
-320.496668659371892
-320.496460938246059
-320.495757868162968
-320.494516308641892
-320.493527264490524
-320.493050922768305
-320.491682686969284
-320.490344148996712
-320.489116516889851
-320.488367629174093
-320.487061503074131
-320.486649674224111
-320.484868234411181
-320.484537805643981
-320.483777292973400
-320.482670223239097
-320.482158755336968
-320.481184581414766
-320.480433677609312
-320.479730692635428
-320.478937015523059
-320.478202757526049
-320.477629863742152
-320.476675236288315
-320.476495049796654
-320.475947666569311
-320.474907301683231
-320.473582134827666
-320.473357427149210
-320.472676355128442
-320.472095139503153
-320.471722321896834
-320.471050870229305
-320.470176204668462
-320.469908077900527
-320.469081851665749
-320.467652118705018
-320.466578789899927
-320.466092611966815
-320.464252525500854
-320.463084884275077
-320.462522731928232
-320.461345283944922
-320.460537280974791
-320.459612736671261
-320.458774263936220
-320.458023730463253
-320.457402412225065
-320.456341286307520
-320.455446470854952
-320.455105065050020
-320.454558384162226
-320.453803993941449
-320.452622858739801
-320.451730235180037
-320.451386025385602
-320.449538309373850
-320.448990553427961
-320.447351023133933
-320.447039817003997
-320.445942051095074
-320.445534484303550
-320.444606326728774
-320.443959257862048
-320.443015156981460
-320.442182268486363
-320.441688639757444
-320.440598478816639
-320.440417190928542
-320.439459198727832
-320.438841160086781
-320.438076776382559
-320.437852339923268
-320.434486610273211
-320.433807489148364
-320.432886540554591
-320.432094439516447
-320.431762217272023
-320.430009842018933
-320.428171065926733
-320.427667057359884
-320.427192203613572
-320.424859778639188
-320.424208003598608
-320.422868733814937
-320.422288056008597
-320.421593545234202
-320.420149247264760
-320.419844070365002
-320.419139589661256
-320.417828886874190
-320.417074332851996
-320.416325790925384
-320.415635702177838
-320.414773803478170
-320.413976931399418
-320.412212748409274
-320.411835568687252
-320.411148129494393
-320.410415925105156
-320.409848820858940
-320.408489772618793
-320.408033333547394
-320.406248565052749
-320.405669372094962
-320.404827157934164
-320.404614439458271
-320.402849690230312
-320.401731462853718
-320.401155351420982
-320.399913443331855
-320.398731571162045
-320.397912142425355
-320.397200786308815
-320.395461478922925
-320.394074451947688
-320.393663754994122
-320.392963350624939
-320.392774883814980
-320.391275229884229
-320.390630930468262
-320.389954334829895
-320.388590236678681
-320.387915741974894
-320.387562665912185
-320.386869425784823
-320.384733428564459
-320.383961037552410
-320.383612316854453
-320.383400420949670
-320.382474774638922
-320.379586665639692
-320.379110015096785
-320.378456599914841
-320.376661855185660
-320.375523215606449
-320.374602732717790
-320.373632393788057
-320.372711964487564
-320.370913558732411
-320.369757373262360
-320.369060882219571
-320.367533119373320
-320.366185821652152
-320.365502005622432
-320.365146250839871
-320.364214842478532
-320.362599573236309
-320.361424667643234
-320.361289846344562
-320.360010533599677
-320.358932641515366
-320.358494337059142
-320.356312937976554
-320.355284280763556
-320.353812475804034
-320.352678940335863
-320.351331134693226
-320.350631629404120
-320.350054485476107
-320.348811333790366
-320.347918580470377
-320.347272418181603
-320.347209588037117
-320.346803135016216
-320.345828169269794
-320.344993455084136
-320.344514812331397
-320.344179187828274
-320.343724625597304
-320.342812136607108
-320.341978668926913
-320.340051406822113
-320.339364251347718
-320.339219699820774
-320.337643600586830
-320.336288625858003
-320.335956302571219
-320.335112711117290
-320.334838198765851
-320.332374917446771
-320.331854755188715
-320.330733284988241
-320.330086890108873
-320.329397761804046
-320.328171159532758
-320.328004613479095
-320.326672484582900
-320.325622218316767
-320.324435346051530
-320.324162936762207
-320.323360249684811
-320.323006021814990
-320.321070483491440
-320.319937587085121
-320.319364235210969
-320.318823392254160
-320.317621647335613
-320.316892733645489
-320.315816538835634
-320.314649452576134
-320.313659389770976
-320.312910140529482
-320.310926632485916
-320.309501000730108
-320.308603036123429
-320.308245129736065
-320.306739759494860
-320.305914361771215
-320.304337945681937
-320.303527590535566
-320.302904617334207
-320.302110461335644
-320.299867578329781
-320.299479084597920
-320.298174887855737
-320.297680282776525
-320.297466368974085
-320.295580528172820
-320.294971953040886
-320.293898938431198
-320.293537286384719
-320.293021346107025
-320.292082718329993
-320.291323185013084
-320.290380649065469
-320.289477062676781
-320.288922636274265
-320.287787063676888
-320.286785543457540
-320.285478283236841
-320.284815104405766
-320.283568478673203
-320.282650249031974
-320.281735915227955
-320.280908465158632
-320.279424487916401
-320.279241757280147
-320.278212842344658
-320.277111464327675
-320.276682680531906
-320.275859716613411
-320.273494037610533
-320.272977252369060
-320.271589747835264
-320.269537419053393
-320.269214071930037
-320.268696281390135
-320.267121612464791
-320.266709594111092
-320.265083366462136
-320.264657039611166
-320.263727793771068
-320.261740255639268
-320.260837464475969
-320.260494377132375
-320.260259585860751
-320.258388738348117
-320.257984572310932
-320.257090464344230
-320.256221757428989
-320.254337757575229
-320.253631656569041
-320.253099743000348
-320.251443921771795
-320.250732744223455
-320.250674401724609
-320.249615425945990
-320.248613457411352
-320.247762662427533
-320.246317012812540
-320.245319142449205
-320.244762304476069
-320.244183656233247
-320.243177169958017
-320.242239508281898
-320.241688693782407
-320.240726743460982
-320.239763128039783
-320.239435208079215
-320.237875387525719
-320.237249835369369
-320.236178171547806
-320.234673121394678
-320.233427376089821
-320.233216445631342
-320.231575332105308
-320.230710761721923
-320.230132396040005
-320.228246502912270
-320.226800635298559
-320.226228371896354
-320.225719735799601
-320.225276814129586
-320.223453301219195
-320.221406197804129
-320.220332067613754
-320.218924948485437
-320.216391667376968
-320.214336030941070
-320.213206925492159
-320.212964181136101
-320.211835912356662
-320.211186450630180
-320.210963387614811
-320.209624051588094
-320.207219677465048
-320.206756830012580
-320.205191336166422
-320.204369185810094
-320.203826403687060
-320.202445116948638
-320.201494218163589
-320.199809287687231
-320.198783908746123
-320.198464509450901
-320.196543104902162
-320.194560943753800
-320.193964325956188
-320.193414255451728
-320.191968356049756
-320.190964604023918
-320.190360841976371
-320.189184553979430
-320.188423199479303
-320.187033266341075
-320.186358216773954
-320.185531528803551
-320.185136748286425
-320.183987342556463
-320.183105620066442
-320.181295756618340
-320.181123589040737
-320.179610862562640
-320.179466497632347
-320.178854033744869
-320.178308684029219
-320.177234478149785
-320.175232160027406
-320.175029759912775
-320.173334963538878
-320.172344655326526
-320.171218045175692
-320.169756501512040
-320.168563917313293
-320.167874330316749
-320.165629896871167
-320.164761639899382
-320.164614040419963
-320.162581618261413
-320.161729112037108
-320.160553881696160
-320.158750629805525
-320.157942741494935
-320.157380523138215
-320.156555943743285
-320.155543767571203
-320.154284709785543
-320.152573452601587
-320.152168041561708
-320.151093568439478
-320.150544239241810
-320.149990975189439
-320.147784349175765
-320.146998456674112
-320.146662794602207
-320.146134223268348
-320.143206276959290
-320.142901553600666
-320.141393708987891
-320.140480772234980
-320.139602159632034
-320.138560221733144
-320.137429513634061
-320.137240350203001
-320.135932836443885
-320.134846430877303
-320.132234174117514
-320.131028612694706
-320.130475283228179
-320.128577502460587
-320.127269362683080
-320.126712407406671
-320.125912091201485
-320.124263429873224
-320.123827165531736
-320.122665900807931
-320.121665178738795
-320.119392035133558
-320.117731307067459
-320.115711181755898
-320.113935473114054
-320.113501536596857
-320.112772462276268
-320.111593748714938
-320.110670779042891
-320.109641510139284
-320.108772390451406
-320.108419110310081
-320.107627623353096
-320.106151875873536
-320.105584533543833
-320.103387948106047
-320.102469553365609
-320.100981914058082
-320.100716194137760
-320.099237083712353
-320.098045929338411
-320.096113897405075
-320.094941997761737
-320.094607510801552
-320.093487391133465
-320.092201677959565
-320.091461480741998
-320.090345946896093
-320.089304589506014
-320.088139833381831
-320.087292428723003
-320.086076555455861
-320.085530974891185
-320.084688956032949
-320.082838644138519
-320.081909488313386
-320.081156482044321
-320.080638307881543
-320.079659120647364
-320.077302925838239
-320.075759984314232
-320.074727878760029
-320.073231148762886
-320.071948695789786
-320.071656295454318
-320.070027829421292
-320.068113671389767
-320.066910835457179
-320.066604525792854
-320.064898850578913
-320.064529808113832
-320.062898012111532
-320.061905299447460
-320.061152432065171
-320.060659196610686
-320.059562899792695
-320.058481565412535
-320.056753779661108
-320.055733015872363
-320.053816042269887
-320.053605070455092
-320.052668561852727
-320.051334887711334
-320.050494049778933
-320.050061350151339
-320.048667716162868
-320.046045471453397
-320.045900522006662
-320.044819073326778
-320.043651969031544
-320.042943503630795
-320.041629549538698
-320.040283921202672
-320.038668829848291
-320.037360888896671
-320.037000189427545
-320.035775975035733
-320.034605182825317
-320.033418739978174
-320.032936997902368
-320.032697090285410
-320.031581854650199
-320.030154419887538
-320.028914514923827
-320.026580352165297
-320.026165538389648
-320.023369005434063
-320.022566135704039
-320.022396276524546
-320.020230787278422
-320.019640109945556
-320.017643803391877
-320.016605348867131
-320.014381899346233
-320.013398907946396
-320.013193972613408
-320.010068928502164
-320.009499429578796
-320.008816778914934
-320.006825693289784
-320.006578166362829
-320.004278215426893
-320.003902196434183
-320.003260353561870
-320.002082487299276
-320.000478752320703
-319.999515396086565
-319.998282538256433
-319.997315049909446
-319.995628473029740
-319.993998998418704
-319.993046787280946
-319.991609123812736
-319.990838324706090
-319.989447812650951
-319.988153267744394
-319.987764046840539
-319.985994886758988
-319.984251357027233
-319.982427033218698
-319.981365345999848
-319.979573954537898
-319.978661665299398
-319.977985627154339
-319.977505995870729
-319.975690774550287
-319.974083480183879
-319.972822060207875
-319.971277820301395
-319.970642697669007
-319.969335043313095
-319.967696132697654
-319.966848021627584
-319.964563631296471
-319.964135228615760
-319.963355284964450
-319.962285092210607
-319.960385610158767
-319.959530006861144
-319.958718849909530
-319.957646262880246
-319.956334135522638
-319.955522389139219
-319.954503416713351
-319.953247285551925
-319.952403277465748
-319.951395784248973
-319.950475895689351
-319.947978152015480
-319.947641578610046
-319.947137473899261
-319.944449526243318
-319.943427888126678
-319.941787743649570
-319.940947828618448
-319.939599601968325
-319.938653368155826
-319.937692893404176
-319.934685378864458
-319.933457942642747
-319.932806041273750
-319.931475661084448
-319.930436022652714
-319.929770932504255
-319.929115584103556
-319.927014685602785
-319.926494339811427
-319.924234779857784
-319.921994054219056
-319.921454744897801
-319.920410786520733
-319.918798431761900
-319.917687817619139
-319.916771270614390
-319.915182100087350
-319.912723450016358
-319.912279924724260
-319.911064235779122
-319.908859533986288
-319.907778267779236
-319.906062060178272
-319.905235077760608
-319.903151262624760
-319.902720500979001
-319.900794193884451
-319.900006233953263
-319.898505384069438
-319.897571352164505
-319.895931262343368
-319.894831193499044
-319.893428838845637
-319.892008876507930
-319.890602144026161
-319.889218347318149
-319.888083773661151
-319.885140782700887
-319.884330355328643
-319.883739498465900
-319.881927629182258
-319.881245142954413
-319.880044359086185
-319.876970511124739
-319.876273235382314
-319.874637590141333
-319.872260782795536
-319.871817345306852
-319.870857474077354
-319.867761116874362
-319.866959734696479
-319.866133992475511
-319.865076648276556
-319.863300754706870
-319.862670534862218
-319.862159662292186
-319.860185590125525
-319.858656367672836
-319.856890946649457
-319.856233870723599
-319.854977518187127
-319.854561183954331
-319.852408164721794
-319.851766636477066
-319.850473960886404
-319.847476823033048
-319.845737193826722
-319.844140953158046
-319.843657152429046
-319.842397434813904
-319.841742329634428
-319.840604666872252
-319.839321234756142
-319.837918385175271
-319.837186409208755
-319.835142882769958
-319.833718934907040
-319.832707695014335
-319.831149900213632
-319.829861185320681
-319.828442037117270
-319.826598562384447
-319.825904854725593
-319.825482411917335
-319.824290694052763
-319.822681851112975
-319.821550039584167
-319.820412160794376
-319.818762058080779
-319.818039724042706
-319.816317876407254
-319.815778441738360
-319.814012786480077
-319.813228828723084
-319.813069150103388
-319.810922925310422
-319.809873584490390
-319.808667507514087
-319.807196565663901
-319.806361749799748
-319.805468398722724
-319.803646518104586
-319.801690653197170
-319.800360107887968
-319.798893336825699
-319.797519159438082
-319.797188531964366
-319.795617557800938
-319.794316107751399
-319.792203081378148
-319.791648456051462
-319.790833708989453
-319.789279816786518
-319.787869268369889
-319.786496429272461
-319.785156982081162
-319.782597581595724
-319.782409454414278
-319.780947723587246
-319.780359326889766
-319.777470327947356
-319.775897627476809
-319.773631725053974
-319.772474170285136
-319.770338502885807
-319.770252745382493
-319.769688024233062
-319.768293250541547
-319.767560971417822
-319.765659628952562
-319.764847656334496
-319.764332507849474
-319.763524562873386
-319.762001236241588
-319.760670087697349
-319.759005618138644
-319.757231579533709
-319.755433921573854
-319.754439006083544
-319.751932012919440
-319.749671945021475
-319.748985808532439
-319.746700360838759
-319.744761496220690
-319.743747824326590
-319.742122393374643
-319.739877345985974
-319.738465726744437
-319.737625755762735
-319.736090653108135
-319.734993369305585
-319.731960746897073
-319.731374119742497
-319.729292733234217
-319.728163371067978
-319.727054366420418
-319.726064665374281
-319.725519123540835
-319.722642749854970
-319.721641797039581
-319.720121514058178
-319.718144230151893
-319.717233747869898
-319.714922077237190
-319.713774522278356
-319.712941619547394
-319.710547551406023
-319.709214865012029
-319.707790692016204
-319.704540881484149
-319.702864514331793
-319.702507943071623
-319.701317475116412
-319.700872776760718
-319.699456846973817
-319.698764601255448
-319.697694512177634
-319.695179027505901
-319.694103502880353
-319.693369125842992
-319.691831949065943
-319.689869785005783
-319.688474919113162
-319.687442378577430
-319.685456164174866
-319.683965672005002
-319.682813601123087
-319.680923891979546
-319.678973152981712
-319.675400247447897
-319.674882125385409
-319.674139006407700
-319.672153090046834
-319.670679907048282
-319.668530465895401
-319.668230465069712
-319.666610080355440
-319.665832435368657
-319.665421107135671
-319.663743383444967
-319.663364276450693
-319.661914908675612
-319.660778858525532
-319.658195027204670
-319.657632175249603
-319.656892019833151
-319.654650179501402
-319.652874697712718
-319.651582524731623
-319.650838912795791
-319.649698877257947
-319.648184916392950
-319.647753606019705
-319.647014416523518
-319.644753261652738
-319.643598903792338
-319.641980814323517
-319.641043405943890
-319.639177946027246
-319.636500493922938
-319.635338623930352
-319.633938814943861
-319.630951601918184
-319.630556850523647
-319.628212054845221
-319.627654450155433
-319.626609402348720
-319.625448190966551
-319.624516277492035
-319.621331718359500
-319.620644685025582
-319.620280071001844
-319.619066938715548
-319.617592575979359
-319.616453359460763
-319.613677911708237
-319.612480296167860
-319.610851202140964
-319.609704085909357
-319.608809264778643
-319.608054275049028
-319.606346856291566
-319.604848518747701
-319.603829508610715
-319.602389394297006
-319.600320782272888
-319.598892988460364
-319.598297487317268
-319.597720566530995
-319.596488633361787
-319.594367396642326
-319.592588274022773
-319.591835860005347
-319.590630781096365
-319.588846493566791
-319.586992661577995
-319.585777358975292
-319.585285320166861
-319.584908184971709
-319.583091073187688
-319.581904321070795
-319.580380431800620
-319.579465340537240
-319.578173407291672
-319.575561071757477
-319.574809028462312
-319.574263998375955
-319.571869857055333
-319.571121726698095
-319.570547144782665
-319.568847446085897
-319.567779065702496
-319.566938306969178
-319.566111023526446
-319.564836730406626
-319.563948271150309
-319.563213102351142
-319.562175416189746
-319.561370701935346
-319.559772987375766
-319.558142487577015
-319.557316323344764
-319.555942402868823
-319.555016157025875
-319.553828585038900
-319.552292221560322
-319.551446366046775
-319.549487635754474
-319.545907969308132
-319.544853664478012
-319.542478534672682
-319.542387648556996
-319.541749106887323
-319.540442315775863
-319.539979602604205
-319.535781648345960
-319.535126681691054
-319.534008343333255
-319.532945036863566
-319.531429615694606
-319.529983365811631
-319.527705423376290
-319.526444640166176
-319.525017796359975
-319.522074755417577
-319.521738893527015
-319.520342030910854
-319.518928150770535
-319.518275306013265
-319.517220576421153
-319.516492653246416
-319.512774152526902
-319.510374380181020
-319.509215808918782
-319.506619854382507
-319.505778278137655
-319.504775562516386
-319.504423489176929
-319.503140966995318
-319.501823818356399
-319.498365273759987
-319.498037950860066
-319.497355657729145
-319.495847537800785
-319.495135930723109
-319.493514623302076
-319.493061715540307
-319.491205062411780
-319.489404545878017
-319.488515040805908
-319.485950938082794
-319.485316785726923
-319.484077412973136
-319.482599142399636
-319.481881965583170
-319.480758217597668
-319.478744831771508
-319.478080001187266
-319.476477101910859
-319.474909215220578
-319.473466993094007
-319.472217926151984
-319.468442062711802
-319.467952566750455
-319.466611227956150
-319.465438984428374
-319.464073382383219
-319.463007307495161
-319.461857603169562
-319.461270581991698
-319.460019143136947
-319.458595961037076
-319.457963541660035
-319.457776640806856
-319.456087477690062
-319.455084617756881
-319.453672257656535
-319.451450622332345
-319.449692689272183
-319.446876908777313
-319.445067773813719
-319.444101013985573
-319.442967892706861
-319.442688636962203
-319.440478184065796
-319.438388217846182
-319.437608725743587
-319.436629130880021
-319.435273631689199
-319.434444333834733
-319.433997781601533
-319.432742395874698
-319.431594949566545
-319.430080011957386
-319.429379278364877
-319.428209237168858
-319.425804205662018
-319.425654997892593
-319.425019097300151
-319.424361802283613
-319.423286004063300
-319.422102731371638
-319.421182868071185
-319.419630359818598
-319.418782870910832
-319.417820197186131
-319.416590425406639
-319.414614835417467
-319.414297853845426
-319.412470539917933
-319.410388189637786
-319.409699279322012
-319.407865576464644
-319.405597188997319
-319.401968668556776
-319.400106369540993
-319.399161625686020
-319.398990807965674
-319.397179499227775
-319.395882308703051
-319.395026105193722
-319.393084507552146
-319.388951356845325
-319.388569530562620
-319.387575747971027
-319.386063196963562
-319.384575062375006
-319.383345288796249
-319.380889963289519
-319.380538068317946
-319.379439027026990
-319.377377231706816
-319.375633238138789
-319.374854966519024
-319.372982262706955
-319.372332665489807
-319.370428776091160
-319.369815203272026
-319.368613669110061
-319.366373516757164
-319.365678859569073
-319.364673214901984
-319.361613427292070
-319.361064273512966
-319.360504019587381
-319.357158136168664
-319.356630413083110
-319.355922623431525
-319.354407632486186
-319.353237559231843
-319.351253834125600
-319.351019603828036
-319.347951816416128
-319.347330452840652
-319.346448448407727
-319.344465308305303
-319.342758018361394
-319.341380118906272
-319.338997831412485
-319.337123170243331
-319.336806174138133
-319.334856972898024
-319.333762419021468
-319.332714604780961
-319.330596858442050
-319.328629202004549
-319.327165655451836
-319.326265490070853
-319.324497447264264
-319.323727302060547
-319.321708053175485
-319.321451432280867
-319.320348264205109
-319.318709700755448
-319.317387763803993
-319.316586226796517
-319.315645333202099
-319.315124747792197
-319.314239893453077
-319.313621935369838
-319.310768263957243
-319.309178135108596
-319.308024299813667
-319.307474763303958
-319.304953582069516
-319.304458943843883
-319.302548631804711
-319.300980632428605
-319.300017354635486
-319.297884640893699
-319.296952209289941
-319.296175009064939
-319.295342561844507
-319.293465240948422
-319.292490717579540
-319.290578164981980
-319.289591598098184
-319.287925312123264
-319.287594833075048
-319.285743916066849
-319.284222924552466
-319.282394005913716
-319.281672919066182
-319.279681154057471
-319.278070594466158
-319.276962570914975
-319.275962115799985
-319.274252025546161
-319.272602133549753
-319.272294581616165
-319.270649769747536
-319.269221433378050
-319.267576503133796
-319.266135739744698
-319.264706173515663
-319.262846398457498
-319.261411288827219
-319.260933141888586
-319.258739044120773
-319.257874263821975
-319.256196628621467
-319.254952237650571
-319.254246887488875
-319.252292812403198
-319.251364878394611
-319.249136743893132
-319.247921109722938
-319.245717477425330
-319.244658127335697
-319.243529884823602
-319.242362056272782
-319.241188463264336
-319.239197187603281
-319.238833923157358
-319.234905532002642
-319.233860143127515
-319.232931838655361
-319.230680460857911
-319.228881775987020
-319.228685542096343
-319.227062164794802
-319.225311880085883
-319.224550855096368
-319.222253919559193
-319.220844110928510
-319.219084569135418
-319.216933545807876
-319.216401773120197
-319.215035124895735
-319.213723199204935
-319.212799851624482
-319.210708927321548
-319.210579800064409
-319.209687653056562
-319.206426489588921
-319.205512868401570
-319.204209814100352
-319.202098728502051
-319.201118760047052
-319.199046610914820
-319.197300012704602
-319.196407256522434
-319.193924446800224
-319.193384574269260
-319.192415576128155
-319.189206724503322
-319.188632316792450
-319.188025608754515
-319.185016305692386
-319.183764100545829
-319.182570286753958
-319.181457710506493
-319.180055153540081
-319.176852311706227
-319.175308361358134
-319.172938781316077
-319.172495945355024
-319.170805522120531
-319.168751496848586
-319.167945479121101
-319.167784128085373
-319.166365075385158
-319.165522547592843
-319.163111669117484
-319.161910770278951
-319.161069278701461
-319.158927595173793
-319.157899267232040
-319.157766010506748
-319.156469045124481
-319.155755317864305
-319.154566920070067
-319.152328400105944
-319.151267978346766
-319.150064476190892
-319.149062325820239
-319.147729150354166
-319.147107185646121
-319.144485275682484
-319.143405636154114
-319.142071588177600
-319.140899389078925
-319.139181275395515
-319.138513386811326
-319.136137300676637
-319.133961071026476
-319.133203096277725
-319.131622891829977
-319.129948184016996
-319.128778839580434
-319.127909291877529
-319.126325973543885
-319.124570635859868
-319.124284050245763
-319.123126660840228
-319.122028824385552
-319.120235465037524
-319.118661287902739
-319.117686850114978
-319.116428295230662
-319.115041808821843
-319.112260369369324
-319.111298087837156
-319.109940141869231
-319.107908832603584
-319.106037992018912
-319.104340140650095
-319.104052746120260
-319.102104375858175
-319.101583142093887
-319.098907049584056
-319.098234414624983
-319.096259485321639
-319.094229263414661
-319.093434235240466
-319.092320897400953
-319.090794560217660
-319.089607575860100
-319.088421978653514
-319.086561012796494
-319.085110265915944
-319.083200864334117
-319.081834610328656
-319.080999623151399
-319.079087071337881
-319.077203590039630
-319.075256507456515
-319.074648859422894
-319.069964507974134
-319.068928673706921
-319.067418286518091
-319.064342810283165
-319.062489811272769
-319.060706251078557
-319.059502049626531
-319.057714345763429
-319.056907256544378
-319.055385447881065
-319.054390661808497
-319.053126675630722
-319.050958738492056
-319.047204663739933
-319.046788195663851
-319.043676189823714
-319.041371105986570
-319.039998980462997
-319.039743947603142
-319.037328801400804
-319.036496293024811
-319.033056742837914
-319.032285863224956
-319.029242013086503
-319.027445768414168
-319.026553494110885
-319.023507805463680
-319.021456708462154
-319.019667742477736
-319.018529680817664
-319.016762986772164
-319.015686669633226
-319.013957049321732
-319.012532671305905
-319.012315235557764
-319.011540284920670
-319.008913567455579
-319.006579460705780
-319.006132262101573
-319.004664678882307
-319.001788297426685
-319.000945582770726
-318.999373805672064
-318.998566741195816
-318.996093776843111
-318.994398916411171
-318.991731128448691
-318.991239796559853
-318.989267118813018
-318.987280281762651
-318.986650114850761
-318.983023872029833
-318.981163422669056
-318.979887884725599
-318.977782155541377
-318.976495324905613
-318.976171126962981
-318.972869976335232
-318.971145172252307
-318.969018442495951
-318.968151669602094
-318.966316910815749
-318.963869047349363
-318.962240180319441
-318.961012045059476
-318.960098524726504
-318.959320246202367
-318.957839056647344
-318.956145900526963
-318.955222529893717
-318.953108933169801
-318.951961374672294
-318.949376218516989
-318.948743574463947
-318.945364836237047
-318.944355774097289
-318.942957040970043
-318.941356197187986
-318.939182181090928
-318.938684673830949
-318.937869643009321
-318.934947526584722
-318.934043661212797
-318.933111921532316
-318.931684192504974
-318.930732142227328
-318.929937955861988
-318.929392473303039
-318.927873470238012
-318.925635120732522
-318.924303731636712
-318.922015934856177
-318.918104546380277
-318.917828051753020
-318.916708751815236
-318.913603657565830
-318.912156605276891
-318.911507737965565
-318.909335954400603
-318.909172709629104
-318.907306833189580
-318.906659106083453
-318.901962822839607
-318.900848874010023
-318.899188775237633
-318.898405121465714
-318.896433597722819
-318.895196106494438
-318.892303911493514
-318.890756139060954
-318.887220972323689
-318.886797664227572
-318.884289694229608
-318.882694865849828
-318.880757450594785
-318.878679156588021
-318.877215350562608
-318.876450988711326
-318.873177373046701
-318.872568881942868
-318.870234374054803
-318.867116990385171
-318.865716755777441
-318.864545966940796
-318.861948729269955
-318.860544167608680
-318.858864589943323
-318.856855872279880
-318.855494060600108
-318.854439205140807
-318.849881559993605
-318.849350502080028
-318.848088333328462
-318.846851641216347
-318.844737799157429
-318.843864826583797
-318.842947180967315
-318.840413880416122
-318.839068247466969
-318.838198193503899
-318.834856066124871
-318.834397294558755
-318.833361830130116
-318.832079291110290
-318.830913278760988
-318.829569944004049
-318.827532699514165
-318.826813924654118
-318.825713788718758
-318.825047854666934
-318.823129478395344
-318.821584558216898
-318.818719728976930
-318.816288088486544
-318.814699856672291
-318.812032572023838
-318.810836731441441
-318.810325504397269
-318.809350941819673
-318.807143664621663
-318.805249048328733
-318.803418792718389
-318.801088933454935
-318.800778978546248
-318.800338442694851
-318.797270841718728
-318.794586035866075
-318.793841270823918
-318.791381047448397
-318.789812591979342
-318.788915084015628
-318.787202373931166
-318.785343384970474
-318.782968138473507
-318.780592541752128
-318.778083639792612
-318.777467608950246
-318.776883854518189
-318.775958980396638
-318.773905230101889
-318.771597081112361
-318.768897291727171
-318.767711891863087
-318.766561243352498
-318.765369557549889
-318.764250426678359
-318.762198914168664
-318.759655304467174
-318.759174557187180
-318.757692353681193
-318.754767483545777
-318.752157025394695
-318.751595263788715
-318.750472118997379
-318.749385786500739
-318.746708302886134
-318.744410246919301
-318.742243449781370
-318.741196538755275
-318.739286064096405
-318.737376087244172
-318.736027957351780
-318.732597912586129
-318.731558111465517
-318.731052201949751
-318.729815529321229
-318.726366626838455
-318.724955086081309
-318.722407366771279
-318.721235810008807
-318.721053845435733
-318.717680169562414
-318.715850775339959
-318.715542371247238
-318.713419772160591
-318.710916083672146
-318.708457530640658
-318.708282671193388
-318.707197776668693
-318.705471213540989
-318.702728094446002
-318.700114015184226
-318.697923798815680
-318.694405497982586
-318.692809281160805
-318.690774375414662
-318.689198846091926
-318.687637742615721
-318.686806025775809
-318.683164024893699
-318.681489924608059
-318.681285862736843
-318.677022366546737
-318.675667952077902
-318.671427926823810
-318.670162778068232
-318.668041279517695
-318.664986882247035
-318.663190999596907
-318.662738449013830
-318.660334504097364
-318.658895214373217
-318.654113875162523
-318.653258874855453
-318.651122123254368
-318.649083147672513
-318.645949585442793
-318.642947471227728
-318.642195067699618
-318.640388969578112
-318.636577042363342
-318.635128283419704
-318.633432178481257
-318.630858939980783
-318.629085873292695
-318.627638154465217
-318.626495037910843
-318.624845614687274
-318.624126011403291
-318.621687373423811
-318.620889513068676
-318.619930094983431
-318.618573524673650
-318.616262588937275
-318.613414604546051
-318.611474631577096
-318.606704950335484
-318.604698805462135
-318.603680362460750
-318.601908622721567
-318.600234750078528
-318.599599725729718
-318.595997048874779
-318.594956991416495
-318.592707518296152
-318.591867361329378
-318.590611264773827
-318.589300830465788
-318.586006932987914
-318.585133572744041
-318.581957309463462
-318.580726117945119
-318.578610771967533
-318.577451330453528
-318.575054385694841
-318.574637765636339
-318.572623478506159
-318.571099387898073
-318.567578718485436
-318.563111823988947
-318.561559925420681
-318.560682569976791
-318.558399645422412
-318.557920932396883
-318.555863903074908
-318.554812578432063
-318.553162560585577
-318.548698898436839
-318.547023344427942
-318.546196981528226
-318.543665438676271
-318.542973406769079
-318.541802170778169
-318.537970095872424
-318.536971574744712
-318.535348001706780
-318.532978006682072
-318.531928543206959
-318.524608959884745
-318.523878939144311
-318.520591841584064
-318.519043955616894
-318.516152410897575
-318.514750888338199
-318.511782579823148
-318.510188432185601
-318.507817509244944
-318.505224274938939
-318.502605441730054
-318.501307644984024
-318.496904913353205
-318.494687911307153
-318.494582330633307
-318.489983587502309
-318.488639780527706
-318.485605988656857
-318.483810985788750
-318.482273388606984
-318.481069013999388
-318.480381417813476
-318.478429640697868
-318.477681919566464
-318.475516945404365
-318.473546021660241
-318.471995420584847
-318.468613553506316
-318.465940916909119
-318.463887245717331
-318.462709184225048
-318.459624228237658
-318.458356372902017
-318.456717350523149
-318.452754263388442
-318.451367034420400
-318.450885607979444
-318.448008906531243
-318.447467830970709
-318.444562346052351
-318.441526919084311
-318.438474060831425
-318.436588065225976
-318.430043654528731
-318.429475497200031
-318.426536162041486
-318.426270064374478
-318.418679044754924
-318.417081591182978
-318.414699979886450
-318.412966096558421
-318.411399262911345
-318.409855393270448
-318.408354318889678
-318.406152704778719
-318.404655034561642
-318.401089650523261
-318.394678305026332
-318.393199988509878
-318.390689577649482
-318.387731403655778
-318.386682500620225
-318.383265775520556
-318.381478783642706
-318.380505722220676
-318.378224633112097
-318.376187992665280
-318.373295884693675
-318.371570292428657
-318.367459096254720
-318.364198637377797
-318.361597838421062
-318.359722592721482
-318.356468268657807
-318.355443019018821
-318.352022926485006
-318.349077920611649
-318.343044869748837
-318.341245809883958
-318.340493585848833
-318.339296606704465
-318.338330480023501
-318.332342208293937
-318.328880869887882
-318.326006270620610
-318.323002871412029
-318.317518455954144
-318.316509276136117
-318.315946176370915
-318.312492868922163
-318.311383600195086
-318.307677232671438
-318.304726648572739
-318.302486274513683
-318.301467589002982
-318.299705058877180
-318.294593212360098
-318.294397934687879
-318.291356434356601
-318.285690426464839
-318.284225820480344
-318.282077023284899
-318.276191210815966
-318.273592793324667
-318.270251428548249
-318.266820539565913
-318.265813645805167
-318.265338207507227
-318.259537577970548
-318.258624867704498
-318.255962060830996
-318.249276731311852
-318.245079515526868
-318.240744461630243
-318.237454352673865
-318.234101029291082
-318.232036472541949
-318.231262948017331
-318.228296583489396
-318.227115417307743
-318.226340909273688
-318.223979244531677
-318.220267591376455
-318.218062995116668
-318.216748799983009
-318.213378205149468
-318.210092497304345
-318.206066691513286
-318.204500952538183
-318.202513653967742
-318.199677474038765
-318.195767206603023
-318.191862467374847
-318.188566637895974
-318.187375230712860
-318.185198182427541
-318.180933617147389
-318.176773899048897
-318.174112387633102
-318.168438015777895
-318.164652441981389
-318.161720588679941
-318.159788480495820
-318.153544121281470
-318.152676569809216
-318.149798214311261
-318.146076293205454
-318.144002345300464
-318.143358866560959
-318.140795386744799
-318.139782001312369
-318.133690546069317
-318.132197148230944
-318.130204969571309
-318.127773815822252
-318.124945746577282
-318.122263682569951
-318.120645876603703
-318.111070397740207
-318.108067388018185
-318.102246358668992
-318.098624172414986
-318.097721652821178
-318.092759363758489
-318.090429451401974
-318.087503553035560
-318.084125878389386
-318.081111662501314
-318.077366262868964
-318.074483895421452
-318.072528591718708
-318.070766580362545
-318.066845506053539
-318.064924231982104
-318.062600637475100
-318.057438444672584
-318.055719592519097
-318.051643429570845
-318.045782622882541
-318.044404226529650
-318.041511140442481
-318.038328394316750
-318.036956170035580
-318.034682233927128
-318.033559683475460
-318.030159506638370
-318.028440897743110
-318.025331115009635
-318.024888097547773
-318.020779367011812
-318.019839542728505
-318.016745440285490
-318.012220656768363
-318.005927232931413
-318.003747049918218
-317.999771059865282
-317.994684023136415
-317.993666453304513
-317.988156744830917
-317.985066784323010
-317.978780570450738
-317.976405826257690
-317.974283260549498
-317.967266855038531
-317.962089415511798
-317.958974464591847
-317.955120107973357
-317.954007358027297
-317.952540744433975
-317.950049746828540
-317.945228356480243
-317.944468477679550
-317.941951798322179
-317.937584353049658
-317.934442365071902
-317.928151805753430
-317.927621055032262
-317.923396654478609
-317.916949572864326
-317.912221072136333
-317.908416710359802
-317.906331821631056
-317.896344339937798
-317.894991589426411
-317.892525796131281
-317.886473920677020
-317.883608996265764
-317.883020222650259
-317.879036941810512
-317.873167834808271
-317.870272067886503
-317.868984807250399
-317.866836536991286
-317.861616281555655
-317.860245002088789
-317.852308546090001
-317.846985590474787
-317.845273635811282
-317.843188287648502
-317.840357453400486
-317.835491930614751
-317.832752080246394
-317.827298988209577
-317.822033596466270
-317.820721484182343
-317.819482144049346
-317.818757321798557
-317.813710411191948
-317.811510367474114
-317.808433584508236
-317.806853121456300
-317.798090671448847
-317.796244091959807
-317.795009843604134
-317.789768710670501
-317.788983202639201
-317.780594958022277
-317.779884325679234
-317.778332278945186
-317.775292249146162
-317.769506752683981
-317.768411329078390
-317.764162959217344
-317.755416266391080
-317.753761171694805
-317.747430252334311
-317.746678395696847
-317.745430251010077
-317.742830134373662
-317.740278647532875
-317.736828240765817
-317.733317147292667
-317.726476842947420
-317.722698032221274
-317.718922492860315
-317.715549247792069
-317.712143095480485
-317.708933936618166
-317.706862472905414
-317.700967302711831
-317.697010752005269
-317.695415125025590
-317.691488371964510
-317.690990669203870
-317.686643221899544
-317.684655966686023
-317.681383698026707
-317.677039409670726
-317.673917487649931
-317.666454882549772
-317.660212365505231
-317.655075513183249
-317.654571495906225
-317.653551909029318
-317.647766766401901
-317.645936211927165
-317.644536743199012
-317.638744934511863
-317.638631603502347
-317.635796967311592
-317.632693759122617
-317.631415236971804
-317.629365956608467
-317.628766366085301
-317.623519619550052
-317.614912145927462
-317.613194896460527
-317.609671855298075
-317.604866210788998
-317.603706270479336
-317.599754905111524
-317.596436637605848
-317.592515529123546
-317.591327540907628
-317.591162813329163
-317.588996368822507
-317.587092079444290
-317.584253645100091
-317.581909712120137
-317.574778335001554
-317.573151274126928
-317.570697320448232
-317.567978018533779
-317.560660488161489
-317.558834419908010
-317.557851548853648
-317.553921106210566
-317.548715100046650
-317.542921510260896
-317.539543894688222
-317.538798652927085
-317.535129071406288
-317.533879192109907
-317.530433915264723
-317.523134945675679
-317.521632586431394
-317.519664783779035
-317.516920597446187
-317.512795324548563
-317.510411701629835
-317.501082218050328
-317.498449082897992
-317.487317052160449
-317.484620193426281
-317.481299468272425
-317.479696987079990
-317.471598050420255
-317.467876503408831
-317.466666464328114
-317.461838794960443
-317.456179022322658
-317.452527596180630
-317.444391976333350
-317.441257458547966
-317.440596589492941
-317.437853056960307
-317.434977041726938
-317.429285521281656
-317.422362125771258
-317.414367330305708
-317.409785863189143
-317.404605944324999
-317.397738318986910
-317.393559602351445
-317.391376183703699
-317.381976102254555
-317.377450740286235
-317.371399285546204
-317.369751825882133
-317.368399592447588
-317.366696746834691
-317.356938915210833
-317.353141545170274
-317.348669148413876
-317.347948191647845
-317.340746136245116
-317.337827696500653
-317.328149495915284
-317.323805073162532
-317.317249423058342
-317.315976323726773
-317.303826560630398
-317.301512797365319
-317.298259651880699
-317.296854246296391
-317.287880679793545
-317.287531494969869
-317.284445156930474
-317.280477422556316
-317.277444526181739
-317.264478554813820
-317.261603822910388
-317.259341020756722
-317.258725532208985
-317.251387186738157
-317.239494283377269
-317.238302453066638
-317.216164772042475
-317.212234898314364
-317.210924278224809
-317.206293477928341
-317.201365162270861
-317.196860026998309
-317.194771698696741
-317.190134822250798
-317.187120382382261
-317.185096884593634
-317.169977289236215
-317.152081336678805
-317.141504110473079
-317.135260212307799
-317.126981017186608
-317.122897761337754
-317.113463514773912
-317.110337531359335
-317.102281733363100
-317.097258806540140
-317.095002190418768
-317.072817298953396
-317.061878983288182
-317.057384521771041
-317.050441233295430
-317.043313674847241
-317.014987136496643
-316.996993278978721
-316.981310647015334
-316.968310548329328
-316.963904531893434
-316.954041247177940
-316.953120330714967
-316.949200855770471
-316.943769564239744
-316.940279216096087
-316.935670283156867
-316.929637722494817
-316.921276666681536
-316.914965998569642
-316.885326155951248
-316.869653040113462
-316.861159883377979
-316.838872169006720
-316.826682361059170
-316.814945018175592
-316.808680752483440
-316.800204027925645
-316.766954126354506
-316.730016349053642
-316.712144826218037
-316.695771648296954
-316.681529728845476
-316.593168730771652
-316.546044962956671
-316.531604370889852
-316.425624414036463
-310.963887959920839
-310.914752389927287
-310.862250156515699
-310.854863823421681
-310.826225562899140
-310.819583504441312
-310.790870603069379
-310.750906903745033
-310.747447456222744
-310.742045788582288
-310.713669842891932
-310.710606029082896
-310.704693105877823
-310.701848065889351
-310.691703113708627
-310.687782642278364
-310.683236147086063
-310.678956462960912
-310.676243706241621
-310.674308389548287
-310.672525873820859
-310.666247444214491
-310.661835502453584
-310.655548201717352
-310.651189751302468
-310.647535079915599
-310.642690464415864
-310.642160408010284
-310.638740046450948
-310.636233380258147
-310.632872531244914
-310.628266989397275
-310.625855844324974
-310.623064246240290
-310.622149041945590
-310.614024778516466
-310.612597772437027
-310.608530491543149
-310.605887941374135
-310.602941675774616
-310.598427092469421
-310.596740134549862
-310.591450270757718
-310.590733164649350
-310.590273287769662
-310.589550049004004
-310.583812605512719
-310.582703396893237
-310.582060790642004
-310.579863564237428
-310.575053009698365
-310.574856138768439
-310.572753457933175
-310.562628827110245
-310.558817453085965
-310.557951133305721
-310.557441746232769
-310.553857088696532
-310.550442093522918
-310.547988358172802
-310.545982071411515
-310.545756887927951
-310.544000631490405
-310.542957606596303
-310.540337853373387
-310.538637612330490
-310.535889059859244
-310.535264533499003
-310.533502754514927
-310.530974718330640
-310.526892891599175
-310.523994581969475
-310.523523649864785
-310.522902678085131
-310.516802089114378
-310.515923400096085
-310.504746578267373
-310.504321467885575
-310.500738644434364
-310.500314004052882
-310.498760641780450
-310.493771620027417
-310.491266115558631
-310.487971766777491
-310.485880608483058
-310.484413125040135
-310.483380459946829
-310.473732906602208
-310.470167847602681
-310.465954986931820
-310.465448711883994
-310.462442201340025
-310.458082860391414
-310.448310961865729
-310.447266900880606
-310.439913868210624
-310.435581191552842
-310.429558003608122
-310.429300370159751
-310.428199350244824
-310.426615528842774
-310.421145463145194
-310.417124188977311
-310.413645558277153
-310.412359011091837
-310.411401459854631
-310.408560591454886
-310.407371961376384
-310.406061881618427
-310.401743004171692
-310.396330022995642
-310.392027772311053
-310.390057240078022
-310.384857082814278
-310.382246871822133
-310.376633122407782
-310.374103152597627
-310.373311480152097
-310.372344964267540
-310.371568512297472
-310.370005550650660
-310.367001872821731
-310.355338182120818
-310.353286766648296
-310.353104368498123
-310.351162371288524
-310.350410988973181
-310.340442351964896
-310.335949790786970
-310.335103117415542
-310.323968948589538
-310.323316359264425
-310.322699874019236
-310.321944602209498
-310.320332304026238
-310.320212580326825
-310.314568875031341
-310.313034056164213
-310.312159381858010
-310.303979937845611
-310.301754813097432
-310.289597143936987
-310.287824330231899
-310.287012516684001
-310.283504060158862
-310.279278034601077
-310.276383198377800
-310.272495947732068
-310.272354343150823
-310.263112412429109
-310.262590663276228
-310.260916573450743
-310.256044154911308
-310.251990879680591
-310.251188474813148
-310.241611463498941
-310.238987161399280
-310.235934695255537
-310.234720139766409
-310.231086308262718
-310.224323059748315
-310.221510321444669
-310.219313275056265
-310.212247139817464
-310.211115370850166
-310.209433846523496
-310.208747649371048
-310.207590727368654
-310.206640064981059
-310.202369956199618
-310.195146563932553
-310.191867391599203
-310.187454184376804
-310.186573868845414
-310.176867381649743
-310.176402288716474
-310.174053883744534
-310.169024710084670
-310.164691746893595
-310.163427290517120
-310.158970980162849
-310.158096734198296
-310.153611742859027
-310.150507908184750
-310.146312026105534
-310.132920651390805
-310.131510644889261
-310.124004502829280
-310.122683168454159
-310.122259358416500
-310.111894410521472
-310.111638354375714
-310.107005159087009
-310.103687919548065
-310.096923433494453
-310.093519993042946
-310.091004255360133
-310.088216418263642
-310.083771013833086
-310.077548640289081
-310.073753134717606
-310.071567416895050
-310.066641608963948
-310.061932518699280
-310.060727499595146
-310.057328386799156
-310.050940152151327
-310.048378733425636
-310.043128444020113
-310.041794128337870
-310.040503660428044
-310.038004231309912
-310.033568117799348
-310.032363532657541
-310.032147160278214
-310.024871583509139
-310.018145033304677
-310.012624497160175
-310.007689795884119
-310.005723657199383
-310.001551698672074
-309.994772658707973
-309.992588790274283
-309.976072824837161
-309.974713337771107
-309.973467487294215
-309.965036814834207
-309.961517676865924
-309.952572940866844
-309.951447406367038
-309.948641946415307
-309.935313653376170
-309.928666257041414
-309.927612352808751
-309.920948222477989
-309.918774116011718
-309.913136476185400
-309.905690281952388
-309.896565929318228
-309.896404868376806
-309.895966699633846
-309.881150864307358
-309.880513422642025
-309.869348630295178
-309.855980052933205
-309.851088735627513
-309.842987394908789
-309.838764842947057
-309.837204546553266
-309.829340202933849
-309.815793553264541
-309.815056130050664
-309.813530520226323
-309.799644273040371
-309.794361833146866
-309.790042237816408
-309.783143955664855
-309.777573359013275
-309.772593901538130
-309.770089934448947
-309.765940902871876
-309.748824027414173
-309.741635225805055
-309.729326669616341
-309.713717940905383
-309.701675634054538
-309.700745821749592
-309.698727441108190
-309.690526531194621
-309.667765268307221
-309.658026288024189
-309.657065404834213
-309.650307633160537
-309.629290922722021
-309.622734493766814
-309.615738063701713
-309.609421297379470
-309.599910711655014
-309.594647162678712
-309.589945860745445
-309.587874074345791
-309.577377663079460
-309.575326891548627
-309.556544770478524
-309.553634019464823
-309.550800317604796
-309.547052858736322
-309.544097619374440
-309.536510003459341
-309.530595666562704
-309.522914448472307
-309.512227329401640
-309.497086871323233
-309.494060577559935
-309.487726427400958
-309.482650076279867
-309.476725305284845
-309.473147975141273
-309.459634747785799
-309.446046684865166
-309.443668928885756
-309.442705528312786
-309.432526541476648
-309.416916776881294
-309.404502747227298
-309.403164738217640
-309.399829054561962
-309.397569920709884
-309.388503187167316
-309.386084211395882
-309.373400554403588
-309.372443559369799
-309.345591696185409
-309.344878755011450
-309.335325766628898
-309.328037329022663
-309.326028539727020
-309.323398543462815
-309.305666056176449
-309.302516247522931
-309.301017133923892
-309.294579913890061
-309.286855686194770
-309.286115958392486
-309.272482739607597
-309.249881144143956
-309.247812463391256
-309.241444957197359
-309.226842603628427
-309.223026765509417
-309.211746318971564
-309.204075570122825
-309.185707966340715
-309.183673398949281
-309.182458741234427
-309.176167716088969
-309.157128910800395
-309.154046635526129
-309.146220319276154
-309.123558787227637
-309.123432765339714
-309.100158422547850
-309.099839761457474
-309.088171489193314
-309.083490392730027
-309.081121195764467
-309.051545279963648
-309.048748520029676
-309.047853748502348
-309.036806287396814
-309.016974877738846
-309.004213773177923
-308.996249882516622
-308.995116371141194
-308.986055341971792
-308.982790055702424
-308.970724920618579
-308.962892904899547
-308.960770187418234
-308.949512496994600
-308.941158965320483
-308.938279657936846
-308.924383602545106
-308.919691381825487
-308.905014410991157
-308.899553691367942
-308.895556288657701
-308.892695761572782
-308.891542199801734
-308.881940590699514
-308.875854426993158
-308.872385507615149
-308.869374482059527
-308.853211460034515
-308.851839415660322
-308.841063351440425
-308.830983580805480
-308.815273336368136
-308.814889028364973
-308.801779391043794
-308.799059981824769
-308.776926192768030
-308.764184152675284
-308.746433653590032
-308.742524845550690
-308.737963945359866
-308.737595498896610
-308.715553225771487
-308.704420970542628
-308.702861052557978
-308.686683420209761
-308.675533395695766
-308.670821107576842
-308.666846355604378
-308.664572674026431
-308.642197373938529
-308.635315932189769
-308.630394413776344
-308.621611763062049
-308.596379371277408
-308.577672684107370
-308.575351732187812
-308.573677638695472
-308.569540989174072
-308.569399591279819
-308.550499802430977
-308.546107008184038
-308.540649412144603
-308.534462235549483
-308.524585877328434
-308.516888297486787
-308.497274007972408
-308.494216669006391
-308.493326212907846
-308.478547933336529
-308.467578207401800
-308.459012588216410
-308.458902636843447
-308.441916380845157
-308.431230815392212
-308.415660339335602
-308.413345822398185
-308.402944231655454
-308.396771009720851
-308.395290470328803
-308.385311411889177
-308.380719025262124
-308.373847352357757
-308.366829311149161
-308.358919351478619
-308.358324748414020
-308.334764838003537
-308.328077661744260
-308.315579191598147
-308.303726590666088
-308.300337011417355
-308.293889183255203
-308.287889709984029
-308.275988398896175
-308.269637300497607
-308.251718387969731
-308.236148504267931
-308.223491477845698
-308.216250869304531
-308.210911385949544
-308.196830094725328
-308.187880159681583
-308.165827669791838
-308.163076466794564
-308.146419348534437
-308.126937853937818
-308.113942494156220
-308.113256377758773
-308.097323965217583
-308.096862752318998
-308.078020738476880
-308.073384531958538
-308.053163959958056
-308.041175146607941
-308.019223707626395
-308.011452840845436
-307.968219419368495
-307.958858859570569
-307.948213151895914
-307.937997317501356
-307.918308547451943
-307.905837615097084
-307.891147233785205
-307.888997920113468
-307.863768376322128
-307.861289914058034
-307.857223611460597
-307.852574837942313
-307.822932097135663
-307.801376192869952
-307.790276987839945
-307.770658610548878
-307.756580449272747
-307.722358018957777
-307.704025695177222
-307.677687980064604
-307.674337094406155
-307.645611577403940
-307.624498043662868
-307.588866826550714
-307.579068962990846
-307.541180006311151
-307.518672167784189
-307.497736623403341
-307.422531160801498
-307.407072217910923
-307.381522195414618
-307.330167662205952
-307.307498651261028
-307.306030371250301
-307.268770829320090
-307.216656495002383
-307.161614820129387
-307.141504373593818
-307.125687858190815
-307.120284609025191
-307.089306763210971
-307.079826919102914
-307.074437436548862
-307.048516249054217
-307.032898348915126
-307.011722839048900
-306.997616548064912
-306.996365578119594
-306.986744422978404
-306.985452517096633
-306.985340955332845
-306.940965466955220
-306.935025343384154
-306.918250324968824
-306.913526001259129
-306.893104080386877
-306.888336406245969
-306.881377610432992
-306.870886276767806
-306.852150664938790
-306.846366528485134
-306.841408929742954
-306.791323702223565
-306.733197726408150
-306.718853505434083
-306.687440624585861
-306.600787762707910
-306.587464811739608
-306.513555025433902
-306.510387788827245
-306.505701666024493
-306.495225962145184
-306.439477358504575
-306.385266160946230
-306.315190597267190
-306.308963631185122
-306.286402004672823
-306.278867992818959
-306.256160497866404
-306.246723964063506
-306.239299864421071
-306.232165616624570
-306.226476452758050
-306.206933338404838
-306.195012958361701
-306.191868501286081
-306.181610357098805
-306.177251436370454
-306.156365293226372
-306.153196557672914
-306.146750656065535
-306.144329871481148
-306.137635059702745
-306.132806798397269
-306.127470933081952
-306.111104337794927
-306.101339592303532
-306.096204118962248
-306.087018894441883
-306.062276048242325
-306.050551723554804
-306.038450983475741
-306.032149492999338
-306.020936510638421
-306.014065560319182
-306.004842598628159
-306.003404814493933
-305.999442462264938
-305.982745732498870
-305.976766809265087
-305.964146569739569
-305.958017774621112
-305.942729224809796
-305.928975009021428
-305.926726070879454
-305.921925363439527
-305.901445906490665
-305.897823668875901
-305.894854903715100
-305.883036098152388
-305.874232901376843
-305.856387558071788
-305.850288818748140
-305.833270833650204
-305.832518206989505
-305.809149213197657
-305.788028848435545
-305.783116308987076
-305.766026397058681
-305.755637865345477
-305.752967507494418
-305.730614617242054
-305.705120782421488
-305.698402029389285
-305.693758097125226
-305.683891217788243
-305.672154171055467
-305.662912740555043
-305.644885710330243
-305.636610534629426
-305.625321876353667
-305.609412886730865
-305.594345477971501
-305.570052003161777
-305.557710183728716
-305.545091182259000
-305.533539334061629
-305.515656505706943
-305.508230611160968
-305.485415867444488
-305.483144102792096
-305.471387696224440
-305.442720240273104
-305.433483210096540
-305.400234962075274
-305.379097971570843
-305.361464435676453
-305.342919284383925
-305.306756038781941
-305.279963673203611
-305.275193108928022
-305.223487462710068
-305.206844020965320
-305.201685577451883
-305.174779627782641
-305.151464887826592
-305.105309797198970
-305.074147531850315
-305.062800741841841
-305.043587743059959
-304.996175048040925
-304.987651542294941
-304.957930461180524
-304.943081028646134
-304.922642031712428
-304.905253422660223
-304.880942681573970
-304.853068463795125
-304.799871264499075
-304.783967101177325
-304.772729442078287
-304.766252680238097
-304.738119705415386
-304.718001121546195
-304.690586707301691
-304.664359262192420
-304.612302530271393
-304.592657438869139
-304.568173538804047
-304.561695883468076
-304.521060796974837
-304.499297792589118
-304.490945950317155
-304.475425280676404
-304.463517123395832
-304.431204936868880
-304.393500309125784
-304.386740095082587
-304.364260696140036
-304.341741470689215
-304.317972136253672
-304.295489922989191
-304.276135250698474
-304.227725577373860
-304.213205657373351
-304.195113573402921
-304.149149744522219
-304.121503218337864
-304.113379457704013
-304.081066553772530
-304.036899381529963
-304.010532336466156
-303.992504946832184
-303.974065300556902
-303.945217451805036
-303.912900875071728
-303.870930139062864
-303.862686730275243
-303.832290927219105
-303.785565703236216
-303.766491591647934
-303.714925038961837
-303.661995234012863
-303.629083052595092
-303.612521096693740
-303.557459139656487
-303.516736063683595
-303.467033873276932
-303.436228846206632
-303.305862118414666
-303.295846377612406
-303.225590519576542
-303.197006928204019
-303.171438276522679
-303.147142755947414
-302.937554125755184
-302.799225171168359
-302.580949044840509
-302.565305845977662
-302.503186736073644
-302.476119925735020
-302.462459835061622
-302.444805878599482
-302.396024308270512
-302.322206448299085
-302.168810220577598
-302.060760845937693
-301.691541927121023
-301.647129627881725
-301.536782195721912
-301.514319610167831
-301.488321214042912
-301.480470677855635
-301.479796943627321
-301.475472845488071
-301.472540104747225
-301.465408666284702
-301.455365222771093
-301.452745121630642
-301.445643691968201
-301.442819828456493
-301.435721286913292
-301.434189273431173
-301.428811234639795
-301.426282883348108
-301.423154468595442
-301.420161626799427
-301.415892419829561
-301.414763641783509
-301.407249493114080
-301.396439255527525
-301.394662770152308
-301.385104707033520
-301.381005369672835
-301.380740643002582
-301.377043355351816
-301.369058379122521
-301.368467397672759
-301.367993592125970
-301.365094836814535
-301.363871809086334
-301.359033782852919
-301.357244037637429
-301.349831402209588
-301.348374471416946
-301.344749564186714
-301.342428068424908
-301.338388830654310
-301.333810571684467
-301.331595032644827
-301.330311890881319
-301.326423699178235
-301.320599714337050
-301.318299921680762
-301.313294756022856
-301.312675817969819
-301.302446770225117
-301.294939257780811
-301.293602688123428
-301.286978207190316
-301.284135071469564
-301.283472969559853
-301.280838682208298
-301.273438826927986
-301.263678418117308
-301.262079583117611
-301.251700462133442
-301.251622960137070
-301.246641357441433
-301.246505800768148
-301.237541028574981
-301.229273010048701
-301.226992253099127
-301.213959694387825
-301.210645568679979
-301.208507667469632
-301.204029171380000
-301.201680926381471
-301.196079040637642
-301.186139040618855
-301.182829744463447
-301.166512396426754
-301.162180969474775
-301.160286789004772
-301.154064808749411
-301.152829767650474
-301.145739697365741
-301.137511704328460
-301.131653660974507
-301.131069175884477
-301.124754931208088
-301.116037319685290
-301.110288041744013
-301.105043202641809
-301.099689010516613
-301.096140170568958
-301.092249011856893
-301.086740094184620
-301.079871455780392
-301.075689892055550
-301.075312303189094
-301.067802513511879
-301.065123655496279
-301.061251745267441
-301.053580986517886
-301.043925846199045
-301.042959399199731
-301.039630941306143
-301.034457239176959
-301.033491874764309
-301.025004785402359
-301.019430814441364
-301.018424426225863
