-230.507755092394177
-230.379273031340603
-230.376331919329942
-230.375589533530359
-230.371161084628625
-230.370093713974853
-230.368421651452365
-230.362651206625230
-230.350349092027216
-230.339349436461646
-230.336813503553316
-230.335386500162144
-230.330338203861402
-230.315881461334953
-230.314612221567018
-230.307050594547178
-230.303442874629468
-230.293870785226432
-230.292076545196579
-230.285781912917059
-230.281282446649953
-230.280584703724230
-230.279750224375363
-230.279032736353457
-230.273631848433610
-230.272168395353248
-230.270952607778241
-230.265517132406330
-230.262242416004057
-230.257160762109834
-230.255577036462569
-230.251073132658092
-230.248196268669204
-230.243698316527514
-230.242719680662702
-230.242197301909073
-230.241386438902452
-230.240567890336365
-230.239095973788181
-230.237004759724812
-230.234547561389121
-230.232276150644765
-230.230724135748858
-230.229763279602111
-230.224765511696006
-230.222788858722907
-230.221387791701687
-230.216557315060555
-230.215343788252284
-230.213361510094757
-230.211648174131966
-230.208125448555393
-230.207308848409383
-230.205655528244648
-230.203751836721921
-230.200367827192508
-230.195715994582770
-230.193296708538782
-230.185445060772395
-230.184778571401012
-230.178875907106715
-230.178231300536766
-230.175805450020391
-230.175191610472751
-230.174132129662951
-230.172555629856561
-230.169215297607025
-230.166183666327385
-230.165374625459748
-230.165153756449797
-230.164028557480549
-230.161289820297355
-230.156177539101606
-230.155444497386327
-230.152942986301497
-230.151202099090710
-230.150325794011877
-230.149064757342416
-230.148141297896643
-230.146912844072347
-230.146054395497401
-230.144838349821896
-230.141151926501237
-230.138796146679624
-230.137984623638488
-230.136202537360020
-230.135475272489401
-230.130996049986919
-230.130392804751210
-230.129733209069684
-230.128395876555857
-230.126283421896460
-230.125346677693898
-230.121985195625030
-230.120578999057898
-230.119201482323831
-230.118196066609897
-230.117301289611049
-230.115948062412173
-230.115214670935188
-230.114316944396819
-230.113699564416891
-230.112958713293949
-230.111340942607569
-230.110749455026763
-230.110343466110493
-230.109346777735936
-230.108892591368232
-230.108295534080838
-230.107313879262335
-230.105892883180246
-230.103754405173106
-230.102380137782205
-230.101140934909154
-230.099486937204915
-230.098557130664943
-230.095988370843855
-230.093459713562481
-230.091864103016547
-230.091500536902572
-230.091105868207364
-230.090221346221568
-230.088460730457541
-230.087849546279301
-230.086524229239956
-230.085504856772474
-230.084776404979209
-230.082879289375256
-230.081865845326490
-230.080965215200251
-230.079909603016603
-230.079067952615162
-230.078088366162717
-230.075587573186397
-230.075028244862494
-230.074278465558564
-230.073252535777442
-230.072315202309341
-230.071361291045463
-230.069862287185600
-230.068083956711803
-230.066490823261574
-230.064832787169792
-230.062800487890513
-230.061447832403331
-230.060980180575115
-230.060063139399489
-230.059115708619800
-230.057647378879352
-230.056685397852192
-230.056125964642547
-230.055237747481243
-230.054272866292138
-230.053742028847779
-230.053155551942268
-230.051815204892137
-230.051246123257783
-230.050324593728618
-230.048989434090714
-230.047395798200910
-230.046226364235878
-230.045332188096467
-230.044205352067252
-230.043953742790251
-230.043416459216417
-230.042417833234452
-230.041573318594885
-230.040802295255133
-230.039718788796677
-230.039172506220723
-230.037904558585353
-230.036900788774403
-230.035738059083769
-230.035303938835767
-230.034331592828522
-230.033120226062096
-230.032196816888330
-230.031526766443420
-230.030345230232854
-230.030169757041648
-230.028891752232568
-230.028110915640269
-230.026765655355035
-230.025914620647484
-230.025222565209560
-230.024149539951196
-230.023196327176350
-230.022614379895373
-230.021883850961672
-230.020602105524887
-230.020026735085168
-230.018790836024039
-230.017527996152296
-230.015208323446899
-230.014342913359457
-230.013489237722808
-230.012780930309646
-230.011657167265355
-230.011298432744724
-230.011160518458411
-230.010517434972513
-230.009650789269330
-230.007209279264629
-230.006684225977722
-230.005052531506379
-230.003940698261857
-230.003033102653689
-230.002121455478431
-230.000795973939034
-229.999866416718646
-229.998925884505240
-229.997239857809632
-229.996766509360583
-229.995851346790801
-229.993623908345427
-229.992586936851296
-229.991761108431035
-229.989488496473371
-229.989055164214562
-229.988492298311257
-229.987856580691442
-229.987435861054820
-229.986896286107623
-229.985570468072609
-229.984302786429168
-229.983332877362841
-229.980962901731573
-229.979985350666482
-229.979560402394782
-229.978196056976543
-229.977721775369474
-229.976204919296549
-229.975399467357988
-229.974421219264372
-229.973143125372957
-229.971435571795610
-229.970189380609071
-229.969339367810335
-229.968651114799741
-229.967804375351818
-229.966618767816982
-229.965383223083933
-229.964834298653557
-229.964079739899262
-229.963158173006747
-229.961356091225781
-229.960210339349061
-229.958595446544450
-229.957736946938780
-229.957156148579429
-229.955412066852631
-229.954743154964007
-229.954141852391700
-229.952802153376950
-229.951969270453816
-229.950045838663442
-229.949161027186761
-229.948229688763348
-229.947682637117680
-229.946819441647790
-229.946421846682966
-229.945916022811531
-229.944379955867362
-229.943690296000796
-229.942078617177430
-229.941543276846090
-229.940825299501739
-229.940450394294203
-229.939805336031299
-229.939178391264420
-229.938710441190523
-229.937346676737207
-229.936286620704664
-229.935374602288846
-229.934889281611703
-229.934682756753716
-229.933709083706248
-229.933216737795533
-229.931498548029282
-229.930257827741087
-229.929308345386886
-229.928764654645761
-229.928266421493220
-229.927563035333691
-229.926916116383353
-229.924819245947390
-229.924260890038028
-229.923363015216125
-229.922204992766098
-229.921543786939907
-229.920378972139019
-229.919323283591325
-229.918865967376490
-229.917999337028874
-229.917476559834626
-229.916719370316372
-229.916137292171470
-229.915292952940803
-229.914753064550297
-229.914416005978040
-229.913640556407131
-229.913101193781216
-229.912491370745215
-229.911867116302801
-229.910944175923902
-229.910518516107715
-229.910140651171076
-229.909593622231142
-229.908540022750401
-229.907708844838197
-229.907232985175227
-229.906499611158381
-229.905828820288235
-229.905544259569467
-229.904394733969383
-229.903495435858900
-229.902658587924520
-229.901467605197354
-229.900213056507880
-229.899661175393248
-229.899270915754016
-229.898750582496803
-229.898163837013385
-229.896491313021926
-229.896087317896530
-229.894782098266660
-229.894131984636914
-229.893499276322814
-229.892135433284494
-229.890825702063296
-229.890013073506282
-229.888869227516437
-229.887537999151107
-229.887058948089958
-229.886312771513758
-229.885263568747490
-229.884346782379595
-229.883233458932693
-229.882553302271447
-229.881618453318765
-229.881290533608336
-229.880745978197808
-229.877448673448441
-229.877027131001910
-229.876598045855843
-229.875455538614858
-229.874699776093905
-229.874465707978317
-229.873800788688584
-229.873541721753554
-229.872524887470490
-229.871587147414431
-229.870955442830279
-229.869743831936290
-229.869486781558180
-229.868634562417100
-229.867209498150856
-229.866561121409575
-229.865652326067561
-229.864643199145775
-229.864479960459306
-229.863617273048817
-229.862937569723385
-229.862323934088550
-229.861908059963383
-229.861198283694932
-229.860727431898511
-229.859856116110564
-229.859389887649996
-229.858559760381326
-229.857378130799788
-229.857024734309078
-229.856061071353082
-229.855852324361024
-229.854924300339036
-229.854029316065976
-229.853121748730558
-229.851959773215441
-229.851167722224403
-229.850341774765326
-229.849387086882217
-229.848664269115517
-229.848027281006409
-229.847918854852026
-229.846569975366094
-229.846330863146562
-229.845507682879685
-229.844741629225751
-229.843741695478258
-229.843065177346375
-229.842555668208888
-229.841481029754789
-229.840482124095672
-229.839763715919673
-229.838882423571960
-229.838401379900404
-229.837625241384217
-229.836355760281322
-229.835584610769956
-229.835188311017191
-229.834932653087918
-229.834479671793844
-229.833106664232162
-229.832251996686011
-229.831151664640572
-229.830671862938374
-229.830188860193374
-229.828754713657361
-229.827603509888235
-229.825904569120695
-229.824747557198464
-229.823730823027205
-229.823028394960403
-229.821521915648503
-229.820995705162289
-229.820153171715958
-229.818707088802228
-229.818084483828017
-229.817612709902647
-229.817160544192774
-229.816300848363085
-229.815819934240295
-229.814685058963704
-229.814158848068132
-229.813513829333715
-229.812942129428734
-229.812114305891839
-229.811130665483461
-229.810588824881791
-229.810373654331983
-229.809796745617717
-229.808529141451231
-229.808078837365230
-229.806930522996680
-229.805532028453541
-229.804814769208065
-229.804010308293385
-229.803279706685686
-229.802756149245113
-229.801877672698623
-229.800869152867335
-229.799738962623081
-229.799130413731319
-229.797760665819112
-229.796578362129907
-229.795769600297689
-229.795479200626602
-229.793838370427324
-229.792439703689325
-229.791846774089038
-229.791021666806643
-229.790483270562646
-229.789692657025284
-229.789051318072808
-229.787490480038144
-229.787012734697868
-229.786158774846712
-229.785225861624525
-229.783972520653208
-229.783308412681578
-229.781895382237167
-229.781294446624145
-229.780005947478998
-229.779425730809038
-229.778271217650683
-229.777907844380366
-229.777609957904559
-229.776804243939438
-229.775929678657405
-229.775261961674289
-229.774716831760827
-229.774058022561292
-229.773548379320118
-229.773024174198639
-229.772461091137131
-229.771190146751223
-229.770433644942983
-229.769717420643644
-229.769069601646748
-229.768294356882620
-229.767696874971733
-229.767268052275000
-229.766182516725507
-229.765430927344255
-229.764875643278685
-229.764536034835629
-229.763303108748914
-229.762203515026982
-229.761886580003562
-229.761455236825782
-229.760708673607411
-229.759892276117313
-229.759050345952346
-229.757941685765758
-229.757300176419164
-229.756466348227633
-229.755493716520220
-229.754765060646662
-229.754192349654232
-229.753533336244175
-229.753138398837734
-229.752871088487183
-229.751629303621257
-229.750874464389085
-229.750287061084805
-229.749879267646349
-229.748535040887759
-229.747713755109800
-229.747262993810011
-229.746632138797537
-229.746192636445244
-229.744811082587916
-229.744624969193239
-229.744133974973806
-229.743394802261832
-229.743055623396543
-229.742471435186417
-229.741475362524056
-229.740556454133468
-229.739856120694384
-229.739017045599752
-229.738485270483011
-229.737875432840298
-229.736965857829460
-229.736006683153107
-229.735201581157980
-229.733884193084435
-229.732874398754404
-229.732032748883114
-229.731597650194971
-229.731054020540284
-229.729514638713681
-229.728677217460728
-229.727866405917496
-229.726730334846337
-229.726289433781119
-229.724187780026739
-229.723755620724944
-229.723010430791931
-229.721882368182975
-229.721554564570425
-229.720083415132450
-229.719448899143515
-229.719218032668152
-229.718479270575500
-229.717613411485473
-229.716770765833161
-229.715951921589692
-229.715467055102579
-229.715109478231540
-229.713875258500110
-229.712992340725378
-229.711940415918718
-229.711254442600108
-229.710950434112306
-229.710037063436033
-229.708728062783621
-229.708164383958632
-229.707715699402684
-229.707296253985589
-229.706318155525707
-229.704678656274893
-229.703901232761297
-229.702907210696310
-229.702102524772073
-229.700861081531457
-229.698948212980383
-229.698633699230072
-229.697691937550530
-229.696531017284428
-229.695454081082204
-229.694164850845794
-229.693541863462372
-229.692595570896827
-229.691691637036342
-229.691282669576140
-229.690523020124175
-229.689875995623254
-229.689151886836271
-229.688553652464606
-229.687548684445545
-229.686597574376947
-229.685793811397929
-229.684985039408645
-229.684454477195231
-229.683853113168141
-229.683170695304284
-229.681908162391892
-229.681814418587436
-229.681407375316894
-229.680745194510166
-229.680130608654650
-229.679415285252645
-229.678745027775648
-229.678008729504540
-229.677046323529567
-229.676107219501091
-229.674475368105078
-229.674071391653399
-229.673768323638228
-229.673108039824484
-229.672679985460206
-229.671505986931663
-229.670339118840786
-229.669562887389617
-229.668892633684749
-229.668292417147256
-229.667858560211613
-229.667020460560792
-229.665993399043799
-229.665210232643403
-229.664692077367619
-229.663153657685911
-229.662789539176913
-229.661771486023611
-229.660251462450702
-229.660025752587558
-229.659390493113364
-229.657977755757827
-229.657624677058237
-229.656782957822458
-229.655409742166256
-229.654681746466792
-229.654176102634153
-229.653597519660764
-229.652165196118631
-229.651680329968258
-229.651417214180668
-229.650321569526113
-229.649684626824836
-229.649235643116270
-229.648121484424053
-229.647657341497222
-229.646819307910306
-229.646248652995268
-229.645871517387263
-229.645519083674458
-229.645043632638590
-229.644326603078383
-229.643861074800725
-229.643266796285587
-229.642821900689370
-229.642333469427456
-229.641629417861594
-229.641117322522121
-229.639874525393196
-229.639058634546899
-229.638642307850233
-229.638181442649255
-229.637000109308559
-229.636425313077893
-229.635798231866630
-229.635108166637423
-229.634481226039128
-229.633767810320592
-229.633118801490326
-229.632156996019859
-229.631277797300100
-229.630204917832657
-229.629279429857775
-229.628375498566697
-229.628051365424284
-229.627471981836266
-229.627139120563442
-229.626197853979193
-229.625347727002236
-229.624881810516683
-229.623909969317623
-229.623347129460029
-229.622942857231408
-229.622059243130195
-229.621240537536835
-229.620617041815393
-229.620082191565302
-229.619504219105750
-229.618287920462961
-229.618007632915493
-229.617219395133873
-229.616792414323953
-229.616236664481363
-229.615892913329930
-229.614791774617885
-229.614477051448745
-229.613741543199609
-229.613254069574197
-229.612355579874219
-229.611202918564203
-229.611075725326657
-229.610294880924755
-229.609225374676129
-229.608930488678993
-229.608465499637873
-229.608047200029802
-229.606959944955975
-229.605960340710425
-229.605804112169068
-229.604944803975542
-229.604271256718022
-229.603245669307199
-229.602703413408364
-229.601301504350005
-229.600974124278906
-229.599689204953961
-229.599385227085492
-229.598076407701882
-229.597473858947779
-229.597213513646068
-229.597047853574878
-229.596384334128402
-229.595354897619075
-229.594964794639338
-229.594429969931383
-229.593730847824588
-229.593252818728956
-229.592731575135787
-229.592411363665263
-229.592252921328168
-229.591546680278668
-229.590913279519128
-229.589805076068586
-229.589371378403939
-229.588773987899884
-229.588399288087970
-229.587841087993695
-229.586991373434898
-229.586585825046114
-229.585853214262755
-229.584774633386417
-229.584482509519376
-229.583492957534020
-229.582848178305312
-229.582421658845391
-229.580973446914925
-229.580154861272803
-229.579556537507074
-229.578343695083561
-229.577798039474743
-229.577212494586433
-229.576917146546151
-229.575913537814671
-229.575087133024738
-229.574788309980249
-229.574181452925615
-229.573809310389294
-229.573295528108048
-229.572526481818727
-229.571588124203259
-229.571025704078664
-229.570104543190723
-229.569166787685958
-229.568884320661141
-229.568522070826418
-229.567713310329140
-229.566726053210544
-229.565901771136424
-229.565103806685869
-229.564666726738068
-229.564300847646564
-229.563168637014996
-229.562228211933501
-229.561635986007502
-229.561481923467881
-229.560468066373375
-229.559471767169953
-229.558652526603453
-229.557881603987852
-229.557302222500681
-229.556444906736772
-229.556109888192964
-229.555546290650511
-229.555114622927874
-229.554312742973394
-229.553838378567889
-229.553344565435822
-229.552276407156796
-229.551655214820642
-229.551358953698156
-229.550217978458903
-229.549868978296786
-229.549276112390658
-229.548123171417643
-229.547879168981780
-229.547408927967894
-229.547006629146239
-229.546160595778730
-229.545508946965384
-229.544675432884503
-229.544106713150313
-229.543279390123246
-229.542639843361997
-229.541837848169280
-229.540969318985276
-229.540761579697744
-229.539329249699847
-229.538728650028389
-229.537899525326395
-229.537741297463043
-229.537053474784642
-229.536098797401650
-229.535409680376318
-229.534529963925593
-229.533869476751789
-229.533359432578266
-229.532557473511844
-229.532079576143303
-229.531554864116913
-229.530849610550149
-229.529959892261189
-229.529244313598213
-229.528510013281959
-229.527333542682868
-229.527062828011537
-229.526300536281752
-229.525515515933506
-229.524507772203691
-229.523867628733569
-229.523176883798357
-229.522413731291437
-229.521562639054650
-229.520025669246678
-229.519344847258765
-229.518444432991345
-229.517603093294355
-229.516158178205501
-229.514997271515227
-229.514299909675003
-229.513266631114305
-229.512744454405009
-229.511876578265827
-229.511520979917265
-229.510293786543144
-229.509766914526239
-229.508734501414580
-229.508299091259317
-229.507852924876943
-229.507316606148038
-229.505760365139707
-229.505378058075792
-229.504546786876347
-229.503702290083254
-229.503056603464131
-229.502596142285370
-229.502187301041943
-229.501819485122894
-229.501328404232851
-229.499656622039481
-229.499161055960428
-229.497742875382528
-229.496946123535508
-229.496171174774190
-229.495209737187992
-229.494951265666458
-229.494766821720219
-229.494107349718178
-229.493501749359467
-229.492588373749015
-229.492119024745108
-229.490857172454838
-229.490329538252524
-229.489841362269061
-229.489036743214143
-229.488294259659085
-229.487799782230354
-229.486849578618546
-229.486527461501595
-229.485859058298189
-229.485399391012265
-229.485008956580543
-229.484259644454312
-229.483520720941272
-229.483100276129221
-229.482606030418282
-229.481041483902118
-229.480573796165118
-229.479800764933742
-229.478818438942312
-229.478454887728276
-229.477443701664470
-229.476678914289380
-229.476561612450325
-229.474998564514493
-229.474206576969095
-229.473859859820720
-229.473331199640114
-229.472272329228105
-229.471582840969972
-229.470163968406780
-229.469806402687681
-229.469251314800402
-229.467850255729957
-229.467166834912831
-229.466812691701080
-229.466002089847251
-229.465736420641690
-229.464907672019677
-229.464360850394996
-229.463939620639479
-229.463263318494853
-229.462836254723470
-229.462194594041080
-229.461675623928159
-229.461023554983882
-229.460497769268756
-229.459959781695318
-229.459081440344477
-229.458924578130222
-229.458585739828891
-229.457635966497975
-229.457264711582326
-229.456678858482462
-229.456293344177794
-229.455480550333078
-229.454288785488700
-229.453818771700156
-229.453408925899453
-229.452161454822118
-229.451575834656325
-229.451142852036725
-229.449525980182472
-229.449108865595150
-229.447976957236506
-229.447102997859247
-229.445772543028454
-229.444787157610904
-229.444430431372155
-229.442783888054777
-229.442331687334587
-229.441656757824603
-229.439926491373882
-229.439458726507638
-229.438825225076243
-229.437521277741496
-229.437082392405983
-229.436218620589756
-229.435853198746656
-229.434963522491216
-229.434447680152374
-229.433488899356718
-229.433032968717839
-229.431774210057995
-229.431474209320555
-229.430529420097571
-229.429716443960785
-229.429036474954898
-229.428258380045349
-229.427465647810891
-229.426816823762493
-229.426445683667311
-229.426147033711516
-229.425599129246137
-229.424873106510830
-229.423829301215676
-229.423166384202148
-229.422470395809199
-229.422102684914734
-229.421456395647397
-229.420072005397941
-229.419310989873480
-229.418501820555292
-229.418005592480995
-229.416755407674287
-229.415538230436482
-229.415055778892309
-229.413824050414178
-229.413716632905420
-229.412447336770128
-229.412059651325109
-229.411688649190495
-229.410529450397803
-229.410064177241992
-229.408947446055038
-229.408133615416546
-229.406514132916612
-229.406111400797130
-229.405124796455169
-229.404492861170837
-229.403779209143153
-229.403270888808720
-229.402379898931741
-229.401883811809540
-229.401001216565959
-229.400718044976202
-229.400207042865816
-229.399191006380903
-229.398689805821789
-229.398449155484656
-229.397717488125892
-229.396697178701459
-229.396250606569765
-229.395237435812902
-229.394659307162726
-229.394019271968233
-229.393663081490757
-229.392722914392863
-229.392034626858901
-229.391251870880438
-229.390684746364741
-229.389982494310857
-229.389580783109466
-229.388903772272215
-229.388408532935472
-229.388025235935203
-229.386898982667645
-229.386679840039363
-229.385769696470874
-229.385237531039138
-229.385135539522992
-229.384258008186350
-229.383414698016310
-229.382839297233943
-229.382528887368409
-229.382092346226585
-229.381125591145832
-229.380373401514476
-229.379958685520791
-229.379235942960833
-229.378422462078760
-229.377683549595929
-229.377289068327798
-229.376747724431340
-229.375606217563785
-229.374916323781235
-229.373641985905607
-229.373028833052416
-229.372362976386142
-229.371464142149222
-229.370447421373171
-229.370112783061643
-229.368597249624031
-229.368058410408594
-229.367556987464980
-229.366723291013074
-229.366428992916980
-229.365952380133393
-229.364651640025784
-229.364358806974337
-229.363371056058213
-229.362546664777796
-229.362023541308332
-229.361669402148095
-229.360480249881761
-229.360328929354040
-229.359499871646250
-229.358605301038807
-229.357382404396105
-229.356572588556503
-229.355897332349514
-229.355452885092490
-229.354690490274976
-229.354129052253768
-229.352975064683903
-229.351855740288414
-229.351656998004955
-229.349795028101340
-229.348987512758441
-229.348488017951240
-229.348025035851578
-229.346435908108106
-229.346047220524952
-229.344877406202414
-229.343997685215783
-229.342834405511837
-229.342406505930200
-229.341494376138996
-229.340889726881301
-229.339895466138245
-229.338589825922952
-229.337635025674075
-229.336857268344119
-229.336290429193980
-229.335801592987423
-229.335253624940947
-229.334572629691536
-229.332807080600787
-229.331848069213322
-229.330997945515008
-229.330270543341868
-229.329073509006463
-229.327683831301584
-229.326866064095412
-229.326470139974447
-229.325112041462035
-229.323675638910260
-229.322930939184715
-229.321673849611756
-229.321462965772014
-229.320735770622065
-229.320446747525978
-229.319713525269350
-229.318822726906291
-229.317404789202016
-229.317237782541156
-229.316461569577484
-229.315349488566937
-229.314760884451090
-229.312893424084905
-229.311998602230318
-229.311469283151808
-229.310051062671107
-229.309587903405088
-229.308939186536008
-229.307765715808614
-229.307127316515221
-229.306617407655352
-229.305889977718977
-229.304675349579412
-229.303755469128731
-229.303289334150804
-229.301459237890100
-229.300612648375079
-229.300190773705424
-229.299230652357068
-229.298547655641414
-229.297949571009468
-229.297622545892949
-229.296533154050735
-229.295231791701156
-229.294463987322132
-229.293427531881179
-229.292474532482231
-229.292101686088557
-229.291084425689434
-229.290450526693462
-229.289226313868198
-229.289010929303231
-229.287918063691308
-229.287579583488537
-229.286426751709598
-229.285659182423615
-229.285047394135660
-229.283864480829692
-229.282875172138006
-229.282105529901031
-229.281266641408109
-229.279862558881177
-229.278777918075463
-229.278027017939678
-229.277007827423290
-229.275621082551652
-229.275167205455830
-229.273723606976603
-229.272716743527326
-229.271921971576546
-229.271258650525823
-229.269944059326889
-229.269177853284731
-229.268243055461198
-229.267292089277987
-229.265465425420075
-229.264809725916052
-229.264009123178880
-229.263345022160479
-229.262212162106607
-229.260831092386894
-229.259857801594165
-229.258533474049528
-229.257805219358232
-229.256528870615909
-229.256146953011125
-229.254774821089484
-229.254071811651755
-229.252988378049054
-229.251551789269371
-229.250431125539052
-229.249577703365560
-229.248561162835273
-229.247420079677482
-229.246785447181594
-229.245280198415998
-229.244598662078289
-229.243733396090960
-229.242676505673074
-229.240543327635038
-229.240144029293418
-229.239157297149688
-229.237792120756325
-229.236466148917543
-229.235915720821453
-229.234542643110927
-229.233345946155794
-229.232916350383277
-229.231715073903274
-229.230838650869288
-229.229896419290640
-229.228365108512435
-229.227749744980855
-229.226514779707230
-229.225634998830913
-229.225275806420939
-229.223869684851337
-229.223023778831703
-229.221443419276511
-229.220613733170211
-229.220109397464796
-229.218400905842685
-229.217849242787366
-229.216710900850302
-229.216057806760546
-229.215114098181488
-229.214413733074736
-229.213753565454425
-229.212009283103583
-229.211169586696940
-229.209835922335515
-229.209123106393008
-229.208465588484728
-229.207922998520445
-229.207266593920963
-229.206068938323767
-229.204936555016673
-229.204407764236180
-229.203327167777587
-229.202745016322069
-229.201397745729452
-229.200508047123691
-229.199633122873934
-229.198666501901442
-229.198137020361770
-229.197151809098926
-229.196540801517614
-229.195943852784410
-229.194524958597015
-229.193908989725031
-229.192645090016271
-229.191955429568935
-229.191060470465317
-229.190330483959116
-229.189709917270932
-229.188721008013744
-229.187778640816475
-229.186831707559634
-229.185115970576703
-229.184558384105827
-229.183599653068711
-229.183099340931335
-229.182146955681105
-229.181166460960185
-229.179861543693704
-229.178727208630022
-229.177861932898395
-229.177183535584760
-229.176660671867950
-229.175415600568556
-229.174941856931554
-229.173650986987468
-229.172575243954924
-229.171819919002104
-229.171053195741706
-229.170004967560658
-229.169096699028898
-229.167806274325613
-229.166969419795436
-229.165684198432018
-229.164578730943930
-229.162583797720885
-229.161638013541278
-229.160252612618308
-229.159628175017957
-229.158283487825145
-229.156913204707479
-229.156636904797892
-229.155465640821575
-229.154288414192195
-229.152701660772919
-229.151646909475573
-229.151391130863658
-229.149935965084381
-229.149172751404734
-229.148537080714760
-229.147018890543308
-229.145747824308671
-229.144689144959102
-229.143956273929348
-229.143036579435233
-229.142239326887108
-229.140567783997852
-229.138497628664709
-229.137445652059483
-229.137028940170723
-229.136302548144840
-229.133209332454555
-229.132754899945610
-229.131907304271550
-229.129994584772390
-229.128330125685409
-229.126722939642747
-229.126193724574051
-229.124531994601455
-229.123343008884262
-229.123016102658738
-229.121779161645094
-229.120734832553211
-229.120145785343539
-229.118564774590425
-229.116885013933540
-229.116167099611545
-229.114196891273650
-229.113414164099680
-229.111693537100791
-229.110900966782935
-229.110320658011887
-229.109301547821417
-229.108093830402169
-229.106244322107386
-229.105171430051229
-229.102490025380064
-229.101230268394033
-229.100694704367243
-229.099800895751855
-229.098295338412242
-229.097453025889422
-229.094729705736142
-229.093009128861979
-229.092613810394226
-229.091983197354295
-229.089937707777068
-229.089007739354230
-229.087694869355261
-229.085454625784394
-229.084926219580609
-229.083295437081631
-229.082764615670015
-229.081466238222049
-229.080885141495827
-229.079454510178664
-229.077469305034327
-229.076743556087280
-229.076019421805057
-229.075694631886819
-229.073903152400305
-229.072632240647067
-229.071638875391073
-229.070215354006820
-229.068381047518415
-229.067185235435829
-229.066342210991223
-229.063507919150936
-229.062389434552358
-229.060883313535470
-229.059807888360098
-229.058575981393801
-229.056766287196297
-229.055821744001634
-229.054600350556939
-229.053565275725845
-229.052221744016578
-229.051416181584671
-229.050621033552630
-229.049281583405133
-229.048531143123512
-229.047174937712924
-229.045944170599967
-229.043739711177523
-229.043031076238009
-229.041205187631704
-229.040502102185854
-229.039052277161602
-229.037885622063556
-229.036947957371410
-229.035793445689734
-229.034862129346294
-229.032586379178468
-229.031623243160766
-229.031299828151333
-229.029384076446007
-229.027518652792736
-229.026128893383316
-229.024920610587685
-229.022594575674788
-229.021570980926981
-229.020538415900774
-229.019483776170233
-229.016748580603831
-229.014145925785073
-229.013913186708862
-229.012304653166524
-229.009915722660793
-229.009076613837038
-229.006710045987944
-229.006484836089840
-229.004813733865944
-229.002481989609976
-229.001701526108519
-229.001133539629393
-228.999558573726773
-228.997807909368532
-228.995396035119001
-228.994804989581979
-228.993344055357312
-228.991588837851367
-228.989657911919011
-228.989450439027479
-228.987995450538278
-228.986983802156544
-228.984174812868304
-228.983301249357766
-228.982540970482518
-228.981111523736956
-228.979561977212683
-228.978538530928745
-228.977567950865108
-228.975992210792754
-228.974252160463834
-228.972993525545490
-228.972554038688997
-228.971820812639550
-228.970967178423678
-228.969736621810569
-228.968491594808739
-228.966801411150584
-228.965394267766925
-228.963685318685947
-228.962975186494447
-228.961491637491207
-228.959841381401105
-228.958548756074293
-228.957801125123723
-228.956752242311950
-228.955185416683946
-228.954190363789479
-228.952219943323058
-228.951049966971851
-228.949670257814319
-228.949068266359063
-228.947616883409694
-228.946829309589589
-228.945508907891707
-228.944294655153755
-228.942671999266310
-228.941744505350158
-228.939254461527753
-228.937511351659055
-228.936951325462672
-228.935911085313336
-228.933518277857388
-228.932913922461353
-228.931763256462830
-228.929128686659197
-228.926590478344366
-228.924819700690307
-228.923774099642912
-228.921829738208004
-228.920006070909864
-228.919268279223985
-228.917398852654003
-228.915995857345905
-228.914364381943187
-228.913706124852467
-228.912131127197142
-228.911407805070496
-228.909516044247198
-228.908308192396248
-228.907556361575075
-228.907010665562012
-228.905777656624821
-228.903457028071131
-228.902265263178407
-228.901792656282140
-228.900839213015786
-228.898890405073331
-228.896607075521842
-228.896065074211435
-228.894784890997300
-228.892837437204662
-228.891244945871847
-228.890398309170791
-228.889455885730797
-228.888272162741401
-228.887774161324273
-228.885564777944751
-228.883841940873822
-228.882475641301937
-228.881768390199511
-228.881174951837210
-228.880109159771990
-228.878648682039625
-228.878238665043114
-228.875471569412838
-228.875037781246988
-228.872846898040763
-228.871831149885679
-228.870268660707552
-228.869566421218735
-228.868448021907511
-228.866393448548109
-228.865360850857257
-228.864456037734925
-228.861035202168864
-228.859916192859998
-228.859309712139719
-228.857249876598331
-228.855070333680885
-228.854422133051543
-228.853045787074279
-228.851837744729721
-228.851480241697828
-228.850098925818031
-228.848322937987945
-228.846096765503432
-228.845455091664405
-228.844199087651504
-228.841790540042922
-228.840418394759183
-228.838632549556422
-228.836206502006007
-228.834190396482683
-228.833214191222766
-228.831030103763908
-228.829877813479413
-228.828356594641463
-228.826654461069126
-228.824920708889607
-228.823226931405316
-228.821933591580432
-228.820740023964134
-228.818701922754656
-228.817900403168210
-228.816831658440464
-228.815371683213925
-228.813967550748941
-228.813214425657236
-228.812380973290573
-228.809663368408650
-228.808639301085577
-228.806386518572793
-228.804035589731001
-228.802207921870092
-228.801860981759575
-228.800368989134626
-228.798581872592308
-228.796456195589741
-228.795699472969801
-228.793776542892459
-228.793273729578573
-228.791444533244999
-228.789696219793029
-228.787433811296125
-228.786789495653863
-228.785897661239431
-228.784917051640889
-228.783026760611193
-228.781529466864669
-228.779229901719845
-228.778037696780785
-228.777505933069563
-228.774736509058215
-228.773288388299278
-228.771686396305483
-228.770455557639139
-228.769279450892554
-228.767369153799137
-228.766550150612858
-228.765985295073904
-228.765008478710115
-228.763960373532569
-228.763222606935983
-228.761626753604446
-228.760023340154419
-228.757673960541268
-228.757200498187530
-228.755008019800272
-228.754280978773778
-228.752651532923693
-228.750670122711085
-228.749284020410300
-228.747988269334144
-228.745715465121805
-228.743682644006640
-228.741476556134273
-228.740613839093101
-228.738823436516554
-228.737204329187847
-228.736597603295053
-228.735773664054591
-228.734585737459753
-228.732584179009621
-228.731043809106694
-228.730555596883448
-228.729704634750362
-228.728446077619139
-228.726880267356449
-228.725281668420308
-228.723692440376254
-228.720537053923977
-228.719170422852471
-228.718191678847774
-228.716993948448646
-228.716034128992476
-228.715690726273635
-228.714397792988109
-228.713635716532423
-228.710321174587534
-228.709686803891287
-228.707542052147971
-228.705727676239377
-228.704172732659032
-228.703820110649389
-228.702552898286513
-228.701423258429401
-228.699936450082390
-228.698368393987522
-228.696344023687431
-228.694442943273572
-228.693500202012928
-228.692513788053276
-228.690597906204033
-228.687464922101555
-228.686504141620134
-228.685257324015083
-228.683502655655474
-228.681903247366137
-228.680048730586492
-228.678795418733870
-228.677031241305002
-228.674635210293928
-228.674087308191275
-228.671384433850591
-228.670358069905490
-228.668770942733545
-228.667655877766663
-228.667140285896124
-228.666437685431475
-228.664869168047090
-228.664434602636135
-228.662914746328681
-228.660945033678757
-228.659781241046232
-228.658185716101372
-228.656353456622895
-228.654983743012934
-228.652969875271623
-228.652473150455023
-228.649199523494673
-228.648154922745761
-228.645589363011140
-228.642986047357937
-228.641806152086559
-228.640603301795522
-228.639888106878402
-228.639144282687823
-228.637789430050361
-228.636761432469484
-228.634080976508756
-228.632628902190390
-228.631560395484399
-228.630586454707156
-228.630107734810395
-228.627401354670667
-228.626200246518266
-228.625583635354104
-228.624366522022655
-228.622843518964885
-228.619828599153720
-228.618473554411821
-228.616644124248865
-228.615835454304431
-228.613767194564417
-228.610814776483551
-228.608532871363963
-228.607411581767565
-228.605141813904538
-228.603525651892397
-228.602288705903987
-228.599830916658306
-228.598704892766648
-228.597021339018738
-228.596467689851181
-228.594069424101974
-228.592653428201231
-228.591178781455511
-228.588998381151441
-228.587973607428125
-228.585846550390528
-228.584819263759613
-228.583697077247223
-228.582512474236808
-228.580468785592871
-228.578728309053105
-228.575884975660955
-228.574229206114325
-228.573347775112381
-228.571878891288577
-228.570501929592950
-228.568761009795196
-228.567679231913274
-228.565940344561739
-228.564060129374980
-228.562983233854766
-228.561016562676514
-228.560210201183622
-228.557952380013376
-228.557111944873554
-228.555431859031671
-228.554053438029769
-228.553059651835753
-228.552149118288014
-228.549720857261747
-228.548543263878116
-228.548245196658002
-228.545978157887021
-228.543860491786205
-228.542552742898721
-228.541268691733677
-228.539344871587360
-228.535888807448487
-228.535442751817499
-228.533566304609081
-228.531894175388857
-228.530135289609234
-228.528218517338416
-228.527380299941058
-228.525898878140254
-228.524335698846244
-228.523242499269543
-228.521702295621253
-228.520541579166292
-228.519126660690574
-228.518762216531741
-228.518081259225681
-228.516532159573558
-228.514592594278668
-228.513807760927079
-228.512670712842436
-228.511276858143248
-228.509311583877007
-228.507761419163018
-228.506255124594958
-228.505687263391337
-228.502876384344603
-228.501834514222935
-228.501040325318485
-228.500599583735038
-228.499350803064488
-228.498310097787112
-228.496059727208689
-228.494999451190836
-228.493443605343799
-228.492313773774185
-228.488825071981580
-228.486780644322863
-228.486086542930281
-228.484142458806474
-228.482424556816966
-228.480169117139809
-228.479952510686530
-228.478776375957779
-228.477241999947978
-228.474858406921584
-228.473115247628726
-228.471790285221459
-228.470942255881852
-228.469985648177214
-228.468293421338188
-228.467190113878104
-228.466024241757736
-228.463693662156459
-228.463207411519079
-228.460818200881903
-228.459895589647488
-228.458518640670945
-228.457554462922587
-228.455387556843249
-228.454868884986439
-228.451603459300912
-228.449974473983957
-228.448502166961077
-228.446833165862898
-228.445741134587706
-228.443480023805932
-228.442951481304988
-228.441370987500051
-228.439451754142453
-228.438067760553963
-228.437463264831706
-228.436219841099472
-228.435188306552703
-228.434626271331354
-228.432860924672070
-228.431915854963819
-228.431014836246106
-228.428564839685095
-228.427792308510135
-228.426345439610770
-228.424600786132288
-228.423323010234583
-228.421463475260765
-228.419604816918309
-228.417585176799264
-228.417032065459864
-228.414218540455551
-228.413480255258321
-228.412462439515537
-228.410845572436159
-228.409952539837263
-228.406756157922331
-228.406143537921707
-228.405466649591062
-228.404843053015497
-228.403250393639695
-228.402610181653728
-228.399430353019795
-228.398438886271379
-228.396411647487355
-228.394692942407858
-228.392259846070743
-228.390801519254552
-228.390151437875517
-228.387943443240005
-228.386792676276343
-228.385409489653455
-228.384516536026013
-228.383314548887881
-228.382493005401784
-228.381158009981277
-228.379101551619982
-228.377523880286930
-228.376157894555917
-228.375213742015234
-228.373716610991607
-228.372196813777322
-228.370769605642067
-228.369194413123466
-228.368557153911922
-228.367030476797026
-228.366107235859545
-228.364465564406487
-228.363090582496085
-228.361891805410977
-228.360748062908613
-228.358193373435938
-228.356673204599304
-228.355111535184477
-228.353855409583986
-228.353212141110561
-228.350471323806943
-228.349050789399996
-228.346985605046882
-228.346632827829552
-228.342399138991851
-228.340988097624177
-228.339840613186851
-228.338979512056682
-228.337128496648916
-228.335410171497841
-228.334680867696221
-228.332603825839783
-228.331371927381554
-228.329461825861699
-228.328249475161471
-228.327486618944988
-228.325771432168921
-228.323803659802650
-228.323219773934682
-228.322048497802967
-228.319413525575499
-228.317947265690123
-228.317279964489643
-228.316376950209872
-228.315283774470572
-228.313047143144104
-228.311860954202984
-228.310253405369139
-228.309840011634748
-228.307054216234178
-228.305517253669734
-228.304949152632048
-228.303814669536905
-228.302769555580284
-228.301950020381611
-228.301496109719125
-228.300190511539711
-228.297500525678885
-228.297068629140028
-228.295332823691865
-228.294137006342282
-228.293270911633499
-228.291905125501728
-228.291503701454616
-228.289147511464137
-228.287532025509392
-228.286826514807672
-228.285330526336281
-228.282963268449805
-228.281337982298055
-228.280457371386575
-228.279719224489384
-228.277641689411780
-228.275297159443596
-228.273977170143951
-228.272927704661186
-228.270924484772735
-228.270000605324896
-228.268475552073653
-228.265938858712644
-228.264590653646167
-228.263041967805520
-228.262416466541396
-228.260644022709982
-228.259618108763135
-228.258065186753669
-228.257216458300007
-228.255737791002474
-228.252151019574569
-228.250960552750797
-228.249091136930303
-228.248388114674384
-228.246956787053875
-228.245512554446265
-228.244456355505122
-228.244076228373530
-228.242130203693677
-228.239590687639577
-228.238281639650779
-228.236707968289920
-228.235056503300768
-228.234025871373234
-228.233587437364434
-228.232221870984972
-228.229749424865730
-228.228206939822115
-228.224882154331567
-228.224018940066912
-228.222481868431032
-228.220413634029399
-228.219445992549055
-228.218106726932064
-228.216783185644601
-228.214964243289216
-228.213510924747681
-228.211925932575923
-228.210480500768710
-228.209980621554507
-228.209401515767041
-228.208503246783749
-228.206189636680080
-228.204356977848761
-228.203353082238067
-228.202373691468210
-228.200872052596708
-228.199130460089322
-228.198204228755117
-228.197015343735330
-228.196051146499684
-228.194906446711002
-228.192682663496527
-228.190977250582080
-228.190019968989361
-228.187459979416190
-228.186896339454620
-228.185168352852685
-228.184379382935134
-228.183404976465198
-228.182028366276512
-228.180884723237114
-228.179084234284005
-228.177367684106315
-228.175574410265455
-228.174376194243621
-228.171946595672125
-228.171046349148469
-228.169876390965300
-228.168302938493554
-228.166840903719930
-228.164326439812839
-228.162727289899948
-228.160809429520782
-228.160004418320057
-228.158597745202712
-228.156598319404765
-228.155883675481732
-228.154221062707080
-228.150953987304092
-228.149364094225689
-228.148218376150453
-228.146861396863727
-228.144748546719200
-228.143943131582802
-228.142680414203028
-228.141274795069933
-228.138443300371307
-228.137237132042742
-228.135906974027307
-228.134067756723084
-228.133125832979118
-228.129965397772281
-228.128259245094341
-228.127354593061881
-228.126479938646384
-228.124477955045279
-228.122653275511311
-228.122018878752755
-228.120669827562267
-228.117642319275433
-228.117170926616240
-228.115539914977205
-228.113969698578956
-228.112884661872670
-228.111079653310156
-228.109683174407422
-228.107426265548781
-228.105048655126382
-228.103823790206832
-228.102854769714412
-228.100831081813141
-228.099422791567520
-228.098490337770983
-228.096070543244224
-228.095144819348519
-228.094354434436042
-228.093329256931980
-228.090812894738008
-228.090333657532398
-228.088546443621908
-228.087662338537683
-228.086368913663705
-228.085005230000093
-228.082683323580483
-228.080834732315623
-228.079283424047020
-228.078451042172958
-228.077170789192166
-228.076102240566001
-228.075105847615731
-228.072712285474495
-228.071719189116664
-228.069512066399625
-228.067321288887996
-228.066566603495090
-228.065111354527460
-228.064021327000404
-228.062494231463546
-228.061412161424499
-228.059866452725799
-228.057769714462950
-228.056845061271872
-228.053368250092490
-228.052758901002107
-228.051297485816832
-228.050214836909277
-228.048297221205388
-228.046505919819566
-228.045166321955350
-228.043540423708976
-228.041224975032378
-228.039977378021575
-228.038032619316567
-228.037015256733696
-228.035181938116949
-228.032769220658935
-228.031187299212064
-228.030484763445088
-228.028332336561419
-228.026423332626138
-228.025140422184222
-228.023874506879309
-228.022440775845837
-228.021109879005081
-228.019428666229402
-228.018642761030264
-228.016594102929673
-228.015469255507213
-228.014772461443101
-228.013340875093292
-228.011851480507858
-228.009372096321869
-228.008378395405856
-228.007313630396709
-228.005503978025189
-228.002728873388406
-228.001095857897639
-227.998992129323852
-227.998140369120648
-227.996843562425369
-227.994902500078183
-227.992868899838783
-227.991011954703367
-227.989481954411019
-227.987092300750561
-227.985646578267392
-227.982866370359233
-227.982181014206589
-227.981366983951517
-227.978687878221024
-227.976854098097192
-227.975281554487793
-227.974628096714980
-227.972633514003832
-227.971753952052325
-227.969463343001109
-227.966699372630870
-227.965784713167722
-227.964015113774451
-227.962360313656433
-227.961314809018887
-227.960051136589783
-227.956289013742975
-227.955107105015685
-227.954468039754858
-227.951770995304145
-227.950895826000107
-227.948897504213107
-227.947998759459836
-227.946750037341616
-227.945352263140592
-227.943618285882081
-227.942182702321077
-227.939709489888145
-227.938182975877794
-227.936340110859589
-227.935545404567904
-227.934390079448548
-227.931955971029652
-227.931402259815400
-227.929775454965778
-227.929119124193079
-227.928376106259805
-227.925003576775566
-227.923948366867421
-227.921670284593489
-227.920035897147898
-227.917280059701937
-227.914839335341185
-227.912782772146215
-227.911514521629016
-227.906879085634273
-227.906325682424352
-227.904588380019590
-227.903328029701015
-227.898604298403740
-227.897529329324101
-227.895560144020834
-227.894284224744780
-227.892914719760114
-227.889211876087387
-227.888512145241833
-227.886104972925608
-227.885139321497689
-227.883232070563309
-227.881664136351390
-227.879188809251048
-227.876362425160721
-227.874275823854333
-227.873106716765278
-227.872444858389713
-227.871936790693354
-227.870283949334322
-227.869679360970366
-227.867599064052797
-227.866309334190277
-227.865383500539394
-227.862120537461749
-227.860467187885519
-227.859047433215096
-227.858567876723100
-227.856355666918631
-227.854528463308412
-227.853483136936603
-227.851719762738668
-227.849910904843767
-227.846075943583713
-227.844628965612969
-227.842575464536139
-227.840146175530805
-227.837927025979951
-227.836294577937196
-227.833748698619331
-227.831859603134859
-227.830715833262502
-227.829254545313518
-227.825736546102689
-227.824767741841526
-227.823250765514473
-227.821036150150604
-227.819214486477449
-227.818491167568965
-227.815003421117950
-227.812540810713813
-227.812172311949610
-227.809699685530461
-227.806688357472950
-227.806226087080461
-227.804776752509298
-227.802649425500903
-227.799884897470321
-227.796526079373621
-227.794921063032803
-227.793192218472143
-227.792239900219386
-227.790257598812929
-227.788925718878829
-227.787383761176756
-227.784436106364268
-227.784259460002914
-227.782891987722110
-227.779542671969267
-227.776719514365425
-227.775331223656679
-227.774031581502896
-227.771735895185117
-227.770912052278135
-227.769181084298708
-227.767577816770171
-227.766306774530136
-227.764238236776748
-227.763502463539851
-227.760785285807913
-227.759293949692534
-227.757932840406966
-227.757068071319367
-227.755336451182416
-227.751304927410672
-227.749865614132574
-227.747826319023346
-227.745478675213207
-227.743637083677271
-227.739610078015005
-227.738899484926719
-227.736229442646106
-227.734613501936508
-227.732457645219398
-227.731838108980696
-227.725894123796962
-227.724904748616979
-227.723123855358182
-227.721029032858098
-227.719147013808652
-227.718258467368145
-227.717397444408221
-227.714336926755124
-227.711779068321050
-227.711068981093632
-227.709916605589996
-227.708606870931334
-227.704769228100133
-227.702661819153349
-227.699834538791464
-227.697519893801086
-227.693741500553529
-227.692926315890418
-227.689382533986446
-227.684439388953678
-227.682088622731527
-227.680478412722096
-227.678079529078957
-227.675893623929881
-227.674670796210137
-227.672647410779007
-227.668971769379880
-227.666453998183528
-227.664744086399253
-227.662521160798462
-227.657758733199273
-227.655484132680584
-227.653895799734215
-227.652576571824596
-227.650098916362197
-227.645860968323660
-227.644091578133867
-227.640464411074504
-227.637950515321620
-227.636860583095938
-227.634120121748055
-227.632485677735048
-227.630207516316375
-227.628420497444893
-227.625071005000223
-227.623162149401622
-227.620114056464217
-227.617833853082345
-227.615570237009337
-227.611040816037303
-227.609115134784389
-227.606764691304505
-227.604954589882794
-227.603004750737284
-227.600652087376687
-227.599715411497868
-227.598071458113481
-227.594997999224944
-227.593996329279634
-227.593788067739666
-227.589361207181128
-227.587729986079182
-227.584690753554668
-227.582618500548932
-227.579050579924029
-227.577473645000310
-227.572920572702003
-227.570758732074324
-227.568935576540156
-227.567302741072268
-227.564229755236909
-227.561103542644389
-227.555141743715041
-227.553467648350505
-227.552354755054353
-227.550915653675588
-227.547676412250297
-227.545469123284192
-227.544585780857687
-227.542018019307250
-227.540021859453446
-227.537332452226963
-227.533621907482853
-227.530630694168480
-227.527807127408380
-227.524824421129694
-227.521730271091258
-227.519531511171920
-227.517154960754425
-227.515078883075574
-227.512518237194456
-227.509745830057881
-227.500886246025345
-227.499693361792225
-227.495766882359106
-227.494753785840658
-227.492924842602804
-227.490199646765063
-227.486874387592422
-227.483820515434758
-227.481582854900978
-227.478743560302320
-227.476905676966879
-227.473290237507626
-227.472337596809183
-227.470342591316836
-227.466701326255105
-227.464686426124047
-227.463291482826492
-227.461561605536815
-227.456833959437176
-227.455288266172886
-227.453069057555524
-227.450365155423867
-227.444181198753569
-227.439402292371852
-227.435760735910094
-227.433907759017472
-227.425883365023935
-227.422869792213987
-227.421651796827661
-227.416311730417021
-227.414531007369220
-227.411860213479827
-227.409804010656273
-227.407619897086192
-227.404228011997560
-227.403042272170609
-227.398916174285233
-227.397154006032849
-227.393995958896539
-227.392483882864980
-227.386787841524466
-227.384775586028894
-227.381300616490762
-227.378341462577936
-227.375473725578701
-227.373940839912194
-227.371715315711754
-227.369833644509271
-227.366504016693881
-227.363417446013585
-227.359789537007657
-227.358359686865583
-227.351356743300215
-227.348720935354038
-227.346064912027771
-227.343178393250014
-227.340743103644002
-227.336525073355830
-227.334705399966566
-227.332510835317123
-227.331531892108075
-227.328898212013740
-227.325865456198585
-227.320615759665884
-227.318833321942634
-227.313477828485333
-227.310234264357206
-227.308129306140586
-227.303901308356501
-227.303166971402476
-227.299003764703230
-227.297444035923093
-227.294097969009357
-227.289616465864697
-227.285945879547000
-227.283132508297911
-227.278241073127674
-227.275205244875394
-227.268454285439390
-227.267578539081285
-227.263048890396846
-227.260557788713754
-227.258125428554450
-227.257121134488443
-227.244917104735634
-227.243836107717669
-227.238814072250392
-227.236300344675954
-227.231849680073054
-227.227933816115467
-227.218517616390187
-227.215495858700081
-227.214211714999095
-227.213322557663815
-227.209183027042315
-227.203177391017505
-227.199569091113972
-227.194121480394188
-227.189980715489696
-227.185958755257133
-227.181970244370945
-227.180747547428041
-227.173703003725080
-227.171671136614890
-227.169906723683027
-227.165302579525502
-227.164141946658305
-227.162739133327079
-227.160166506097625
-227.156356820866506
-227.151893089192697
-227.145342465031433
-227.140165455139737
-227.138422362430589
-227.132130688278949
-227.128293313060169
-227.123524667045075
-227.118321490232006
-227.116973442827089
-227.113891221308734
-227.102330713331753
-227.098623468972932
-227.091579512731556
-227.090315790352975
-227.085693497928645
-227.077512510798101
-227.075836801621762
-227.066057812173938
-227.062304550010850
-227.060828861028568
-227.055914638070902
-227.055281769471264
-227.053636094041309
-227.047438954815078
-227.042593435448936
-227.035299244628334
-227.032659783232674
-227.027868465853146
-227.025431097181894
-227.022582025293303
-227.017461624572121
-227.013222760657044
-227.007588212417318
-227.005243752216813
-227.000609936721958
-226.998109641788545
-226.988100717421418
-226.982505555222218
-226.976603635336630
-226.974329893941643
-226.967197255411492
-226.964435804925870
-226.959082214937411
-226.955453019868344
-226.951781734416869
-226.941640421688959
-226.936457825589201
-226.928092439477581
-226.924873474688866
-226.921356940024026
-226.915656387236339
-226.913192500690343
-226.909630130041705
-226.905090254729430
-226.904314530976649
-226.897729108016591
-226.896910845811618
-226.891575066049171
-226.887692097163523
-226.882415346695012
-226.876544258724181
-226.861567830397888
-226.855566382427696
-226.853218137019184
-226.849755443897550
-226.844917566791111
-226.835619907836644
-226.832907800896066
-226.830510256241666
-226.821468391376840
-226.812184996954159
-226.809714815178722
-226.806173696220498
-226.803024660341322
-226.795339793576858
-226.793933396007617
-226.789063909206021
-226.778788477608487
-226.778432324852020
-226.766578194408936
-226.760005843313394
-226.752448644697722
-226.748772135180303
-226.742153360357577
-226.734707985301355
-226.732773005702541
-226.710599710940755
-226.702598540022052
-226.693271950189200
-226.688886330327904
-226.680327119266650
-226.672426253653384
-226.665103500596331
-226.661251459986886
-226.648337894524900
-226.645795154973541
-226.636334808545939
-226.629543524887140
-226.614700289257399
-226.609277700395126
-226.603250096059355
-226.598041673825747
-226.590369154581111
-226.583395499096923
-226.577723860715963
-226.572536337453727
-226.558705521117531
-226.532690147608719
-226.496380219826364
-226.491254320426435
-226.483609035644037
-226.477787952260655
-226.455934556251009
-226.449544651133351
-226.443931773620704
-226.434005830778034
-226.425182870145306
-226.402410708476822
-226.372084132616862
-226.357287792722104
-226.309560695092017
-226.308866544044463
-226.292026528557557
-226.267158724259843
-226.230611145976951
-226.214750025028138
-226.213411120495209
-226.144084538283437
-226.141001931963302
-226.092581135473836
-226.067796837604732
-226.059160026248264
-226.006056819142060
-225.996679838736384
-225.977343904466295
-225.887061968623527
-225.851694348166689
-225.832933283439274
-225.685281732529461
-225.630205807897909
-225.544650165346212
-225.461387477364610
-219.758091225513624
-219.753655490136964
-219.750569246931633
-219.746754655319791
-219.745763812543942
-219.742853334719854
-219.570919575795017
-219.566303807756896
-219.564218006299939
-219.562439965868350
-219.559800360220663
-219.535337278464880
-219.505863030641081
-219.498220899058992
-219.495541199721458
-219.493435709204789
-219.490443987899170
-219.481812160321056
-219.457690289030438
-219.448085522022353
-219.445286305745014
-219.444863471435696
-219.442811237287145
-219.442180980601563
-219.440207994604549
-219.438569360197960
-219.438031595221730
-219.433277265786614
-219.429756479200023
-219.428552010440683
-219.428436957041299
-219.424843442093533
-219.421588557959865
-219.419521887229763
-219.418051085863226
-219.417793430120867
-219.417413576775004
-219.416818407420919
-219.413874028996531
-219.413384952744707
-219.412945449329072
-219.409310659080944
-219.409265519470978
-219.407687663944671
-219.406695417271578
-219.404506408020438
-219.402608830473810
-219.400911497483406
-219.399147022223360
-219.398742300940938
-219.397452360272041
-219.394689942329421
-219.392347871990069
-219.390347321676245
-219.389103621037520
-219.386535098974605
-219.384396507383371
-219.383517038728201
-219.382622349198698
-219.380319644008836
-219.379913498139274
-219.378783188577955
-219.377748407412611
-219.376705114187104
-219.376504780340611
-219.375717961841048
-219.375096221005720
-219.374280475236219
-219.373083852566083
-219.372980733379052
-219.370992013933034
-219.369760825591499
-219.369334433449552
-219.368982577865836
-219.368187745391140
-219.367530425553184
-219.364498271080720
-219.363855086322729
-219.362991071063220
-219.361225001736415
-219.359632383295320
-219.359471618330787
-219.356763848626400
-219.353767362090650
-219.353448460951199
-219.351453645630954
-219.348328898939116
-219.347825735028579
-219.345908054475103
-219.344795456023604
-219.344272848353484
-219.344145746595558
-219.342766140528170
-219.340260565126215
-219.339868373613285
-219.339750174183990
-219.339522639309791
-219.338503343288949
-219.337351953027053
-219.335901357452741
-219.335734618976431
-219.334232100992523
-219.333502438349996
-219.332540805442250
-219.331904648339076
-219.330800409518389
-219.327597074546958
-219.327023461362785
-219.322885878009856
-219.319081224796349
-219.316846719287895
-219.315741384958557
-219.312839234428310
-219.311247113727063
-219.311211427034493
-219.310733385891496
-219.308114753832825
-219.307074758572469
-219.306956419890810
-219.304870535033928
-219.304088653295452
-219.303962335257495
-219.303417152826853
-219.302311860535269
-219.299210203127586
-219.297728317500855
-219.296807720777707
-219.295967475794015
-219.295515669695021
-219.295200659205165
-219.294771283501120
-219.292993213548186
-219.292646309879530
-219.291779106737323
-219.289696293039754
-219.289044901171138
-219.288752319733618
-219.288653826735526
-219.288425896965038
-219.286499542268587
-219.286078286582978
-219.283600321341453
-219.283544916958562
-219.282290918397194
-219.282098195014811
-219.280589293229411
-219.280320149556047
-219.279588111647143
-219.277270746674304
-219.276391147009747
-219.275966248752212
-219.273536986149310
-219.273339168065547
-219.272222759200787
-219.271963970108288
-219.269146794261474
-219.269025358267754
-219.268674060994243
-219.268149829297101
-219.267037615415859
-219.266248155713640
-219.265560651927927
-219.264585231177023
-219.262166736829442
-219.260525751525734
-219.259894633317089
-219.259491532185280
-219.258882816820091
-219.257937327231986
-219.251885169127803
-219.250846715487114
-219.247448009018200
-219.247284682802842
-219.244333597385719
-219.242834046338743
-219.242262394710053
-219.238132188377961
-219.237126375046927
-219.236035797186048
-219.232452965254225
-219.230955520842429
-219.230411566534485
-219.229717895621263
-219.226205327065514
-219.225789653144346
-219.224431173513494
-219.222840961006142
-219.221693999953459
-219.220588642736772
-219.219570533894398
-219.215997756719673
-219.213684650684428
-219.212872767548077
-219.212145776151857
-219.210959559690991
-219.210465800488834
-219.207946914495352
-219.205222073741908
-219.204025309124233
-219.202706598291627
-219.202352802700091
-219.199664407380340
-219.198732073173716
-219.195398746732366
-219.195325058701002
-219.193429609041601
-219.191466402919872
-219.187366799580104
-219.184707593551479
-219.183482975664077
-219.181219229584372
-219.173749014899300
-219.170925755388765
-219.167305823376665
-219.165199775309986
-219.162225266629150
-219.159088721828397
-219.158278564136225
-219.155514307430622
-219.153835593197897
-219.152632643852996
-219.149669634898487
-219.149575517654256
-219.146941029522850
-219.146661444965872
-219.145355210998474
-219.143382229607255
-219.140965625581430
-219.137341377369864
-219.136866951600524
-219.136852579719971
-219.136728235313115
-219.135305446140222
-219.132764466370134
-219.131612590240650
-219.131305237904542
-219.129735619554140
-219.128139440742245
-219.125192898603387
-219.124769338118625
-219.123197063291570
-219.122128741116398
-219.121281400351734
-219.118963736962598
-219.118160296791103
-219.115730857643825
-219.110854660099591
-219.110662137880297
-219.109935400689096
-219.106642339911389
-219.106190119882854
-219.105022388573104
-219.103385536239244
-219.101507057142953
-219.099509764253042
-219.097660969073132
-219.095618441721172
-219.094329326712312
-219.092930984981365
-219.092610231970127
-219.092533431065419
-219.092184952279894
-219.091361396494278
-219.090229507403080
-219.087508259277769
-219.087369358434955
-219.086726415764815
-219.085558024919379
-219.084084107710083
-219.082157487589029
-219.081765747778348
-219.081112488428914
-219.080974715708038
-219.079289631690528
-219.077107551078313
-219.076528769977671
-219.075482358311149
-219.074901287489013
-219.074395959879951
-219.074142842428273
-219.069052218451787
-219.067085031024476
-219.064958453160244
-219.064300464096277
-219.063977888883329
-219.063610970774761
-219.063592066540991
-219.062274431151025
-219.060342981586132
-219.057477036554332
-219.056369913484673
-219.055749825256811
-219.053161680440752
-219.052538289752562
-219.050530765813335
-219.046352036040133
-219.043581219849557
-219.039212912595787
-219.036806392313082
-219.035590457000410
-219.035385256122481
-219.035227324143136
-219.032936722649197
-219.028627825800015
-219.026668535274069
-219.025400380548348
-219.023971350668461
-219.017066721520365
-219.014324287698628
-219.013944547632889
-219.012886443571716
-219.008577075234399
-219.007522525520585
-219.005692535264359
-219.005465900581214
-219.002439948527012
-218.999583453934889
-218.998525555777235
-218.997593524250107
-218.992026111538934
-218.990038055416761
-218.989944970096758
-218.987663807729405
-218.986368307854576
-218.985489852515229
-218.985140497508496
-218.984562452157235
-218.981609725405576
-218.980400031496231
-218.979215411800169
-218.978254686155651
-218.977635598663966
-218.977112063636781
-218.973942586212075
-218.969683473318980
-218.969336839477648
-218.966704236323238
-218.965816336116802
-218.965606566360464
-218.964489844119299
-218.964214054030151
-218.960974096672516
-218.960042205339448
-218.959416088428810
-218.958051453032823
-218.956777290193884
-218.956188747544161
-218.953760099500300
-218.953324551334475
-218.951172278303915
-218.949795878120426
-218.949018814008639
-218.948721033776167
-218.947777363507697
-218.947672096521899
-218.942024519557322
-218.940734503836268
-218.940484992221343
-218.939103384512379
-218.932778917508415
-218.932156966120601
-218.930174385585644
-218.927972740150466
-218.926811207069846
-218.926501773515923
-218.923920424544093
-218.921065794588344
-218.920360742053646
-218.918207509076893
-218.914596347000099
-218.913910894865580
-218.913354855149606
-218.912698125411936
-218.911252761817678
-218.902904058998502
-218.902486908266837
-218.901511298628435
-218.899182562750781
-218.898545249834910
-218.894311597679746
-218.892373706971284
-218.891694366502918
-218.889749717850549
-218.889600704664218
-218.885413742575167
-218.884309580214335
-218.880349835004836
-218.879387507834394
-218.878954206316706
-218.877820706953287
-218.875241523574942
-218.872495155244053
-218.872304244461191
-218.872005105858165
-218.868421123032448
-218.867949212362561
-218.866420638450307
-218.865726456499232
-218.864543898780909
-218.861648257110005
-218.860242843967796
-218.857291025945642
-218.856780789337876
-218.855238607280512
-218.854562980192867
-218.852571554940823
-218.852383200825841
-218.848452815504800
-218.848004303442536
-218.845646077595092
-218.843880823114461
-218.842189633461885
-218.841534084515843
-218.836826848766520
-218.835483788082541
-218.833927231812993
-218.831617616882880
-218.826316456787026
-218.824811756493602
-218.821017886491290
-218.816412157841370
-218.815965465358659
-218.811690885725568
-218.811466864499295
-218.809284957445726
-218.808347282593871
-218.807861147889923
-218.807268921097375
-218.806941683723295
-218.805366875677947
-218.802470364214372
-218.801729994641249
-218.800957240984673
-218.799300189405471
-218.797586504306992
-218.797436431447466
-218.791767051955816
-218.791017547253432
-218.789948997316600
-218.789126311385132
-218.788420513333222
-218.786832431767550
-218.786143697258780
-218.783225599728468
-218.781508204392253
-218.777176308122762
-218.777111159763905
-218.776794714932521
-218.775917019076132
-218.775371361587645
-218.771900748956028
-218.771705712122809
-218.766879671263496
-218.763887380002274
-218.762082073626743
-218.760651706955628
-218.759097495696011
-218.753384640206036
-218.751572073379464
-218.749866127343012
-218.748512986947048
-218.744834259992956
-218.743473687300110
-218.740902430801441
-218.739232545813337
-218.737515295095022
-218.736914433735734
-218.736145944726360
-218.735510740397586
-218.731184511616306
-218.728957306513934
-218.724524444765734
-218.724479156638296
-218.721630001799582
-218.720402311573423
-218.718482012281498
-218.717649397408962
-218.715757171932154
-218.714560906923651
-218.710233812588484
-218.705669180695622
-218.704435209466112
-218.703336487297634
-218.698582240480278
-218.698243795191416
-218.697720000277002
-218.696112029617211
-218.693804420769141
-218.691957441721058
-218.688874821073057
-218.688845244779174
-218.688626200662952
-218.686802915915649
-218.686327373827055
-218.685251860872853
-218.681459140833880
-218.681366660444553
-218.679406646932222
-218.676816289216248
-218.676024290895924
-218.673891027726256
-218.672926985056279
-218.671956772447572
-218.671844437162918
-218.670222889165132
-218.667033285461883
-218.664111272236482
-218.663992099777801
-218.662935009568514
-218.660486174663504
-218.658062344371615
-218.657215773819303
-218.654542115143784
-218.653901256861133
-218.653560770988520
-218.652355915753390
-218.651503410524043
-218.641247815006636
-218.641193827428140
-218.640196579994182
-218.636998941267393
-218.636697571145334
-218.635591789563023
-218.633155021269118
-218.625595020896242
-218.624987363971456
-218.624579813453096
-218.624546176132441
-218.621620223667776
-218.619881648941941
-218.618399853359506
-218.614701679364231
-218.613083794428292
-218.610007529939082
-218.606640793394661
-218.605104461695447
-218.603355967741777
-218.602600543375331
-218.600279310170379
-218.592055478968689
-218.589193690616298
-218.583835783680030
-218.582009336172661
-218.577008608716056
-218.575486525903528
-218.575143157147494
-218.573577189465112
-218.568217799583294
-218.566426390062105
-218.564977418441856
-218.564335351400331
-218.562432969989288
-218.561786588027076
-218.557390593003646
-218.556976458107385
-218.554608500838725
-218.554009848698172
-218.546488007009600
-218.532048046370051
-218.528865044193878
-218.526228406627439
-218.524607963257466
-218.522396139693825
-218.515989131787933
-218.510032577691021
-218.509654178698014
-218.508922700583298
-218.505236881421069
-218.503872791371009
-218.487858738470266
-218.476858706035046
-218.470460005685510
-218.463225753949388
-218.462689476916836
-218.461620008603035
-218.459120550127125
-218.437510683899603
-218.428080334715787
-218.426320159226464
-218.424489195451173
-218.423429231833438
-218.422055029449950
-218.409758569204286
-218.406803117942360
-218.402533627684960
-218.402051071950581
-218.396452507084206
-218.394889031939556
-218.366136696189159
-218.358487994115848
-218.355667034792134
-218.352207125252590
-218.347833230873050
-218.346574507807873
-218.345775733750600
-218.340031724329492
-218.335468852454881
-218.332270058868687
-218.331586608981638
-218.330431280998909
-218.319654668905287
-218.314704660686914
-218.311031525217913
-218.305469257294078
-218.298350603205961
-218.293093145490161
-218.288369674650227
-218.287191498785205
-218.277849053358409
-218.275811045837088
-218.275773282557708
-218.273847045761102
-218.263987813927656
-218.263504961021653
-218.262956074466359
-218.256641005490621
-218.254591531648259
-218.245488905094902
-218.224646307942663
-218.213370108245243
-218.211797272896604
-218.200412711669884
-218.200021108821460
-218.198662055243574
-218.197114040742662
-218.196830228036447
-218.195665456206200
-218.190951683981496
-218.190160187777337
-218.187550926881102
-218.186665514574344
-218.184850681628262
-218.179768796057232
-218.172042655754382
-218.170001890027834
-218.166062549511196
-218.165154923611169
-218.160104201536058
-218.158155392960310
-218.156313385434714
-218.153320925992460
-218.150439764529267
-218.149244391667395
-218.146899156286167
-218.146510949785636
-218.146153177431074
-218.139892419426815
-218.133898126326670
-218.131678435558882
-218.130187373373474
-218.119072968551365
-218.117836678150127
-218.116024557298772
-218.110863601071969
-218.089043941620019
-218.087953240576155
-218.086533444038338
-218.085792867567704
-218.084872727869595
-218.070071630743001
-218.054375987929632
-218.050362980049442
-218.049733264168708
-218.044539794479817
-218.040024809387688
-218.038990836475648
-218.025720038881730
-218.022225859049144
-218.021742193787503
-218.018153620268180
-218.015415564373910
-218.014637370971627
-218.013941498006773
-218.009265312215376
-218.008891898380341
-218.004153974385645
-218.000143279622421
-217.999037759666408
-217.986237929156658
-217.981739847680217
-217.981691323302385
-217.981158642716622
-217.976241983440332
-217.974449704035891
-217.974283297948347
-217.973712170828520
-217.966742982732512
-217.964464465550321
-217.964034548578923
-217.962999610756867
-217.948760610967952
-217.945580077020878
-217.944860402267864
-217.944836677837202
-217.943771733101670
-217.941265099745834
-217.933776146327233
-217.933070120105924
-217.931157976904359
-217.927189454491781
-217.920678170005630
-217.920132779020861
-217.917158554768378
-217.913838827509807
-217.913477569545819
-217.912421282797482
-217.912083326174724
-217.906319803385912
-217.903839629079982
-217.898849281609216
-217.895895563305572
-217.892652796011049
-217.884969732021460
-217.883881700424979
-217.872653273187723
-217.868902985690852
-217.868712276216513
-217.863408674610298
-217.860925138181329
-217.859233377390950
-217.857628283355524
-217.854601272457785
-217.853506644170835
-217.849611525383381
-217.842875412424831
-217.840833241478492
-217.833655175510984
-217.831026245461061
-217.830549132895214
-217.828709855304481
-217.826956666191876
-217.826505968005392
-217.823328204642166
-217.818926502757478
-217.812559337498470
-217.811127306547888
-217.808696671594589
-217.803508408902474
-217.798609961155336
-217.794042727322307
-217.787870084858241
-217.784414068487195
-217.782287797197853
-217.782046244188564
-217.781228803561646
-217.779697959465693
-217.777167524765360
-217.767324582901352
-217.766728866510960
-217.765586564432226
-217.759299883248474
-217.754118577085620
-217.749416721200816
-217.748111805596551
-217.743664900517160
-217.741909353329675
-217.737601721144102
-217.729115111193948
-217.721331832559343
-217.721268326198214
-217.720684383838545
-217.714673543061991
-217.714079664765052
-217.710094698590183
-217.709183580422433
-217.707525531851275
-217.697197857315473
-217.696888620754066
-217.693304502083521
-217.687647350597047
-217.687430295020306
-217.683058320375892
-217.681339558597102
-217.678206015739562
-217.675196565626379
-217.671820083926264
-217.669812075504979
-217.663905010880626
-217.661772273741690
-217.657982164785864
-217.653290737674098
-217.648946921723223
-217.645969316601509
-217.638896617457220
-217.637398323737102
-217.635926712065697
-217.634556719780761
-217.634479339911991
-217.629485798161880
-217.626386916992800
-217.626047391601901
-217.622080218264500
-217.620858387300018
-217.616880360584190
-217.612756215216365
-217.606516139290562
-217.602329100855513
-217.602301372883460
-217.592171718203446
-217.588693027166670
-217.583676017022782
-217.575156384486036
-217.570129666339710
-217.569815943258305
-217.569247840800415
-217.563394516935688
-217.561847769805638
-217.560157337582325
-217.553296387088920
-217.547118677973458
-217.546979840708303
-217.544778480845395
-217.540551176890176
-217.534224753130644
-217.533866135327742
-217.530099999334595
-217.527936380880703
-217.526774405036804
-217.524842626899726
-217.515003781769678
-217.511244106446668
-217.510215397055646
-217.510010016627803
-217.507470613676020
-217.505401087364788
-217.493145022391559
-217.485962538365186
-217.485294587810756
-217.483067673312490
-217.482726565054890
-217.465934935123613
-217.464522162636797
-217.461897618163789
-217.450242343201268
-217.449718811948486
-217.449122982160901
-217.446264551866392
-217.445168109229911
-217.438476754024123
-217.431019986365868
-217.424771166102516
-217.419525178253110
-217.414780498647843
-217.413057374735416
-217.409946668100162
-217.409260143661271
-217.388698198021245
-217.387851235098282
-217.385305944019734
-217.378406990483114
-217.375580672059982
-217.369749663481798
-217.369064789186638
-217.364218711396120
-217.357864301627501
-217.350654601708953
-217.348929431173616
-217.344779622562584
-217.336132948103312
-217.333170463765100
-217.331744440146394
-217.329189431417433
-217.328507250834235
-217.325873793101493
-217.323641353193040
-217.319062347755477
-217.318239820126934
-217.315562971137240
-217.313435414066106
-217.309744844377406
-217.308045117961228
-217.307194311239869
-217.297353685748845
-217.284910722228005
-217.282499187507597
-217.278225119712829
-217.275484061207635
-217.274103687287237
-217.269339236771344
-217.259490620633272
-217.258558442255236
-217.255346578863794
-217.254016393059061
-217.247963667444139
-217.244075734625653
-217.242301723058830
-217.239420842807647
-217.229137559546757
-217.223743803575957
-217.222471220215397
-217.218701099751172
-217.217176851657655
-217.213674693713159
-217.208906402615128
-217.196600089182340
-217.190494236964412
-217.184912028296026
-217.183217857965019
-217.182621104197096
-217.181355931265500
-217.174937323020742
-217.173743726315877
-217.162431901953795
-217.161277964794863
-217.155518741959156
-217.154052845177233
-217.149497162879499
-217.147827307894488
-217.140184218390175
-217.139073110678424
-217.132622702851364
-217.122821756682100
-217.080464655950919
-217.078495456459166
-217.076670729061050
-217.075221507212063
-217.067970937065866
-217.065088140454151
-217.060006053406568
-217.047934936399002
-217.047254625562687
-217.046690618797669
-217.041256502674514
-217.041120011736268
-217.039972557590318
-217.034410872226658
-217.032615811405833
-217.025788704780012
-217.024362631389664
-217.001392883904828
-216.981215279851142
-216.979904930784727
-216.978100021878106
-216.972425111540190
-216.962412645862372
-216.936086249684507
-216.919311841656082
-216.901919950477719
-216.890642532940433
-216.886445748987910
-216.879172038642167
-216.874200143324742
-216.868459473136625
-216.851777869101284
-216.838914525901657
-216.830305084364596
-216.810253576787005
-216.795069770691953
-216.794917037353173
-216.793900409322305
-216.790481508066392
-216.781169176878706
-216.773591686629260
-216.770768340033243
-216.760938914313869
-216.757390453282568
-216.756505507557137
-216.744106180695525
-216.741679679609263
-216.741038424279196
-216.726412439338702
-216.707465927333743
-216.705648354393588
-216.701860692074007
-216.697200793929994
-216.695374935087870
-216.689879369432532
-216.672480407333978
-216.666826200869025
-216.657846307384347
-216.654857016879305
-216.646922714358084
-216.610719337032265
-216.599040056251482
-216.590884692166043
-216.588328709338327
-216.577469736106309
-216.565763662758741
-216.546873189056925
-216.514252507567875
-216.509612112121033
-216.504222054023131
-216.488529457194232
-216.468658997156012
-216.466805833009431
-216.450516320654003
-216.442081059687041
-216.431307759431235
-216.419989266773825
-216.411664821977269
-216.399680045063405
-216.383505670341464
-216.377399256464884
-216.365483532412185
-216.361409312522909
-216.344009500069888
-216.325764396082803
-216.309850997145816
-216.296952371422321
-216.287718255296681
-216.279514051018168
-216.277659061112701
-216.213103705402517
-216.206983311280055
-216.197227383145275
-216.195570825699804
-216.189234236162150
-216.185877416425200
-216.177133709732743
-216.142006000003619
-216.130792817520756
-216.130655275544626
-216.121841234382543
-216.113168718556381
-215.987709680472534
-215.975921701213906
-215.973260850541863
-215.968001188692227
-215.965933890451737
-215.963862581345722
-215.391077445598398
-215.389838002147854
-215.381204570446300
-215.380120538972960
-215.370699652452942
-215.362144532197306
