-230.488572313928813
-230.481843502161098
-230.465283029656490
-230.461317404448948
-230.447981975643131
-230.441232188469144
-230.439261141165019
-230.431390906878846
-230.427425908497185
-230.426415534641421
-230.420572654013228
-230.419296851325470
-230.414974761641787
-230.413410607306218
-230.404254014267593
-230.403223099816245
-230.401791130005250
-230.397647895989905
-230.397166893550576
-230.392455374904870
-230.378403701236266
-230.375746771246497
-230.374174009630480
-230.371177787935210
-230.370087336525330
-230.365935347400409
-230.363007775984926
-230.361362741650055
-230.357872925955945
-230.356314147408085
-230.354686254424223
-230.352913656317639
-230.352630957020011
-230.346880386272005
-230.344837332919809
-230.342490845933042
-230.341810183865903
-230.340254685362993
-230.339651698212549
-230.337594539548633
-230.337017949828407
-230.335823973921237
-230.334933959687532
-230.329107794401324
-230.325529429819852
-230.324021434271572
-230.321915141275099
-230.320914321402881
-230.319605570594462
-230.317358928557468
-230.316478789018930
-230.311097011686172
-230.308972614853474
-230.307587035661101
-230.305645489750475
-230.304788174174718
-230.302251312184808
-230.301564480447382
-230.300413179818207
-230.298697796947607
-230.297304597974403
-230.294997776548655
-230.293489741238204
-230.291698355255789
-230.290010917045976
-230.288047830347836
-230.287591878530435
-230.284911708803378
-230.282012870181120
-230.275236755967910
-230.270335837552295
-230.268474049543386
-230.265656145598484
-230.263047121625021
-230.259211790779602
-230.257215616876891
-230.255948378054597
-230.253911081588569
-230.251841335653694
-230.250466826904471
-230.249611303541656
-230.247323532110187
-230.244073313374031
-230.243384080474243
-230.241003344137710
-230.239612640247259
-230.238751399954566
-230.237841644201865
-230.236072088520018
-230.235704463306178
-230.233926428381267
-230.231935045052410
-230.231393117230169
-230.230850307539129
-230.229181068420559
-230.228985357233256
-230.226606200723779
-230.225644357222023
-230.223698040021958
-230.222133979629120
-230.221665503924697
-230.220730087195847
-230.219845678744008
-230.218555705922938
-230.218141261131223
-230.217698617841251
-230.216625624238532
-230.215568240615710
-230.213856695029165
-230.213533524772544
-230.211774317164071
-230.210880234847025
-230.209367073516546
-230.208622767108125
-230.207929568082136
-230.207457421833794
-230.203881581223783
-230.203309362479899
-230.202525568422686
-230.200109784314407
-230.199134416155800
-230.198077493596145
-230.197632660531895
-230.196639181102654
-230.194090278363859
-230.193615931499949
-230.193404380844839
-230.192120932717074
-230.191661118860026
-230.190391654364305
-230.189786745593779
-230.189353976199669
-230.188810725500474
-230.187322867133616
-230.186993787658878
-230.185949603298553
-230.184201069236451
-230.184041017694142
-230.182597734242790
-230.182206842596742
-230.181367649192168
-230.179917640564469
-230.179448623244980
-230.178918614267388
-230.178024829614174
-230.177353795744665
-230.175999844456356
-230.175460100245573
-230.174776648726464
-230.173811811510461
-230.173092434137146
-230.170527921844808
-230.170025941263674
-230.167928210200159
-230.167139678737527
-230.166596829127315
-230.165791527804799
-230.164417839246227
-230.162564296839946
-230.160402053840329
-230.159576001642762
-230.158720287874246
-230.157764220492197
-230.156209638627018
-230.155935975513756
-230.155296784129774
-230.154412152428307
-230.153426556047009
-230.152873906881666
-230.152255078204263
-230.151551542785143
-230.151195195076809
-230.150409781497189
-230.147861794449454
-230.146929894858516
-230.146375569481847
-230.145887342423606
-230.145213804678235
-230.144406511565279
-230.143654371720828
-230.141569223052585
-230.140705570669581
-230.139563076884144
-230.136348873579976
-230.135731849452753
-230.135212511027106
-230.133360722413272
-230.131801155648759
-230.129104688202204
-230.127884802908852
-230.127085490501116
-230.126000070136541
-230.125025693281515
-230.123821960322829
-230.123445592082476
-230.121447443258262
-230.120454848280048
-230.119156067162265
-230.118117468339278
-230.117428294175852
-230.116941928768824
-230.115716130362358
-230.114269281002379
-230.113437147960411
-230.112289369742797
-230.111825125932938
-230.111199201127732
-230.110414780727325
-230.109299893402266
-230.108823953216955
-230.107382493786616
-230.107329782270227
-230.106520859466485
-230.106208769086408
-230.105520607326270
-230.104145729672496
-230.103749335472202
-230.102541045694863
-230.102336495986208
-230.101467505502114
-230.098028830696961
-230.096797358630340
-230.096383514978470
-230.096197219034764
-230.094962585879841
-230.094117738200936
-230.092685166352737
-230.092134661891777
-230.091428075915701
-230.090457264683067
-230.089887404170895
-230.088912584715132
-230.088075595946918
-230.087294284013808
-230.086645872555096
-230.085963895250813
-230.085552188735136
-230.084638461095267
-230.083978339072644
-230.083531238990304
-230.082406985998631
-230.080987042871527
-230.080344179585381
-230.080082612512143
-230.078127573794205
-230.077309141442953
-230.076596515793966
-230.075712641258548
-230.075135882366368
-230.074527821142226
-230.072974076392768
-230.072320009775808
-230.070540893055210
-230.069913510776018
-230.068963575917593
-230.068153242966531
-230.066831426682967
-230.066512421722450
-230.065063846561173
-230.064549669544249
-230.062868662940019
-230.062703288491065
-230.062101114406403
-230.061529300083862
-230.061238425168511
-230.060325575169429
-230.060079840290058
-230.059031353257041
-230.058151096098015
-230.057719286204929
-230.057241551320601
-230.056856738260166
-230.056194655021613
-230.055637639735295
-230.055347345767075
-230.054213882705909
-230.053713689482237
-230.053217162065465
-230.052352291274502
-230.051831409578114
-230.051308395705746
-230.050843089712828
-230.050236153529028
-230.048981298364055
-230.048088200576416
-230.047729067467202
-230.047043233592120
-230.046410670731831
-230.045583733317244
-230.044882633740997
-230.043714500855003
-230.043043535529563
-230.041306587743605
-230.040880516724144
-230.040324284413032
-230.039403407176508
-230.038216638000790
-230.037365123763607
-230.037016754442419
-230.036126323387293
-230.035693548252851
-230.035000994628547
-230.034363056785850
-230.031976243658391
-230.031280748000967
-230.030605753542062
-230.030141968946168
-230.029228193693399
-230.028257976275313
-230.027432556631226
-230.027039959247730
-230.026612992367717
-230.025490086540401
-230.025253071627532
-230.023654523419452
-230.023424946121281
-230.022218364559393
-230.021549355433308
-230.021021070915424
-230.019754064701857
-230.019018273464894
-230.018720160823023
-230.018258751186437
-230.017159618478615
-230.016153301230702
-230.014944896141344
-230.013629435855080
-230.012877209381003
-230.011287655765216
-230.010661906336821
-230.010486004996096
-230.009004900400953
-230.008437206422684
-230.007090145868091
-230.006050448311271
-230.004053480405133
-230.003608649011994
-230.002376768002819
-230.001749681247958
-230.000392245610271
-229.999976739696478
-229.999437882623141
-229.996167802249801
-229.995151238128386
-229.994408028078084
-229.993748236677391
-229.993213030883112
-229.992806742783415
-229.991705741592313
-229.990953038057228
-229.990648121281737
-229.990446174761047
-229.989768051256874
-229.988615213078134
-229.988075533429452
-229.986781890534218
-229.986135043218866
-229.985401153029386
-229.984730091598976
-229.982948029429991
-229.982601962998302
-229.981462132696265
-229.980579929405309
-229.979955821161695
-229.979005980859370
-229.978819804311229
-229.977067133619130
-229.976241079745478
-229.975440626941690
-229.973614072548145
-229.972651120848184
-229.972031101594695
-229.970842083054947
-229.970428909251922
-229.970174844132885
-229.969606428014515
-229.969050178718049
-229.968243068797108
-229.966689775562713
-229.965789507449159
-229.965090547702715
-229.964168652600705
-229.963121328161151
-229.962399552684758
-229.961816539050972
-229.961431952692294
-229.959873475853271
-229.958898821279064
-229.957587354077219
-229.955833583984713
-229.954905406751891
-229.954175944073853
-229.952961975825133
-229.951434814044148
-229.950281231293786
-229.949705866824928
-229.949586883228847
-229.948903001082442
-229.948676159102490
-229.948147783259060
-229.947320937594441
-229.946756761646043
-229.945506628259039
-229.945021010207455
-229.944315715246205
-229.943862596327364
-229.943441243392698
-229.943301209521763
-229.942579774963122
-229.941995478779063
-229.940946943689852
-229.940306818159399
-229.939367801640685
-229.936725927153077
-229.935857025827005
-229.935261573132465
-229.933626708893314
-229.932876560516775
-229.932010370639119
-229.931575278394888
-229.930341587591016
-229.929994556677400
-229.929175611918538
-229.927605772831441
-229.927216438971527
-229.926657748125393
-229.925845757841046
-229.925632549018161
-229.924683127474395
-229.924384264983956
-229.923658163189685
-229.922532803220463
-229.922222865677668
-229.921466470581976
-229.920667586527372
-229.919839033647179
-229.919529328284426
-229.918182043401259
-229.917538143990157
-229.916950465396724
-229.916143080241028
-229.915572870984278
-229.915188662150513
-229.913992025328440
-229.913444197905704
-229.912621897534166
-229.911522548738844
-229.910802341162849
-229.909379763866809
-229.908789749958999
-229.907883327921184
-229.907411745364357
-229.907008615504537
-229.905769377258594
-229.904624970297192
-229.904117887226590
-229.903655548765499
-229.902946301218577
-229.901855757327809
-229.901261141026112
-229.900553053071462
-229.899372158033259
-229.898581099118076
-229.897309124440056
-229.896433544621914
-229.895795396927213
-229.894284651151025
-229.893943073655123
-229.893124647971405
-229.891815633121496
-229.891083490707388
-229.890471447751281
-229.890081258726127
-229.889597340455879
-229.888471665854269
-229.887398845957989
-229.886503463735608
-229.885142388254366
-229.884572278682015
-229.883415486555720
-229.882559121293554
-229.881194279908954
-229.880793662284816
-229.879532525125541
-229.879030120376797
-229.878236656107191
-229.877995658557381
-229.877109241286149
-229.875424633954339
-229.874767326419430
-229.874098156630993
-229.873316513943848
-229.872415054321067
-229.871661913481432
-229.870096223602303
-229.869295856776347
-229.868340426449976
-229.867324780560722
-229.867059698595398
-229.866565082670462
-229.865788213356240
-229.865244408802567
-229.864913800244153
-229.864561459641067
-229.863814685924609
-229.863008440097929
-229.862471342064254
-229.861965236326995
-229.861486878367202
-229.859919943533640
-229.859517761281779
-229.859074321592118
-229.858383890861660
-229.857317405175309
-229.856853849474874
-229.856543925087578
-229.856026997962147
-229.855547900830430
-229.855025874149220
-229.854591183081936
-229.853611513967849
-229.852827494899714
-229.852281401043484
-229.851837558989644
-229.851148791128992
-229.850548344291667
-229.849999163966004
-229.849958173574265
-229.849499560908527
-229.848788457576518
-229.847896449470653
-229.847689604624890
-229.846762365664176
-229.846497925871375
-229.845550982995917
-229.844715548620883
-229.844435298686733
-229.843108364058850
-229.842692634960457
-229.842224162227609
-229.841341743062856
-229.840626075439474
-229.840148753347250
-229.839173931709837
-229.837755664282099
-229.836619874030106
-229.836099640298073
-229.835827741668766
-229.835713660513505
-229.835048894961773
-229.834355348734391
-229.833459227649030
-229.833150060780554
-229.832413114237369
-229.831680238867904
-229.830259367703292
-229.829934736087779
-229.829585077397894
-229.828043039578603
-229.827258936259540
-229.826600043982069
-229.826273872884002
-229.825344587489610
-229.824872014911023
-229.823982328217170
-229.823433399062509
-229.822916052048555
-229.821429820550435
-229.821296858087464
-229.820314476695984
-229.819550828404601
-229.818140720090781
-229.817745660294975
-229.816896311787076
-229.815187098224328
-229.814424847540977
-229.813120260753379
-229.812059797152159
-229.811688586717992
-229.811174830240191
-229.810609875853686
-229.809649732988078
-229.808816985664549
-229.808355949227348
-229.807291103755091
-229.806806192434010
-229.806290584036418
-229.805341520740114
-229.804455125250684
-229.803553150562408
-229.803076784149511
-229.801926089390889
-229.801495126896839
-229.800512947411164
-229.799171404110723
-229.798138713587548
-229.797246790406092
-229.796276058742450
-229.795890357575104
-229.794053373961759
-229.793416366349874
-229.792673546847539
-229.791389757752626
-229.790522362664859
-229.789837696905607
-229.788788420748688
-229.787289789060281
-229.786906377986924
-229.785338998517943
-229.784329829600381
-229.783437599154041
-229.782369279854038
-229.781295916456628
-229.780415645738969
-229.780148564589211
-229.779218252921027
-229.778325887864639
-229.777776734867672
-229.776649082403907
-229.775327464495689
-229.774168283060362
-229.773242896829373
-229.771539392935040
-229.770475554392192
-229.769937176315580
-229.769032899761442
-229.767201158175283
-229.766920612031385
-229.765989793355800
-229.763814621350889
-229.763664749438959
-229.762251841371864
-229.761209711661763
-229.760417280890891
-229.758404718937044
-229.757736050835689
-229.756451884291039
-229.755897031315357
-229.755107484458591
-229.753901255850536
-229.753082733240149
-229.752752851451106
-229.752549140248192
-229.751305051195317
-229.750037356559460
-229.749611980496383
-229.748576966231781
-229.748144083012448
-229.747393466183212
-229.746875960013881
-229.746371364497207
-229.745770029064346
-229.744732271265548
-229.743949915488599
-229.743261843453666
-229.742882350245310
-229.742572676492159
-229.741706514583797
-229.740996196336852
-229.740777011427696
-229.739953873807849
-229.738813425086988
-229.738511066204779
-229.737753161884427
-229.737182815663601
-229.736575998826993
-229.735970597464018
-229.735462186435370
-229.734565112629838
-229.734111209605999
-229.733856207871639
-229.733149143252433
-229.732406118123066
-229.732020846954612
-229.731432272811134
-229.730802518083749
-229.729866537354411
-229.729415858182620
-229.728919030413721
-229.728420412238137
-229.728062297257708
-229.727262225164225
-229.727111727087390
-229.726758078168615
-229.725831349550475
-229.725474114377676
-229.725235394216639
-229.724203567037307
-229.723650453167608
-229.722538511555058
-229.722047980793121
-229.721097228964140
-229.720491032690148
-229.719574741016658
-229.719335859356732
-229.718440342386629
-229.717899015370563
-229.716640795426088
-229.716453106591473
-229.715952282645816
-229.715720548820059
-229.715069526945854
-229.714687105418648
-229.713921767816430
-229.713196329268413
-229.712586693913920
-229.711368296511750
-229.711077390139536
-229.710720352185575
-229.709119602442740
-229.708166325858457
-229.707623531871263
-229.706955619980533
-229.706049903388617
-229.704569326172617
-229.704003492795749
-229.703310570299607
-229.702753157611454
-229.701432603925923
-229.700805823983558
-229.700209323107771
-229.699007262275842
-229.698445803224956
-229.697356347596980
-229.696955862995651
-229.696295819876894
-229.695455905474233
-229.694921793726650
-229.693930578233875
-229.693228642040964
-229.693004029109716
-229.691847294357729
-229.691461671092810
-229.690361916253153
-229.689582545211238
-229.688781904918301
-229.688312949569962
-229.687478012039037
-229.687168584213453
-229.686905509565037
-229.686358846825811
-229.685455571529474
-229.684845495518090
-229.684630180160610
-229.683435653429513
-229.682648128540791
-229.682147318522112
-229.681545910879720
-229.680878839777336
-229.680423166701843
-229.679089030062897
-229.678249729258795
-229.677773837361372
-229.677291650810304
-229.676620711175531
-229.675711674269365
-229.675400221747907
-229.674121857594344
-229.673366164682079
-229.673022505464616
-229.672577430583459
-229.671351383912537
-229.670635864613189
-229.669659279502326
-229.669043119776944
-229.668302982543736
-229.667642797716212
-229.666427485202007
-229.665762700149287
-229.664756143011118
-229.664045216043178
-229.663364703346730
-229.663044478348723
-229.662376627084825
-229.661423607000643
-229.661217583356432
-229.660084912110733
-229.659803959163781
-229.659695513618800
-229.658988980609791
-229.658401111637659
-229.657841593355982
-229.657385916185490
-229.657157575101962
-229.656322085627352
-229.655933418854289
-229.655367726860845
-229.655286148117654
-229.653764777658921
-229.652691884537461
-229.651593618312404
-229.651347972671601
-229.650684782736874
-229.650222029260988
-229.649768050945596
-229.649264828756230
-229.648676668126114
-229.648133332031989
-229.647530048252321
-229.646345859031186
-229.645748687472434
-229.645351535593193
-229.644563928584716
-229.644322027139765
-229.642981993398479
-229.642086448275990
-229.641376187455620
-229.641194177433420
-229.640396333071863
-229.640003906365024
-229.639384003262421
-229.638228919666005
-229.637432286381568
-229.636492772113144
-229.635910632572461
-229.635429060994284
-229.634790028347396
-229.633325522504435
-229.632776964887398
-229.632202182544432
-229.631643783943503
-229.630013851466174
-229.629595404203684
-229.629056038858209
-229.627975275134133
-229.627100872600664
-229.625977287028121
-229.625511481317545
-229.625197352007206
-229.624662365431675
-229.623587211154216
-229.623248716211918
-229.621852889258520
-229.621219331108136
-229.620506459229858
-229.620072175905023
-229.619432693050186
-229.619018481954953
-229.618609419436723
-229.617835251398532
-229.617485161053793
-229.616538875349875
-229.616162374874079
-229.615774170922265
-229.614550397093069
-229.614257139574676
-229.613713949325955
-229.613207141247756
-229.612417411581305
-229.611388632374087
-229.610887286279507
-229.610431460746355
-229.609610079971276
-229.609550403388198
-229.609064222312867
-229.608257467840303
-229.607944017204602
-229.607752097573268
-229.606911198566308
-229.606202685992201
-229.605290518967138
-229.604469888580837
-229.602541508574689
-229.602289343038734
-229.602050401310834
-229.601547908904138
-229.600585481944165
-229.599752364269108
-229.598997338346322
-229.598186869886916
-229.597035255606158
-229.596312982842392
-229.596186113173246
-229.595262532582296
-229.593661399979283
-229.592610309742639
-229.592301383788850
-229.591805265882783
-229.591385955807283
-229.589789882131441
-229.589261350667499
-229.588944206533256
-229.588288218722681
-229.587580589217396
-229.586727034539564
-229.585987108369864
-229.585409132541344
-229.583879379950247
-229.583624032003769
-229.582775005708385
-229.581877463182053
-229.581332195787070
-229.580233354813515
-229.579379338768149
-229.579095988337713
-229.577826710497703
-229.576718714888642
-229.575660385586701
-229.575118367349575
-229.574522597212905
-229.573392620985430
-229.572949325738705
-229.571290796313860
-229.570910630403375
-229.570698042107324
-229.569725670480551
-229.568935052480839
-229.567091282711914
-229.565955069275390
-229.565480881467380
-229.564190845229234
-229.563765541054977
-229.561929456847935
-229.560690380711918
-229.559830202959972
-229.559285996966537
-229.558576814411964
-229.558176648649265
-229.557318517941752
-229.556186261065420
-229.554185022503475
-229.553118872577926
-229.552332587007839
-229.551833701931031
-229.551523047146247
-229.551073195634444
-229.549579069135831
-229.548783943874810
-229.547775233705579
-229.547345028525939
-229.546896831113941
-229.546150010274545
-229.545741431817163
-229.544990719144351
-229.544325901544511
-229.543574958175782
-229.543050812409092
-229.542418269904516
-229.540950842758917
-229.540127739385042
-229.539668630058657
-229.539415398028950
-229.538807424133950
-229.538316698187003
-229.537641773702148
-229.536914856297386
-229.536313168770050
-229.536084557117420
-229.534919793104280
-229.534706821515272
-229.533645118830975
-229.533059370678046
-229.532594022926560
-229.532067621169261
-229.531641826002385
-229.531253433233388
-229.529847203835089
-229.529428153862739
-229.528430561814332
-229.527445416897109
-229.526677069523885
-229.525848486134237
-229.525003275476735
-229.524253348974952
-229.523652925191271
-229.523206334754121
-229.522364107719511
-229.521819602415064
-229.521248458028509
-229.520019758961269
-229.518898568761500
-229.518082857866574
-229.517666044440631
-229.516773906246442
-229.515688504065622
-229.514817304058084
-229.514540970657094
-229.513066659816388
-229.512313580014990
-229.511993426083592
-229.511503141787756
-229.510681747806871
-229.510057519183960
-229.510003474228824
-229.508948121834464
-229.508720046015696
-229.508405967216675
-229.507546544376282
-229.506362603523883
-229.505730396895302
-229.505368853429758
-229.504445092824966
-229.503380128030443
-229.503084113335746
-229.502617050506529
-229.501502167036620
-229.500749103918281
-229.500288219231862
-229.500024967103286
-229.499302804473189
-229.498688502760331
-229.498615482772493
-229.497663698330939
-229.497371230290554
-229.496803164444998
-229.495746921237753
-229.495352740826632
-229.494755791864691
-229.494307394622638
-229.493561787273421
-229.492555066943254
-229.492404116089972
-229.491701518038724
-229.491028800572309
-229.490537782662699
-229.490267506078624
-229.489331430600970
-229.488899439326048
-229.488175263274968
-229.487578863185973
-229.486801789827837
-229.484413145575104
-229.484160917624109
-229.483256086890094
-229.483091826224666
-229.481725577269344
-229.480997431169044
-229.480481703328877
-229.479849783407531
-229.479363715394015
-229.478847457486211
-229.478083695533542
-229.476554982965325
-229.475869485568637
-229.475575279223364
-229.475101671255516
-229.474142997534614
-229.473356087589565
-229.472725658929875
-229.472249029814606
-229.471820934915769
-229.471396964824834
-229.470543512722628
-229.469320808550606
-229.467835922559033
-229.467157241996205
-229.466605636346060
-229.466026786890893
-229.464902732860878
-229.464176001704601
-229.463212068865687
-229.462031625013310
-229.461696781262333
-229.460865238728047
-229.459328718140284
-229.458132894127942
-229.457369653405038
-229.457091051872851
-229.455524922990492
-229.454647169251047
-229.453389639470458
-229.452191001820609
-229.451790808164105
-229.450683555638506
-229.449873297676646
-229.448352222920192
-229.447786310605153
-229.446235449406174
-229.445790605149739
-229.444568047278835
-229.444055317832607
-229.440949162812160
-229.440222740586876
-229.440007642155052
-229.439698929131112
-229.438501111891270
-229.437164501189727
-229.436030182006959
-229.435474212103912
-229.434912504228663
-229.433192334817790
-229.432097981641306
-229.430191192893119
-229.428642824066912
-229.427950819843915
-229.427184614198666
-229.426506214354873
-229.425709338728012
-229.425234954345029
-229.424464179409824
-229.423636819117462
-229.422440730756904
-229.421143584958884
-229.420620763364781
-229.420089951943282
-229.418635034385886
-229.417796376193593
-229.417412806429866
-229.416703402824169
-229.415979269002520
-229.414960290258705
-229.413871150318670
-229.412912928699058
-229.412129818549090
-229.411362485457886
-229.410338358623363
-229.408804756419869
-229.408051592227650
-229.407192598204375
-229.406584843198488
-229.405964448279803
-229.405379483475912
-229.404072393730019
-229.403544083742929
-229.402225671272475
-229.401349855369062
-229.400269038682694
-229.399981400891988
-229.399114636084789
-229.398575183927761
-229.397776212972161
-229.397533656839784
-229.396423237057348
-229.396063651529914
-229.395370835848695
-229.394151591931717
-229.393250874414264
-229.392150235522791
-229.391549117902997
-229.391395133375880
-229.389872306720662
-229.389511028408577
-229.387484061284539
-229.387070916829543
-229.386240342910980
-229.385183696782462
-229.384449926545869
-229.382984356955603
-229.382344574176102
-229.381509530376945
-229.381156363884344
-229.380454704407384
-229.380068541354262
-229.378984377404180
-229.377507216833067
-229.377349205350924
-229.376847328155122
-229.376635131455885
-229.375235220967625
-229.374292275464654
-229.373267765373839
-229.372737631155076
-229.371626832755311
-229.371142346979212
-229.370122354599346
-229.369309838976136
-229.368427870379094
-229.367256994909553
-229.366291776109506
-229.365491023631677
-229.364496318709740
-229.363335953871285
-229.363181935419504
-229.361830266685587
-229.361388566749412
-229.359325050032822
-229.359145334165419
-229.358674195074030
-229.357084891590546
-229.356004267012963
-229.355653385943100
-229.355217107654710
-229.354472313506932
-229.353835108174792
-229.352214136373135
-229.351316159924579
-229.349202153934925
-229.348163587013858
-229.347001703014115
-229.346196886972280
-229.345152674608556
-229.343444708439080
-229.342536756218124
-229.341722617967378
-229.341306939176690
-229.340654722308045
-229.339525838448878
-229.338674839920145
-229.338111370618691
-229.336587571149607
-229.335950469990024
-229.335646982514817
-229.334316362838734
-229.333216314724865
-229.332724685149657
-229.331644536973158
-229.330652180066352
-229.329782032253576
-229.329161497754001
-229.326677041908681
-229.325948550149207
-229.325409297161400
-229.323740253882136
-229.322153435874014
-229.321759358403767
-229.321327412430065
-229.319629399145896
-229.318269328771947
-229.316612696292680
-229.316353130340303
-229.314915804316939
-229.314242953702603
-229.313556292553415
-229.312733256223083
-229.311569266760443
-229.311003589359700
-229.310440856487048
-229.308703646947038
-229.307108105649831
-229.306509761879965
-229.305850681746023
-229.304563764333551
-229.303469389514248
-229.302802677457038
-229.302207626121543
-229.301160481897000
-229.300849985768991
-229.299943105507936
-229.298849398024686
-229.297658222300839
-229.297326857683174
-229.296908972260724
-229.296061818624167
-229.294946721256338
-229.293410731941293
-229.291682283040245
-229.289582761413271
-229.289185518254868
-229.287883729034860
-229.286986570156699
-229.286011819088685
-229.283894774216435
-229.283599224974409
-229.282642518430009
-229.281441663125179
-229.281042035695037
-229.279427089643661
-229.278741671707934
-229.278486400556261
-229.277085226299420
-229.276893436699055
-229.275568264146756
-229.273490588910306
-229.272400213500759
-229.271276338478742
-229.270824147231167
-229.269511867996840
-229.267667381024779
-229.266427419851368
-229.264426126609862
-229.264244651567395
-229.262639523904767
-229.261667692925187
-229.260911568327941
-229.260344857795246
-229.257289407334270
-229.257149732885011
-229.254867014367363
-229.254508774358044
-229.252810140251427
-229.251250438296836
-229.248458677522308
-229.247938258355390
-229.247447760806750
-229.246945637589249
-229.244060850224770
-229.243173577606626
-229.242827475051655
-229.240134506910209
-229.238696927758468
-229.236916645071517
-229.236010438454059
-229.233328514324484
-229.232808081735186
-229.231942664913305
-229.230223029954686
-229.227525091059846
-229.226181695741161
-229.225579636741827
-229.223442408702510
-229.223038311259984
-229.220771812229543
-229.219313089273413
-229.217483099013975
-229.216038106165769
-229.213277729945617
-229.213069928215077
-229.212806433030806
-229.210605152480099
-229.209949928598746
-229.209157208313826
-229.207627218682063
-229.206955936322771
-229.205523973256646
-229.204124517709261
-229.202083964605066
-229.201155473910347
-229.199948396318376
-229.199507250570662
-229.198507284334710
-229.198237538448979
-229.196535118351022
-229.194502979787842
-229.193933519186089
-229.193155456968100
-229.191494394123424
-229.190111776452000
-229.188861973988651
-229.188601277409106
-229.187770181209657
-229.186264285680892
-229.183200584197664
-229.181809008201299
-229.180813822239429
-229.179406452176778
-229.178293500210742
-229.177794840761294
-229.177203376028444
-229.176797995724712
-229.174047163763589
-229.173765686756781
-229.172182130317765
-229.171193527629470
-229.169092915368310
-229.168395934289606
-229.167118536945253
-229.165495181098521
-229.165045975146825
-229.164009978751125
-229.161604532143116
-229.160847717210885
-229.159305378305248
-229.157618462468264
-229.156709111416262
-229.156022610507080
-229.154894156054041
-229.153460443960427
-229.153000504050055
-229.151782058835352
-229.148928995161697
-229.148157270030026
-229.147447629415439
-229.146348722716965
-229.144477305869003
-229.142788203555313
-229.141265131528485
-229.139933585698316
-229.138525275553235
-229.137905921093193
-229.136892872012083
-229.135827633761494
-229.134770047350941
-229.133469211727856
-229.131100039193853
-229.130307186130040
-229.129532184878769
-229.127857723558833
-229.126974116950237
-229.126092854312134
-229.124320408467696
-229.121675976878208
-229.120587699223506
-229.118877203964274
-229.118070313253611
-229.117520002717299
-229.115945979619681
-229.115198201876353
-229.114094375394160
-229.111455816036056
-229.111214428785701
-229.109324153693450
-229.107968738436398
-229.105805850540804
-229.104637257948809
-229.104029247330686
-229.102458293852379
-229.101021297295176
-229.098978668124744
-229.098325763490777
-229.094208066422709
-229.093037195158900
-229.092574171548335
-229.089516426311945
-229.088761134979620
-229.087415167660112
-229.086626872991872
-229.085698350237323
-229.082560824337975
-229.081212693747176
-229.078866656159789
-229.077917088774171
-229.074478290990271
-229.072958872411391
-229.071389571627037
-229.069736542676196
-229.069158287195052
-229.066271786505069
-229.065746984110518
-229.063909928229691
-229.062069300088268
-229.061243227247331
-229.060947499527458
-229.058229975364327
-229.056993780038027
-229.055452627817090
-229.054898555888485
-229.052560928525253
-229.050337460831116
-229.049624583048143
-229.047948140690181
-229.046602867485745
-229.046256035212963
-229.044808273494112
-229.044483374922578
-229.041089346918227
-229.039488284376802
-229.039303599345374
-229.037754825665161
-229.036347899137922
-229.034824110823649
-229.033666755578935
-229.032156446733751
-229.031140416758348
-229.030745938434222
-229.027752025709759
-229.026167616366621
-229.023587850097954
-229.021353853091910
-229.019773995487441
-229.015272763343944
-229.013308059824112
-229.012166805899113
-229.009983327841553
-229.008070956345875
-229.005955335854367
-229.004467038103769
-229.003484684522704
-229.002316684870323
-229.001445193204063
-229.000597999040252
-228.999203895773348
-228.997682772805746
-228.995973705293011
-228.994867014878110
-228.994030482003240
-228.992819192830979
-228.990234485888777
-228.988374237091477
-228.986484702251431
-228.985164862598964
-228.984454997448722
-228.981865550247477
-228.981392609478775
-228.981312747133330
-228.979342255310030
-228.978952881279440
-228.977398048899289
-228.975798375318448
-228.974729705935118
-228.973557400403081
-228.971784712173218
-228.970653199693118
-228.968387543652398
-228.967869649504706
-228.966808561805294
-228.965864472896186
-228.965269135636333
-228.963244627219808
-228.961667722850876
-228.960070187010245
-228.959132446904306
-228.958002090545932
-228.956288124972730
-228.955349980309336
-228.953263154660846
-228.951620173356531
-228.950439060739939
-228.947917600781267
-228.947721236342488
-228.945222359878301
-228.943714489739222
-228.940489784707438
-228.939319848421832
-228.938865812687652
-228.937460405727052
-228.936893658482319
-228.931514409844596
-228.930042819960789
-228.928199757826548
-228.926950762564445
-228.925081439004316
-228.924061245436434
-228.923078133246946
-228.922622893890122
-228.921386461131334
-228.919734117013462
-228.919102595529438
-228.918318955913833
-228.917931394550152
-228.916728895358148
-228.915253931107287
-228.912881183724494
-228.912327842850260
-228.911155245777280
-228.910057007226072
-228.909175560101858
-228.908349468139448
-228.907531290263705
-228.906308194812482
-228.904816440660341
-228.902829366593153
-228.901601417188601
-228.900184927641959
-228.898637682367195
-228.895542378985539
-228.894645664148555
-228.893260710682256
-228.890695399378984
-228.890179270597855
-228.888816202526868
-228.886663511119792
-228.885626755139754
-228.883110029132467
-228.880697662807023
-228.880398252177827
-228.877563715272572
-228.876913637712335
-228.874749442228563
-228.872102749981451
-228.871023655880407
-228.869406498898769
-228.867080877742012
-228.866320555874410
-228.865552659447530
-228.865231510800044
-228.863981636458732
-228.862724491649487
-228.861485859258664
-228.861152319296650
-228.859890495073756
-228.857932708142073
-228.852412245366651
-228.851729959180886
-228.849947942970772
-228.848140182345901
-228.845558409433892
-228.844710413595521
-228.843592284824581
-228.842530779311033
-228.840689794360202
-228.839987275648809
-228.838440074811018
-228.836721946196974
-228.835915039839421
-228.834579549160992
-228.833855662868245
-228.832609777102675
-228.830924449357525
-228.830604382594004
-228.830308084941635
-228.828697797141075
-228.828087280566507
-228.826890185717190
-228.826560090310153
-228.826164516921693
-228.824309700840132
-228.824143828635926
-228.822100533517073
-228.820561618306158
-228.819514931173046
-228.818690784691256
-228.817453452057578
-228.817082047792155
-228.815841601763481
-228.813553773476599
-228.812992526698338
-228.811877273664237
-228.810475900277339
-228.809876991593910
-228.808657603982141
-228.807331860742494
-228.807064164289557
-228.806365792946053
-228.804978247101928
-228.802582553329529
-228.802011018153138
-228.800213853320315
-228.799831288174687
-228.798719329075311
-228.797029625464091
-228.796866759331948
-228.796071688698532
-228.794402263094071
-228.793018576510974
-228.791073773361262
-228.790301888046002
-228.786431012034882
-228.785438247189546
-228.784416631389689
-228.782729116671476
-228.781399009175033
-228.777633559217122
-228.775073679797146
-228.773086912088615
-228.772686428188678
-228.769882355401933
-228.769596340855855
-228.767885034115267
-228.766822059662019
-228.764421843466067
-228.762840704487530
-228.762226170750978
-228.760630251320606
-228.757563033980205
-228.757380743084013
-228.755621711941956
-228.753736112121715
-228.752302077334150
-228.750071255877174
-228.748259816116928
-228.746620848812313
-228.743501801696112
-228.742774301556807
-228.742068903341163
-228.740064608111084
-228.738521811898067
-228.738101284449641
-228.736636439529917
-228.735724481149902
-228.734220292577788
-228.733358344168266
-228.731382503842326
-228.729645430659730
-228.728809728849910
-228.724927861148814
-228.724407803657471
-228.722706780209620
-228.722201978940546
-228.721538409317134
-228.718246042571252
-228.716441254307995
-228.714799836421861
-228.713302794105886
-228.712597596082645
-228.710726655434627
-228.709683268827433
-228.707919769357716
-228.707114587434944
-228.705816333154786
-228.705086351268363
-228.704436047826420
-228.703072881547200
-228.701835821192589
-228.701227406214940
-228.700187014264486
-228.698570430343921
-228.697507348593803
-228.695318873929892
-228.694841702476651
-228.692834642444666
-228.692289228172797
-228.688611492202227
-228.687560569849268
-228.686403151788198
-228.684766039799314
-228.683380064430679
-228.682655466404896
-228.680315005243045
-228.678739603760675
-228.677287908560203
-228.675114929353953
-228.673152526406113
-228.672636614510935
-228.671749629004921
-228.671433528150430
-228.669164803488002
-228.668160283184648
-228.667200886688988
-228.666433499183057
-228.665681784787353
-228.664309974913749
-228.663726124053341
-228.662306877181777
-228.660280453125637
-228.659304237212467
-228.658154514162021
-228.656132818369031
-228.655563640939050
-228.654685073128974
-228.654340240735252
-228.653134069572900
-228.651442613112749
-228.648510393248245
-228.647791234214253
-228.647610495132398
-228.644198065455782
-228.643644339528322
-228.641902479288802
-228.640642264805592
-228.639640391122583
-228.639042872387392
-228.637146136930909
-228.636034012185945
-228.634534266767247
-228.634380688917872
-228.633230437084109
-228.632179731811817
-228.630713835930408
-228.629971045211164
-228.627327622695020
-228.626855044998507
-228.623293538224829
-228.622758804849070
-228.620462653124434
-228.619932890105645
-228.619165503907112
-228.617581727719596
-228.616735943878012
-228.616263574993070
-228.615071345150341
-228.614476969419769
-228.610747851796560
-228.609099634452519
-228.606835388423605
-228.603747109724424
-228.602592866381059
-228.601033371979014
-228.599971372633519
-228.597573887166647
-228.595194956246473
-228.594353031818457
-228.592778247011097
-228.592314806871684
-228.590914417362654
-228.589155149904315
-228.586385879791493
-228.585253764381974
-228.584264600027893
-228.583772876982948
-228.582179348641233
-228.578392764337366
-228.577344627959349
-228.576458518332885
-228.573932298314674
-228.572613874576433
-228.571694601876317
-228.570755195678714
-228.569538996130575
-228.567694688557594
-228.566896470074767
-228.565649059662775
-228.564891359580315
-228.563409278226118
-228.562621784215310
-228.561326502728434
-228.560985555176529
-228.559752302760131
-228.557197700218865
-228.556329907681146
-228.556103181516931
-228.553082880555706
-228.550552936857230
-228.550113885902192
-228.548914255092541
-228.547582605019073
-228.545829848300343
-228.544324234454990
-228.542225700644735
-228.540520710898420
-228.540017490286374
-228.537821489628016
-228.537222623366148
-228.534734759804820
-228.534175582403662
-228.532502904377083
-228.531097249162030
-228.529922201172411
-228.528957490326320
-228.527543137286415
-228.523496487639335
-228.519764000967314
-228.519302607935487
-228.518344385162266
-228.516173435991277
-228.515535607414506
-228.514151022196558
-228.512924789006604
-228.510968805726037
-228.510629890158100
-228.509153789176622
-228.507920796694378
-228.504069590974780
-228.501734853356794
-228.501305809682179
-228.498734901392453
-228.497615627660963
-228.496307334325223
-228.495830768408723
-228.493697668050828
-228.492348770538825
-228.491309406643609
-228.490587057589408
-228.489869743009280
-228.488237278696488
-228.486573137536197
-228.484422356411983
-228.482337806264098
-228.480358846405437
-228.479810288671700
-228.478454559579944
-228.476345169464366
-228.475094603837817
-228.474546302772467
-228.472677759723524
-228.470411948561576
-228.469324885079544
-228.469153392439836
-228.467340580380579
-228.466230972301759
-228.464344972329712
-228.462009520794226
-228.461111330377605
-228.460076437455569
-228.459359727348357
-228.458314365198817
-228.456657374984133
-228.452399323753951
-228.450587799297494
-228.450099309855887
-228.449064208294658
-228.448653732456819
-228.446868247833208
-228.444140042946145
-228.443896456168403
-228.442159508528903
-228.441668031438127
-228.439911802268796
-228.438552404006202
-228.437599340606340
-228.436733836186335
-228.435800181150256
-228.434438100177204
-228.432957932774798
-228.432139829211849
-228.428986258314438
-228.428461261588922
-228.426867417840015
-228.425920946762346
-228.425316289957550
-228.423514412202167
-228.420639746874826
-228.420276762509275
-228.417934952459348
-228.417604408528263
-228.416779017999602
-228.415736298792183
-228.414410664201483
-228.413882623190631
-228.412470275883379
-228.410949263970167
-228.410156160174665
-228.408048651617690
-228.407819364855214
-228.406444305398992
-228.405981231699485
-228.404920841159282
-228.403156777124480
-228.402275887608113
-228.401076412641117
-228.399779756492734
-228.399123446195944
-228.395848785805697
-228.393403539255559
-228.392467931796801
-228.392007999553329
-228.390819672175951
-228.390379284901769
-228.387819758585124
-228.386499829331711
-228.385263790629779
-228.384658502995165
-228.383408761153817
-228.382463201612325
-228.381439412500328
-228.380627283623852
-228.378148153903680
-228.376695470102050
-228.373147862733077
-228.372408930382676
-228.371090328695715
-228.369359614806342
-228.367852290584807
-228.366452922877556
-228.365766907235354
-228.365115814303493
-228.363826606998288
-228.362911853029118
-228.361141625434897
-228.359043689813973
-228.357444608937499
-228.355871719420719
-228.354101703448180
-228.352147884530098
-228.349694461808923
-228.348111120943372
-228.346014338755765
-228.344346506817487
-228.343153212524783
-228.342402401330446
-228.341303042241805
-228.340599014426061
-228.339822858413413
-228.337450288197687
-228.335436435023468
-228.335071865160415
-228.332414685681414
-228.330634817937892
-228.328689878925786
-228.327562759427337
-228.326445968930926
-228.324093384719305
-228.322310657262676
-228.321580480026881
-228.320042440356872
-228.318986757454468
-228.318283382197734
-228.316973059374277
-228.314700524574050
-228.313612228643223
-228.311221568604225
-228.308201656331789
-228.306428471927120
-228.305187993912966
-228.303856616102024
-228.302968938573514
-228.302106935360655
-228.298820589456312
-228.297829853714859
-228.295819346993284
-228.294542001581988
-228.293022670334807
-228.292551466417677
-228.291803453793364
-228.291300668689786
-228.288480015243493
-228.287387807543524
-228.286350104776204
-228.285887777038255
-228.283246972415128
-228.282692845848715
-228.281288960271041
-228.280222793710948
-228.278912805059178
-228.277247320823903
-228.276400634952211
-228.274639832459826
-228.272726336006741
-228.271863564356153
-228.269660056182857
-228.268690925011612
-228.267225477562363
-228.266236404672327
-228.264082817669248
-228.263474647521122
-228.262460362846440
-228.260277948455212
-228.259386515045890
-228.258331637719806
-228.256101571127743
-228.254661286917184
-228.253985314591120
-228.252432917313740
-228.251663541399296
-228.249029714407385
-228.246604866947166
-228.245608036385732
-228.244283081680408
-228.243686767506119
-228.242895254804409
-228.241422796562290
-228.240084105908807
-228.239161797083682
-228.238187089967852
-228.236186713229756
-228.234803462695623
-228.232303894999859
-228.230540084790647
-228.229695592937276
-228.227989811530080
-228.226986581457624
-228.225785682003504
-228.224089483083219
-228.223028084575731
-228.221346665406202
-228.218307342468620
-228.217630878293448
-228.216679717560993
-228.214408147168001
-228.212232707508917
-228.211380316868826
-228.209076731283943
-228.207675148589317
-228.206679879253187
-228.205200122132482
-228.204401802586318
-228.202854746524196
-228.202457871903732
-228.201198446043520
-228.199867681775515
-228.199033648606758
-228.197699710710793
-228.195161857503820
-228.194438548262895
-228.192515757459461
-228.191547725544325
-228.190463293806516
-228.189036806147783
-228.188574778301160
-228.187281481380040
-228.187122357202469
-228.185759754222715
-228.184365795601622
-228.182592497173317
-228.181826522297371
-228.178509513627887
-228.177733761988662
-228.176105638211737
-228.174550804012540
-228.172661369375476
-228.171205295459060
-228.169975324769126
-228.168334758529625
-228.167393863932574
-228.164738512368615
-228.164353930837393
-228.162153248869231
-228.159365614450564
-228.158904904447951
-228.157867595410181
-228.156234152268979
-228.154009318150685
-228.151238234471066
-228.150921576914840
-228.148968519683791
-228.147592242377755
-228.146512460203837
-228.144347969443970
-228.143113341091805
-228.141244785840144
-228.140409820498945
-228.139539056622453
-228.136950523346627
-228.135035422540994
-228.134082335016103
-228.131949668377246
-228.130845808587310
-228.129661811497925
-228.128526760735269
-228.126817491239478
-228.125402424647660
-228.124049389366746
-228.121606895422104
-228.120071643868954
-228.118705559473312
-228.117642525002225
-228.114557210278065
-228.113781400913581
-228.109160748870693
-228.107241891486638
-228.105345950544688
-228.104774725663162
-228.103616032374504
-228.100318533360621
-228.099498997557959
-228.098686556896581
-228.096682532061124
-228.095212402029631
-228.092794858386640
-228.091824266417120
-228.090380521671648
-228.088466404943830
-228.085874314556094
-228.084681322395625
-228.082444441971290
-228.081516313654646
-228.080768517403783
-228.077139303217848
-228.076617227334822
-228.076060788307188
-228.073170185252252
-228.072226277739361
-228.069648683375874
-228.066865218275638
-228.063911534495816
-228.062519879187050
-228.059855448765830
-228.058903014139304
-228.058350074265178
-228.056643989290308
-228.055240412821206
-228.054113300451121
-228.052758913430267
-228.050092048418747
-228.048603170644498
-228.047205749889741
-228.042195576304607
-228.041472005782197
-228.040857044898587
-228.039138311076840
-228.038574235589692
-228.036529226426438
-228.033703808190921
-228.032624832706460
-228.029684858861685
-228.027868785868492
-228.024541389673686
-228.024234896703774
-228.023012053610188
-228.021358014167419
-228.019303037291962
-228.018785211038505
-228.015941921608544
-228.014198302650385
-228.012454894803938
-228.010324988233378
-228.010032343936075
-228.006567333795942
-228.004128718313865
-228.002366775336583
-228.000034531221246
-227.999027467320076
-227.996581449167962
-227.993937349178424
-227.990772862457504
-227.990283571369986
-227.988664811557612
-227.987655800895396
-227.986001358626112
-227.984567738763587
-227.983025335305399
-227.981081847316688
-227.979843275323248
-227.979529053041546
-227.977607546826817
-227.975583517434501
-227.974241207404333
-227.971060246986383
-227.968614898905656
-227.966032566162539
-227.965599554195109
-227.964310126443962
-227.961265828091399
-227.960432022198717
-227.958186309901606
-227.956966735148228
-227.954180159922402
-227.951108359175322
-227.949012451745801
-227.947373232723180
-227.944374682318141
-227.942397172069434
-227.940855275505470
-227.939790654875821
-227.938899879309020
-227.938129882613879
-227.935284452060046
-227.934337241920474
-227.932458839290547
-227.929657686388623
-227.927439642020460
-227.926647859310833
-227.922283754022402
-227.921668894616033
-227.920224495893194
-227.918661142445274
-227.917148174644609
-227.916560741139506
-227.914750033071130
-227.914232563695037
-227.911517230125924
-227.907948477020540
-227.904998109479322
-227.903963509398778
-227.901726961111166
-227.898908222080166
-227.896277040733963
-227.892883767564996
-227.890955821912513
-227.888196352953628
-227.887068368766649
-227.884050312948517
-227.882523360289582
-227.880276936937634
-227.877112829174308
-227.875893333138038
-227.874304527522014
-227.873495433947653
-227.872119750492971
-227.869995306727105
-227.865164196408813
-227.862789030539830
-227.861089910890485
-227.858757138473322
-227.854520602810624
-227.849994253641796
-227.849626279686447
-227.847281070774727
-227.847138489883207
-227.843757885663166
-227.842356548630789
-227.840589538660709
-227.839524681629115
-227.833945539448678
-227.832547310337105
-227.828189126874975
-227.825834943795002
-227.823611602823121
-227.819202275137371
-227.817349866859388
-227.812253353013745
-227.810411097464424
-227.809581862368589
-227.809326206559717
-227.807462630185455
-227.803774793529499
-227.802932982768453
-227.800104501086651
-227.798584740908098
-227.795728731695419
-227.795339828188702
-227.792365476151673
-227.792040649568094
-227.789596125962731
-227.787561394274974
-227.785004886107970
-227.784017586587169
-227.779985131762714
-227.775199787582295
-227.768080426222866
-227.766684006142782
-227.764093402973145
-227.762011694028104
-227.760487363373727
-227.754694347313034
-227.753526277632176
-227.750503564256604
-227.748019132909775
-227.744133644587606
-227.743243160607761
-227.742371245035514
-227.739545813636255
-227.738261255560190
-227.734575946415021
-227.733787825675108
-227.731777331363901
-227.728854568317274
-227.728173491986666
-227.725065324512514
-227.723633055375927
-227.721402661214228
-227.717795052654367
-227.716122995922177
-227.714463004844589
-227.711434250789068
-227.709466023202538
-227.708837587289594
-227.705972246270619
-227.704070928178965
-227.701188047130898
-227.699129917506383
-227.693895125965810
-227.692783620679563
-227.690795932516437
-227.688702597497468
-227.685282067772846
-227.680027427890820
-227.677315498701830
-227.676602194020319
-227.675065302638188
-227.668534811122015
-227.666734138235597
-227.664520506720322
-227.661219108508220
-227.654888468887691
-227.653415767612984
-227.648971479406555
-227.646634635977648
-227.644580844850537
-227.639619943734431
-227.638143727823518
-227.636084516508589
-227.634920386945282
-227.632353414728414
-227.630729418837547
-227.627332854840688
-227.625297316616695
-227.621997693026799
-227.620199347745910
-227.618460686379876
-227.616998798062582
-227.615208821589789
-227.610217963100354
-227.607620596397055
-227.605514228734990
-227.603634512415425
-227.601492119680671
-227.599937812155616
-227.595360631504690
-227.592580978354277
-227.587745050953032
-227.586834808957889
-227.585062016368340
-227.582308534464460
-227.579586350047975
-227.576496691275963
-227.574660081842126
-227.570225964209101
-227.569363948351679
-227.566747452614152
-227.566025541287132
-227.562397001818368
-227.560293814155415
-227.557588284897918
-227.557285001658755
-227.551872892053439
-227.550531764050561
-227.546344980659910
-227.541270928481708
-227.536773712914311
-227.535419818238012
-227.531861795335857
-227.531095697337946
-227.525719043511032
-227.524310984532860
-227.521688134451523
-227.518822209727318
-227.515430324153158
-227.512815165125403
-227.507769898392581
-227.503760478081091
-227.500302416575238
-227.493131911716233
-227.492689528782250
-227.489478919903888
-227.485654375202387
-227.484126135939078
-227.481692374906345
-227.474326703814626
-227.470282321326550
-227.467647203424690
-227.465034620557248
-227.462061526088661
-227.461422190966573
-227.459371737467137
-227.452550690495116
-227.450686267956826
-227.447130195083616
-227.444126963088621
-227.440458448616511
-227.438091678933773
-227.436342690115026
-227.434284788623557
-227.432767766454191
-227.431061361262834
-227.426471515958127
-227.425246697029763
-227.420662227268451
-227.418559193257209
-227.417550789827885
-227.411563090190782
-227.407813112767514
-227.401905360373121
-227.398625387749121
-227.397800223387748
-227.395079693701319
-227.391615601378732
-227.389856954562077
-227.385821970670321
-227.384036373134819
-227.381456056654798
-227.379691935460016
-227.376366756271040
-227.373468050308418
-227.372003704737637
-227.368947687090866
-227.364733951681757
-227.361480996414031
-227.351556900391330
-227.346080339598103
-227.345401465813751
-227.340212168609128
-227.332163532831942
-227.326362068198108
-227.324953162818019
-227.322773994703027
-227.318230759083178
-227.314263395872217
-227.312259792622569
-227.303232747854452
-227.301014380885107
-227.298697393313233
-227.296809699704795
-227.294373125634110
-227.292256759787591
-227.288444175302885
-227.284425644832851
-227.282530709518880
-227.281227740229866
-227.274897994688700
-227.267078398376896
-227.263586561024624
-227.257233558011450
-227.256269056346753
-227.251395259275313
-227.247215011227496
-227.244272474828136
-227.239394026182737
-227.237121476949909
-227.229950165648802
-227.226417825877661
-227.221585861115329
-227.214804726442622
-227.208652739415243
-227.205414600170542
-227.200502904671225
-227.199599259052121
-227.197457785173924
-227.191354222673965
-227.186690037221751
-227.184928900426456
-227.182594698609421
-227.175406241255104
-227.174560784123628
-227.172197204519819
-227.169637359940623
-227.162049890289296
-227.155124874719547
-227.153074170456136
-227.152231469271271
-227.145244646580323
-227.141469757432873
-227.135780557677492
-227.132029260286117
-227.130301658844019
-227.127734143363938
-227.125465761845561
-227.111155900851486
-227.107060601226152
-227.106333345008238
-227.100096112296228
-227.098531562785979
-227.091449110686483
-227.082882355748666
-227.080431248874902
-227.074575098157339
-227.073551271487560
-227.071637992458136
-227.066140896130378
-227.063580951793597
-227.055773719842250
-227.047220071165526
-227.046159907503352
-227.044693726572518
-227.033697101579747
-227.032345983265856
-227.029945025727272
-227.021434357560622
-227.010627435757613
-227.009013947784922
-226.992510631193284
-226.979143187640886
-226.965416914139269
-226.960344661729636
-226.958746116877080
-226.956940043059006
-226.945396184460350
-226.944478394343179
-226.938873525178479
-226.935410310173808
-226.930518445628508
-226.928999212628781
-226.911972173075441
-226.907663014661267
-226.900722699871210
-226.897985624471175
-226.894022623436570
-226.887353621303163
-226.881103597317690
-226.879113311064771
-226.873038053797814
-226.853756624623600
-226.853142319078643
-226.849291904025819
-226.845033585799570
-226.843798831146216
-226.837864874347503
-226.831880585571810
-226.827059202082381
-226.823910887484061
-226.812261600143870
-226.798252205782546
-226.790555539446274
-226.778203910116076
-226.772805268873526
-226.765102805050589
-226.747286147544202
-226.743922547354941
-226.736207246128686
-226.734943651345731
-226.724183031932483
-226.713598525700746
-226.707054457060480
-226.695986676287419
-226.684264918253490
-226.680517734401491
-226.659678089968821
-226.655125701501390
-226.623810264707402
-226.619065619421633
-226.616821184214530
-226.597076230554848
-226.593534087612852
-226.588161834464074
-226.585442925471227
-226.577212260850303
-226.560363821325922
-226.529159049147438
-226.511172086447658
-226.468447100424839
-226.453759578042877
-226.436189825470620
-226.408207464024571
-226.392611578633762
-226.352549221304628
-226.347850894520803
-226.320359217164622
-226.278997274391031
-226.176867037164243
-226.169611453497254
-226.047982452075757
-226.017097965468452
-226.013154523659381
-225.876628530621019
-225.852343143856871
-225.828247683135913
-225.766111116068998
-225.756028682873392
-225.740232785977753
-225.683852201323873
-225.636888818223866
-225.523913517024710
-225.518795210948667
-225.345886004570701
-225.334940313064635
-225.214295020955802
-219.847890522182809
-219.841427696220478
-219.837835971362409
-219.835807474395125
-219.833729695435466
-219.832153779291076
-219.677779001792288
-219.672838024724769
-219.672602197097774
-219.671384943712326
-219.667135431374533
-219.644301005371062
-219.624718523537496
-219.621995672237375
-219.615364127464034
-219.614043618043127
-219.612712854743819
-219.604605035493336
-219.554741521518139
-219.554506319233127
-219.553068868847049
-219.552198148521086
-219.549645340591354
-219.548453884340063
-219.548219880826053
-219.547137967386533
-219.546048295952772
-219.542644201319803
-219.541292863191245
-219.540729633828704
-219.540556729027912
-219.538418886647946
-219.535292870917175
-219.534984504243454
-219.534595046885272
-219.533317790448422
-219.531353840635319
-219.526572571341035
-219.525899436837904
-219.525646796076444
-219.522455771722065
-219.519739883091489
-219.519115948967880
-219.517666350603974
-219.517003030397632
-219.513969373670932
-219.512853478002995
-219.511231567775098
-219.510695648634822
-219.508512236560762
-219.508287605114617
-219.507559937086342
-219.505870954950637
-219.504844714965060
-219.500831878276415
-219.499929755099856
-219.498802899121074
-219.496243549857297
-219.493343103819825
-219.492909785919778
-219.492416171272140
-219.490774937271368
-219.490473006070943
-219.487486702165114
-219.484991570229511
-219.483665621272223
-219.483367674755385
-219.482484142278821
-219.481978387950960
-219.481678183627935
-219.480242057845601
-219.479555605100330
-219.477803528190918
-219.476772246476315
-219.476510922885410
-219.475482075147454
-219.475147379221085
-219.473468658125739
-219.471140084630861
-219.471100600699998
-219.470735504521514
-219.470278280823322
-219.468497395773852
-219.466399683926625
-219.465057377504195
-219.464491242688723
-219.462788729382453
-219.462213560211637
-219.461527213450381
-219.460905880987326
-219.460399981292596
-219.459659394473022
-219.457129290047106
-219.456949312078450
-219.454424456753202
-219.454036989858764
-219.447180117058224
-219.445208618409055
-219.444043439019396
-219.442233967389569
-219.441558639557030
-219.439790711079752
-219.439116309883445
-219.437351747147176
-219.436731920777504
-219.436534494445823
-219.435597237820417
-219.435336480416623
-219.434326609838934
-219.433216855996676
-219.433085470448333
-219.432250873848091
-219.431024166266212
-219.430602037674703
-219.430162032695222
-219.429490393847971
-219.429014225043346
-219.427341291855811
-219.425020951161514
-219.424430504901864
-219.423947362102581
-219.423293816075841
-219.422636056518201
-219.422379391462613
-219.421194781080658
-219.420372526873876
-219.420321356039693
-219.419512590036618
-219.417537031705933
-219.414679725062570
-219.414310687228777
-219.412879125285968
-219.412806655922680
-219.412644790312498
-219.412539565510031
-219.409367351366058
-219.408225823755373
-219.407705041983434
-219.407257142640248
-219.405565936886291
-219.405264429637441
-219.404212757901320
-219.402515120976062
-219.402227266499580
-219.399940193980115
-219.399751764816841
-219.399508919579802
-219.398475813337711
-219.398318722673423
-219.395593477402969
-219.394063535781527
-219.393426235938819
-219.393113080774924
-219.392461386308923
-219.390544747466322
-219.390529640768534
-219.389648353389845
-219.387798010882051
-219.387482650103948
-219.386821556485359
-219.385345015007772
-219.384189838880246
-219.383614184702822
-219.383216024037324
-219.382221310230420
-219.381989755068105
-219.378018192306371
-219.377346897726824
-219.376072240164206
-219.374757397833235
-219.374047197489546
-219.372305328313558
-219.369769734916758
-219.368820562081453
-219.367437178792272
-219.366878952710209
-219.361407555332534
-219.359300293203432
-219.358280266174120
-219.351737074913473
-219.351186882630259
-219.350501638784237
-219.349650662922016
-219.349408745124578
-219.347008492399311
-219.346501847037160
-219.343144070986767
-219.342841674450653
-219.341917743198820
-219.340033680460493
-219.339912160679233
-219.339454328938302
-219.339086583733604
-219.336626910971205
-219.334602237207775
-219.333633204504110
-219.332755385124386
-219.326620739662275
-219.322911126724080
-219.318103896112177
-219.314161925291472
-219.311766253363231
-219.311160172788760
-219.310738975977756
-219.309607127222023
-219.308217350876646
-219.306417889600681
-219.306082681741060
-219.305244914634443
-219.303286150853467
-219.302522098478335
-219.300496332817772
-219.299142670477124
-219.298497303530127
-219.298439939728553
-219.295248344135075
-219.293643017465484
-219.293407636549972
-219.292236581536770
-219.291441897905059
-219.290327221331438
-219.288765984462316
-219.285613842562356
-219.284900297487468
-219.283147558287652
-219.282795024846564
-219.279334882633066
-219.278806648077762
-219.278470385695641
-219.277506604672851
-219.276390393451180
-219.272838299792909
-219.268647043112338
-219.268448651252953
-219.264832209742536
-219.262810306858228
-219.262062738661001
-219.260977034252903
-219.256680597297304
-219.256487774352564
-219.255133549165066
-219.252832645423553
-219.246411024707470
-219.246121984313191
-219.245701732516011
-219.245026429806160
-219.244438488225114
-219.243142028292937
-219.242330951755775
-219.240405690388656
-219.237958813694945
-219.236449415533940
-219.233280037082068
-219.231683704577961
-219.226661545961719
-219.223315262456168
-219.221801304322128
-219.217049323649150
-219.216805578459343
-219.216468189715300
-219.213289486314125
-219.212330197153051
-219.207987337213240
-219.207928591149710
-219.207156852114082
-219.206337446905678
-219.205961492808655
-219.201443680226618
-219.201312995441612
-219.199958232015973
-219.199023421396788
-219.196244804834464
-219.195701759647875
-219.195353957558467
-219.194766942985382
-219.193718016909827
-219.191253444287071
-219.187785804474601
-219.187476766281776
-219.187060673811516
-219.186547471679916
-219.184256022705057
-219.180656197799721
-219.180191471693774
-219.179570708255937
-219.179106007638438
-219.178210585692796
-219.176709697418062
-219.175869623761969
-219.172679002348048
-219.172017983581412
-219.170482123559054
-219.169981611245674
-219.169779919650779
-219.168987587047951
-219.166423368696911
-219.162448631390021
-219.162329821131124
-219.160572462390292
-219.159716451721124
-219.154389964162675
-219.154139424311580
-219.153841698560456
-219.151717928436938
-219.149313431648181
-219.148658545807166
-219.142933116678421
-219.142608251458597
-219.139997752905686
-219.137973085977308
-219.135123694886033
-219.134282587306927
-219.126428054318552
-219.119637083704788
-219.115817882362734
-219.115515516810831
-219.113281489318837
-219.112302932869937
-219.110765857000132
-219.109759057523860
-219.109551523853440
-219.108155685020648
-219.106084303980964
-219.105545396140570
-219.104668323366440
-219.104441859784203
-219.103305059913879
-219.102992804375702
-219.101821090364325
-219.095742385916168
-219.094601384351961
-219.092285095962325
-219.090891423281704
-219.088564376937455
-219.086492759897681
-219.080644689464634
-219.079875016528376
-219.076958199182428
-219.075621854747027
-219.073636987771465
-219.073122665479531
-219.072349190089540
-219.070290966022839
-219.070085265641154
-219.068727128909330
-219.068684433152981
-219.068156112498571
-219.066783190868648
-219.065914789724815
-219.064160669375184
-219.062193092731803
-219.061477517041027
-219.061076066266878
-219.060000030814990
-219.059816560053264
-219.058486345269415
-219.054154475509620
-219.053187302997571
-219.052386761151780
-219.049526704746938
-219.049247886218438
-219.046365275784865
-219.042766420058797
-219.042439222637768
-219.039452734920417
-219.038890997926217
-219.023976813560921
-219.021978032441268
-219.019058501990884
-219.016381891791667
-219.016085402864860
-219.014565226274271
-219.012548687484156
-219.012208961808568
-219.012106924185275
-219.010293846456989
-219.009901314283553
-219.008464476893693
-219.007894401994349
-219.005881823070780
-219.005489070345448
-219.002864569922707
-219.002364436919549
-219.001923339493771
-219.001385994398845
-218.998462823645866
-218.996476639944433
-218.995022185424972
-218.992321697432232
-218.991003053689724
-218.990332379532788
-218.989127523660216
-218.988938692394470
-218.988861071054174
-218.983947549111519
-218.981724181646740
-218.980758892895096
-218.975897800209935
-218.975380538086796
-218.972201313875644
-218.970304204868455
-218.966508010511632
-218.961596979913736
-218.960720280545701
-218.959981795680307
-218.958847671021488
-218.952659274608749
-218.952571542583200
-218.952105901714674
-218.951920414936865
-218.949054010729242
-218.948451867538125
-218.947249348614321
-218.946043428162255
-218.945766526339355
-218.944819884126446
-218.941455429926407
-218.939265580121770
-218.938647377564791
-218.937557382111095
-218.937465580761142
-218.936422917340650
-218.936353623425845
-218.932602898059599
-218.930908562115917
-218.929651811564355
-218.928994845109401
-218.927323874129655
-218.926376914504146
-218.921920696058123
-218.919341296470606
-218.917408905074637
-218.914052490862247
-218.912210359597623
-218.909769343579882
-218.907685766180322
-218.904965223287945
-218.904074707042497
-218.897750993230972
-218.897354241075504
-218.896201139389149
-218.892576243016151
-218.891915977127610
-218.889555961783060
-218.889237646323011
-218.888463582203514
-218.888167798646208
-218.887890649706748
-218.886512864668418
-218.884792806878693
-218.880523660876378
-218.876281923140397
-218.875097788412489
-218.873492348828449
-218.869725019274654
-218.864334745215899
-218.855690567492218
-218.853790100004261
-218.851704995321029
-218.850472852537905
-218.849323991116052
-218.846494611793531
-218.845021721087164
-218.844218457297586
-218.843921066945654
-218.841243303143983
-218.838120372689389
-218.837603363449148
-218.834226136069049
-218.828388249434283
-218.825231263037864
-218.823644547399539
-218.823002767344889
-218.822461770261498
-218.818484367658556
-218.814703403839644
-218.813265016053890
-218.811619910297168
-218.811120511045715
-218.808938429265055
-218.808342546355931
-218.804977929836610
-218.804863756784982
-218.803410605447112
-218.794635117072232
-218.794019930799465
-218.794002049112606
-218.793571203791885
-218.788237387127452
-218.787849746294540
-218.787181988219629
-218.786974625761275
-218.785880741204664
-218.781847192237876
-218.777866312515613
-218.777469106805825
-218.776072992468926
-218.773366901513100
-218.772246743309779
-218.771653495673775
-218.764603494582047
-218.762962562634129
-218.762074847695629
-218.761551904666220
-218.760446302401817
-218.760282219522310
-218.757712328394462
-218.755337472073279
-218.751908807284337
-218.751193996661925
-218.749658887736530
-218.748057468572171
-218.747736668074793
-218.745269321869529
-218.745137028244699
-218.741905470794990
-218.741323596767501
-218.737608918226130
-218.737575634340317
-218.730379372568677
-218.730148316612372
-218.725489261204302
-218.724547410248562
-218.722301223724145
-218.719756361445434
-218.718800216330550
-218.717428226535247
-218.715506550231225
-218.714516454057303
-218.714291771244547
-218.712321460603079
-218.708322368779193
-218.706788339312055
-218.705813314686623
-218.705653742879804
-218.704651465626682
-218.701962419722889
-218.700263904340630
-218.697970188893237
-218.693032209956812
-218.692635891643107
-218.692251610535379
-218.692204046674817
-218.691109943249558
-218.683610637185950
-218.682946946492336
-218.678620436650817
-218.677575682302688
-218.672888032879172
-218.670935261379157
-218.664310738048528
-218.662074392402332
-218.654699450482042
-218.653274089448843
-218.648886688613430
-218.647551903812086
-218.645043304516662
-218.642916060607092
-218.622646616833407
-218.622296572840810
-218.619759434734078
-218.619216639656742
-218.616124691553750
-218.613733288797960
-218.610218097771025
-218.607442199364641
-218.601887821318769
-218.600543265379997
-218.586806282073553
-218.575750031831205
-218.572039188485064
-218.570272919605117
-218.567277270684372
-218.566136402954271
-218.563388057035667
-218.563150121653905
-218.562185082793007
-218.560150180897949
-218.558435850619645
-218.555375404496687
-218.552559326440672
-218.551727328360386
-218.548722795920241
-218.543438809973452
-218.541636389899111
-218.540369972103889
-218.526681727385323
-218.520373837242687
-218.482858006981417
-218.481313436914377
-218.476639229873257
-218.469642957017129
-218.467584972564993
-218.465085083022274
-218.453054389364382
-218.448662485505508
-218.442461767021200
-218.440529138598777
-218.437745952366839
-218.431205382095527
-218.430767192393176
-218.422968037360562
-218.418696013307226
-218.408570643789290
-218.401926412030747
-218.398005757627772
-218.359362346941936
-218.351834637781565
-218.349104188360371
-218.347212966729785
-218.332241045256438
-218.325312238079192
-218.318253291424156
-218.309252702471184
-218.306289978119992
-218.299700009109387
-218.298023618629912
-218.295585051363105
-218.294596998335322
-218.292332179991632
-218.289907506319821
-218.288863580717418
-218.287343331088465
-218.284492387429793
-218.270560162098832
-218.270310332317081
-218.270286935613939
-218.267073896789498
-218.264862611165853
-218.261730610748543
-218.260191221235658
-218.255473954005026
-218.255452887610659
-218.246509446354878
-218.240331419670866
-218.232890432257165
-218.232388231813644
-218.232264512916089
-218.228534954468984
-218.227024005470469
-218.224163334581135
-218.223843134589742
-218.219734659169205
-218.214322281230181
-218.211800656512764
-218.207700331356563
-218.200707999659755
-218.191062735459411
-218.189769252607903
-218.188898487937536
-218.186655808168013
-218.184730956910244
-218.181788578546190
-218.173304912187206
-218.164008510575343
-218.163697227192955
-218.162736130515896
-218.157317988256068
-218.155905271881153
-218.154238970831557
-218.153067098703218
-218.152483827531626
-218.141215432733532
-218.140006704864305
-218.139197363020827
-218.133817394424966
-218.131860934730639
-218.129965346579297
-218.124269440509977
-218.120997504813971
-218.119459177043495
-218.116522340369045
-218.114156672903817
-218.107516968571161
-218.100725743302064
-218.098629513576867
-218.098065554409118
-218.087427980405550
-218.072179402028638
-218.071292804751664
-218.070256996297587
-218.067293142340645
-218.065997310013586
-218.061016932795980
-218.060787103779575
-218.059997673385510
-218.059165622009317
-218.059139073416418
-218.055211963869112
-218.050903014596912
-218.049786625630418
-218.049026153101693
-218.043820542990147
-218.042821701480477
-218.040113352397555
-218.038363348462127
-218.038063409424069
-218.037556037252898
-218.037192097676211
-218.030387659977180
-218.027961970733543
-218.027447002388158
-218.025035542831034
-218.023207757522698
-218.020505782218464
-218.019490559520904
-218.016557891545517
-218.006380741310778
-218.003521180379721
-218.001671885629833
-218.001182251494527
-217.999240761296875
-217.998371106728229
-217.991718535710163
-217.990727742854489
-217.990076580228134
-217.988454274033614
-217.987902870896988
-217.984603167487222
-217.983567351053068
-217.980186929504242
-217.979353555324025
-217.976717838583454
-217.975937737717601
-217.974828694694622
-217.971182046713636
-217.971143594921983
-217.970880388610254
-217.969354074952975
-217.967856609596993
-217.964789947608210
-217.959779517391496
-217.955272192091968
-217.941615529538069
-217.941166049548002
-217.940153768862388
-217.938101860008771
-217.936615454418188
-217.928122180596233
-217.927538043892469
-217.923837709128577
-217.910170695757671
-217.909437538522383
-217.906598598964422
-217.903821040632494
-217.903153368700970
-217.901399450054271
-217.898958295622663
-217.894488487185470
-217.892287736130328
-217.887685363362209
-217.884247175935201
-217.882209977448980
-217.877146507322237
-217.870289804807470
-217.866121964952441
-217.851596964278713
-217.849742987977379
-217.849251364225978
-217.849223747243116
-217.846570121282696
-217.843272867798476
-217.841936391855512
-217.833026078810548
-217.830852535068829
-217.829930693812713
-217.827789535746462
-217.821279824668181
-217.819046982766594
-217.815111021774527
-217.802490889569839
-217.797879625161329
-217.796246414014604
-217.794533644434068
-217.793142176386596
-217.790396828679263
-217.788826071554439
-217.785547932249244
-217.782689414094904
-217.769968410521159
-217.765870990209777
-217.764163919266736
-217.760124136284446
-217.758119590270383
-217.756979046560019
-217.756123241741363
-217.755461512958277
-217.754752694329682
-217.750848466713080
-217.745712233164653
-217.743623779740346
-217.739405834820815
-217.738551484808681
-217.738417150220812
-217.734995047268569
-217.726521439530444
-217.724730316646941
-217.720759525835234
-217.717282716242892
-217.716148923026822
-217.711537518246416
-217.709644311089335
-217.708294776377784
-217.706655405766696
-217.693171864726509
-217.691161078839144
-217.686501045567155
-217.686439418317605
-217.682899801663865
-217.673228000954282
-217.657929609990788
-217.655946078313917
-217.654665318932928
-217.653923192865591
-217.647768717919320
-217.645692678646668
-217.641740960652811
-217.624431212517862
-217.624323721353733
-217.622368891858343
-217.616669758222088
-217.612066042211353
-217.611330987093680
-217.607285523182810
-217.603671151422901
-217.601820136713513
-217.601717475580614
-217.600356304318609
-217.594980892621464
-217.594609050271146
-217.588125367474902
-217.586902589979616
-217.582507592900356
-217.580746509545321
-217.580101006586233
-217.574498594775775
-217.561197951070142
-217.558885440793432
-217.555415661553553
-217.552679465112334
-217.544173079213124
-217.541133318567802
-217.536844924401947
-217.535571173936319
-217.530781064656992
-217.529696156414843
-217.528557715967537
-217.524398746977823
-217.522554592606468
-217.522259717875301
-217.520461730516274
-217.515005177528309
-217.510082746035181
-217.507810331277312
-217.507709621829832
-217.499200939485775
-217.495862271975199
-217.482893872472687
-217.479229457867973
-217.467922792423337
-217.465222128664607
-217.460628253938921
-217.460232063395779
-217.457803786645627
-217.453474872743641
-217.450187846953980
-217.449376893073520
-217.448660873963320
-217.443866735010999
-217.438576921419838
-217.437760928553786
-217.435416925224786
-217.434217683917950
-217.430689409237118
-217.426138866606976
-217.411880569260234
-217.398127952545650
-217.391194282591158
-217.386588514721637
-217.385872994882931
-217.371139857157544
-217.362669411356649
-217.356065755133216
-217.341640498703725
-217.336969046899782
-217.334622774406569
-217.331421502171395
-217.328233550899427
-217.326203601787682
-217.325205391393155
-217.322861842106590
-217.312429139959164
-217.312165703839611
-217.308205677200903
-217.306743788797320
-217.305689867068793
-217.305679523458537
-217.299252701858620
-217.298416302952319
-217.298089632914525
-217.295865528291984
-217.292070262047105
-217.291890066041333
-217.290325690726377
-217.290211424204159
-217.289294159401635
-217.284459983367725
-217.282329332140165
-217.278589486787212
-217.276528441364434
-217.275499608375014
-217.273391146475490
-217.202512906014164
-217.194644020221460
-217.182156928162527
-217.175695939688495
-217.165893748492579
-217.111446910467436
-217.108554098858633
-217.104875037549647
-217.102182061203933
-217.100823516904711
-217.097720586081181
-217.096417563886803
-217.090609483781748
-217.083378678462395
-217.081910649199642
-217.077833035511020
-217.077035689508790
-217.068756566146277
-217.062891290035168
-217.058598226211529
-217.037644633605964
-217.034488852753952
-217.021754449625917
-217.007122874648530
-216.993887823642353
-216.990982019364907
-216.989392733500495
-216.988385792577247
-216.978505172482699
-216.968522784576635
-216.965812460750868
-216.959923885298252
-216.951040635027226
-216.944437450350335
-216.942079842806777
-216.932770256099047
-216.927555773014944
-216.926114090806323
-216.915443649727848
-216.888150086014122
-216.885028836711086
-216.876837810343005
-216.831693557474324
-216.830012999908860
-216.829593217502747
-216.822850935898202
-216.817187820367849
-216.797980422359217
-216.794657565475944
-216.793838820467556
-216.789514240900758
-216.778933560216331
-216.767362218929378
-216.754197896855715
-216.751410087967685
-216.749808431411708
-216.748716640966762
-216.746893700196438
-216.738248801349755
-216.735968244871174
-216.717695496029478
-216.701918509068975
-216.697609406550640
-216.690670170575913
-216.681924592977111
-216.680884877444726
-216.669640111870933
-216.660246913612127
-216.646829176881454
-216.620874721815653
-216.619909247718027
-216.608194532486124
-216.604110544342234
-216.601956452106236
-216.591146844856382
-216.588320246229358
-216.584592778430476
-216.571454808384601
-216.559424396625730
-216.534449266270144
-216.514589224399344
-216.512189078504349
-216.504822654424856
-216.501815605763852
-216.450221295031213
-216.447037055210757
-216.445947854636586
-216.434320790305463
-216.430114429085364
-216.411465376594577
-216.277168533047558
-216.264717331759471
-216.257941904389384
-216.252213709316322
-216.244165128800773
-216.235440857035883
-216.204543392928855
-216.197300257785656
-216.195646919848741
-216.191687843604086
-216.175991594962881
-216.167921039622797
-216.006476591032197
-215.985589066434443
-215.974145338728817
-215.965066428256421
-215.959325137605987
-215.953333234570351
-215.151265588947922
-215.146851149172420
-215.143802640940180
-215.139415120954055
-215.138554539986302
-215.128482617678486
