-230.497657389900439
-230.470903139568549
-230.466991066829024
-230.456349513068091
-230.448701858910823
-230.445403148480011
-230.432267112754772
-230.430925581644800
-230.427522453434051
-230.425036743172200
-230.421843048315424
-230.419199687899550
-230.415239531115077
-230.407439160345604
-230.406087322696663
-230.404053972113502
-230.402478190154056
-230.396239451969251
-230.392998198245465
-230.391944807394992
-230.385264211312375
-230.382196895522071
-230.374636028293310
-230.369227636821336
-230.367502613293425
-230.365388046569279
-230.363521978463126
-230.358359209919655
-230.357361643335366
-230.353306078119601
-230.352367477406574
-230.351576675438764
-230.347366032798647
-230.346799600092027
-230.345435976330407
-230.344399473618324
-230.341997303617944
-230.339500150630499
-230.338176365205840
-230.337576973368044
-230.333932494275302
-230.333092691465225
-230.331907995791141
-230.329518744890919
-230.327606575879969
-230.323966595500025
-230.322990759565897
-230.321180892988053
-230.318925995274896
-230.315909556835038
-230.311337384847860
-230.309866018679116
-230.308572431213207
-230.307678137383249
-230.305783764453878
-230.302942124614731
-230.302413907948704
-230.301538639367834
-230.300869373388537
-230.298980404090628
-230.293437208732541
-230.292145211793411
-230.289920006254619
-230.288605287573262
-230.287742463020464
-230.286820972959077
-230.281441310579027
-230.280110227467617
-230.279125275547869
-230.274205432917000
-230.270976853914107
-230.267849332595517
-230.265268380546559
-230.261980856955574
-230.260139590701954
-230.259153143371890
-230.257020216207110
-230.253100438595311
-230.250921472794346
-230.249319380334555
-230.247285195462922
-230.246833625357397
-230.245787908055547
-230.245325790883697
-230.244512123845880
-230.243093099222904
-230.241458252453214
-230.240898403853976
-230.238859458694122
-230.238358046700711
-230.237309933171844
-230.236487782004303
-230.234812685870565
-230.232594679385670
-230.230933137202527
-230.229542980036882
-230.227679512441341
-230.224722479282406
-230.224176254238472
-230.223686229151582
-230.222632012959508
-230.221538041251051
-230.220836167136014
-230.219812367076059
-230.218866156474718
-230.218492563754694
-230.217110367978336
-230.216265775123134
-230.216053105006552
-230.214610275530589
-230.212195171755070
-230.211939490213354
-230.210123133352113
-230.207042369420634
-230.205574706284892
-230.203692749319174
-230.203072406040633
-230.202539648198041
-230.201272648995086
-230.200477323676097
-230.199945294368945
-230.199023060095868
-230.198455910192592
-230.197554196004575
-230.194341623816513
-230.193879593089463
-230.193216633856650
-230.191925739777730
-230.190604836708843
-230.189580397402324
-230.189334052157477
-230.187405277498385
-230.186930442204897
-230.185951486268920
-230.185257676366007
-230.184153616873431
-230.183112920324220
-230.182811253239151
-230.181781839455880
-230.181361435305007
-230.180432947473520
-230.179099561708540
-230.178372527653835
-230.178065779576428
-230.177098096304434
-230.175539513464997
-230.174575917601260
-230.173911619800975
-230.172864812877435
-230.172040331367782
-230.170480186173052
-230.169089065582966
-230.168314398765887
-230.166110201430627
-230.165642125847256
-230.163974382285033
-230.162581493940650
-230.161134630529659
-230.160646410251616
-230.159642629186578
-230.159260443179761
-230.158544220192795
-230.157206960503771
-230.156446994627316
-230.155337435614769
-230.154333360156841
-230.153476193765897
-230.152354096184808
-230.151616922404656
-230.150382800494697
-230.149753011317330
-230.148610109483855
-230.147496376346822
-230.146727709703924
-230.145985574450691
-230.145479518793593
-230.144173048696587
-230.142477844955152
-230.141740982869692
-230.140541002887858
-230.139889253180968
-230.138877811469371
-230.138556557562509
-230.137802277254707
-230.136403639118612
-230.134743672332093
-230.132955246602137
-230.132120962680233
-230.130967061714529
-230.128377906308003
-230.127275754209251
-230.125516097211147
-230.124476054604202
-230.122849085460643
-230.121930695083080
-230.121091133985601
-230.119150037091401
-230.118092137593692
-230.117716729944732
-230.116750356311087
-230.115956861061392
-230.114670671903497
-230.114204968627064
-230.113433128770396
-230.111888537793476
-230.111480582207207
-230.110857049684142
-230.109621720129297
-230.108387778579527
-230.108232746718727
-230.107568166373909
-230.106604246801737
-230.106017548453536
-230.104787876046800
-230.104406081242928
-230.103216888439249
-230.102654023682163
-230.102176980556749
-230.099829051752323
-230.099171265318660
-230.098167630660754
-230.097051329121371
-230.096419900868966
-230.095422512988648
-230.094489679915853
-230.093015712544144
-230.092090620881663
-230.091615668757612
-230.091042103161868
-230.090228908338361
-230.089749281789977
-230.088662225228035
-230.088056280073147
-230.087099681334649
-230.086450549056394
-230.085838473564650
-230.084985656875602
-230.084252893496512
-230.083648942572580
-230.083358445163697
-230.082487565315290
-230.081321817141230
-230.080366504991787
-230.079898923223453
-230.078541396172596
-230.077845338189746
-230.076296541172894
-230.075807486517448
-230.075197638717498
-230.074297768249949
-230.073135374612946
-230.071980836224839
-230.070907945005814
-230.069371319831163
-230.068836555206644
-230.068393228900248
-230.067539663837351
-230.066743594881927
-230.065979941239391
-230.065133433898978
-230.064138074035156
-230.062819884586474
-230.062124358286411
-230.061538240205266
-230.060840265159214
-230.060412166095233
-230.059765076501321
-230.059150671709006
-230.058566814433703
-230.058118514444175
-230.057805647460725
-230.056904247564546
-230.056432651639568
-230.055966754106663
-230.055275535646501
-230.054474988112105
-230.053939651717258
-230.052501856560923
-230.052233043066650
-230.051410002016098
-230.050958733369868
-230.050452194931182
-230.049708502555120
-230.049378617515487
-230.048430389139639
-230.047790447672469
-230.046616641426965
-230.044734177101560
-230.044144863462094
-230.043242823559666
-230.042688415007717
-230.042283468699992
-230.041830700363818
-230.040713574262071
-230.039930924853081
-230.037902227543015
-230.037306291813508
-230.036701986865438
-230.036020351560381
-230.034859215744007
-230.033811524834135
-230.033017915167477
-230.032331361196896
-230.030728829660973
-230.030466372667036
-230.030144086647425
-230.028500995441902
-230.027672903886952
-230.026705235361561
-230.026208845294462
-230.025842340562605
-230.025209333289922
-230.024635591707465
-230.024343237581490
-230.023726490339527
-230.022925279730686
-230.022566779773427
-230.020823925668822
-230.019278691165454
-230.018474234226431
-230.017486445438379
-230.017123958301369
-230.016168701792992
-230.015476883171260
-230.013826234162224
-230.013038307065955
-230.012184813514040
-230.010385266865171
-230.010006639029456
-230.009077670963336
-230.008174595392802
-230.007664192625015
-230.006790591225069
-230.005277141787047
-230.004987993589992
-230.003437520012369
-230.002795168735531
-230.001672055618116
-230.000310784854747
-229.999424655776494
-229.998286518009422
-229.997690775018214
-229.996298299191494
-229.995216911520259
-229.995057150618891
-229.994182595671020
-229.993537254166739
-229.993344367376835
-229.991922280594224
-229.990821958546292
-229.990141835763325
-229.989522506246175
-229.989115770761146
-229.988170817862454
-229.987175821916111
-229.986605490958794
-229.986230766685367
-229.984426497521156
-229.983649875257328
-229.982344675624461
-229.981153871189235
-229.980352868564864
-229.979818915927524
-229.979329754390534
-229.977700536199762
-229.976727427498503
-229.976203399400248
-229.975073953822118
-229.974600867117630
-229.973817975308606
-229.973108882775307
-229.972474894716328
-229.972263227120862
-229.970980506466248
-229.969069560498298
-229.968232341055227
-229.967879115776583
-229.967109527375953
-229.965951015749567
-229.965160755532281
-229.964578974416270
-229.963815900183079
-229.962159818209784
-229.961516268173540
-229.960270375528069
-229.959763221076713
-229.958631246211638
-229.958321878582353
-229.957872353599015
-229.957055530915511
-229.955886215547110
-229.954867625164695
-229.954218851945683
-229.953142757447949
-229.951998594927716
-229.951014653410198
-229.950121280695299
-229.949581008482625
-229.948618506429568
-229.947543862071541
-229.947125178962693
-229.945930726602143
-229.945238046204963
-229.944313219676047
-229.943225606899716
-229.942969060043595
-229.942253448179059
-229.941694451477105
-229.941080052266358
-229.940141879223347
-229.939716138319397
-229.938632439984019
-229.938052208371289
-229.936324410970997
-229.935161268102036
-229.934659627544704
-229.933999287664648
-229.933356802417478
-229.932612087826840
-229.932116964287644
-229.930565474300124
-229.930196475823806
-229.929742544223444
-229.928966858173936
-229.927705997496162
-229.926841955035655
-229.925758605182892
-229.925010542297485
-229.924409841493912
-229.923941834506820
-229.923516757455644
-229.922339132905933
-229.921675353265186
-229.919931380856269
-229.919522012052141
-229.919161980509728
-229.918317375415512
-229.917770972003439
-229.917067750070686
-229.916537486347409
-229.914872760603174
-229.914011834000405
-229.912973178518854
-229.912494182533294
-229.911734007501138
-229.911178451439184
-229.910502231392400
-229.909299893722562
-229.908894511104961
-229.908124539446732
-229.907109681303211
-229.906595976093485
-229.904983342945883
-229.904467650260443
-229.903665545495073
-229.902292900007353
-229.901929947898026
-229.900578444894421
-229.899772239838939
-229.898921570350097
-229.898032112047332
-229.897181533411725
-229.896821781256079
-229.896261777196969
-229.895130533147551
-229.894258167156863
-229.893555672050837
-229.893363913102661
-229.892761078133731
-229.891995731430001
-229.891446350442436
-229.890483565797211
-229.890225503055717
-229.889769261683483
-229.888410285357935
-229.887989859056177
-229.886350060119838
-229.885420901511822
-229.884451206013580
-229.883000832686491
-229.882509017698197
-229.881828188172392
-229.880667115447835
-229.879679051368214
-229.879028946292806
-229.877448267540842
-229.877164669181354
-229.875400823638728
-229.874923286686396
-229.874208693216104
-229.872881470061088
-229.871245884539320
-229.870756762904449
-229.870472822680483
-229.869461078554423
-229.868797599343424
-229.868412730565211
-229.867728466812480
-229.866821135335101
-229.865956417961030
-229.865639355812505
-229.864650698031170
-229.864241363068714
-229.863612328241032
-229.862783910155912
-229.862310154079637
-229.861507546543578
-229.861029273736847
-229.860545178335173
-229.860045124862609
-229.859345433389308
-229.858700879732112
-229.858355909934659
-229.857552133924855
-229.856993845880623
-229.856230986355854
-229.855638477119157
-229.854628815828477
-229.854089836549093
-229.853695825203317
-229.853201041754261
-229.852494040323421
-229.851920484395890
-229.851188468214986
-229.850651044911729
-229.849433217440094
-229.849042711992638
-229.848231660794227
-229.847714640341025
-229.847610845949049
-229.846442565235634
-229.846109317455500
-229.845794969500673
-229.844527889070662
-229.844086088745883
-229.843436237587213
-229.842996200562482
-229.842327908691914
-229.841080816671422
-229.840242226016670
-229.839396750253940
-229.838677408136363
-229.837409298295455
-229.836733427985365
-229.836368095863406
-229.835657341306813
-229.835200051495832
-229.834699571933697
-229.833533455868348
-229.833102817795577
-229.832115147010370
-229.831031595418750
-229.830628129914089
-229.830474416161451
-229.829512427383293
-229.828937577394498
-229.828153381865064
-229.827464218602813
-229.826721519037989
-229.825943738735617
-229.825498093917219
-229.824798591460365
-229.824172587254481
-229.823277379102592
-229.821885269137368
-229.821590285914851
-229.820672804377978
-229.819760791394145
-229.818560506658230
-229.817949756367057
-229.816888791558455
-229.816110696546531
-229.815722574483061
-229.814115369743888
-229.812958586676018
-229.812358681990645
-229.812045574264289
-229.811256029713235
-229.810567578759333
-229.809943611799298
-229.809311756106609
-229.808612465522742
-229.808103403536080
-229.806487640069435
-229.805302276193856
-229.804038806683650
-229.803363412966746
-229.802812512277512
-229.802295611246024
-229.801116055847814
-229.799929773097574
-229.799503699314840
-229.798461882639629
-229.796923394405411
-229.795323030819503
-229.794030849605917
-229.793258510202207
-229.792180948435401
-229.791754041973633
-229.790541195465863
-229.790314031422412
-229.789089827064686
-229.788273714142804
-229.787970178336934
-229.786628901803880
-229.785017008670764
-229.784640362418997
-229.783453192161971
-229.782902418441580
-229.782544486489257
-229.781281764416605
-229.780654549969114
-229.780315444837413
-229.778506116422136
-229.778206227554904
-229.777237844315579
-229.776675739451292
-229.775588823437033
-229.773205201739216
-229.772898048928937
-229.771549761112681
-229.770911229164057
-229.770366276136173
-229.769382545892427
-229.767974979472001
-229.767445352678891
-229.766660460420240
-229.764707466729277
-229.764323331706294
-229.763996004316482
-229.762567755720028
-229.762211045033467
-229.760626949714094
-229.760293145303621
-229.759422374476998
-229.758542876785611
-229.757973365291804
-229.757237376758752
-229.756379520216569
-229.755392635924636
-229.754333322324868
-229.753147857162844
-229.752093651253546
-229.750980407281048
-229.750467615361117
-229.749805874657625
-229.749394100998416
-229.748359414489045
-229.748081226339025
-229.747342838516346
-229.747095692762827
-229.746395538602513
-229.745901865336293
-229.744904838895820
-229.744124063483042
-229.742969890408290
-229.742216780707906
-229.741468073310671
-229.740869667544246
-229.740611147366934
-229.740158949361302
-229.738757067324173
-229.738376914325215
-229.737756963416757
-229.737183549450350
-229.736454194915694
-229.736228174345513
-229.735947856661198
-229.735351326529127
-229.734640906783511
-229.734273512847295
-229.733877392178101
-229.733218616149429
-229.732860858153543
-229.731658885448610
-229.731149453547800
-229.730689283885397
-229.730050836517535
-229.729105757292757
-229.728563754788297
-229.727294205056893
-229.726611088516904
-229.726124924240338
-229.725902833832436
-229.724982326906115
-229.724671702172117
-229.723820379103643
-229.723234156621004
-229.722750008921651
-229.722178607758224
-229.721831532936051
-229.720716749919774
-229.720147201541067
-229.719592793174030
-229.719182529150942
-229.718532496907585
-229.717543921960157
-229.716514093914697
-229.715470451855339
-229.714780232341099
-229.714506643538982
-229.713673135251184
-229.712727943969725
-229.711800431094105
-229.711175264020653
-229.710115767008858
-229.709743717855901
-229.708858330544842
-229.708442176768131
-229.707861337500447
-229.706931765002764
-229.706552832664073
-229.704972360286746
-229.704585535505430
-229.703822775732846
-229.703187375551238
-229.702847985297353
-229.701730773123330
-229.700859913813019
-229.700558824047249
-229.699293729643045
-229.698684024542302
-229.698398144113327
-229.697570499876349
-229.697130579213990
-229.695742086569908
-229.695075175173173
-229.694349686761797
-229.693168636251926
-229.692924547681116
-229.692064957255042
-229.691661033991096
-229.691299048991937
-229.690632055555739
-229.689393606306567
-229.688924318516229
-229.687620532155364
-229.686551395422498
-229.686194567347030
-229.685659149519012
-229.685544830107403
-229.685021681657446
-229.684115668029420
-229.683330885907907
-229.681929813645127
-229.681152262678268
-229.680869243986564
-229.679824771595747
-229.679299279488333
-229.678657500684324
-229.677039017858164
-229.676297305091424
-229.675364606906015
-229.674574347850580
-229.674173411814081
-229.673684540358948
-229.672988172530665
-229.672001879543757
-229.671615953733010
-229.670426291044436
-229.669849837597951
-229.669314283345898
-229.668520195108954
-229.667887579273440
-229.667732793663077
-229.667076033991435
-229.665854955350085
-229.665479151169308
-229.664881142847207
-229.664099718099010
-229.663306584810613
-229.662477564739191
-229.661885267028026
-229.660745297071969
-229.660485421010520
-229.659708517261208
-229.659088579200500
-229.658501699412369
-229.657305256828835
-229.657184461320327
-229.656398039792975
-229.655757525793973
-229.655117923040393
-229.654667294138818
-229.654338458243700
-229.653655260083241
-229.653181790515447
-229.652659272213896
-229.652038563374674
-229.651756537364804
-229.651532013949321
-229.650812751599574
-229.650613879523632
-229.649373131189662
-229.648620840865703
-229.647467099054552
-229.647156384254060
-229.646910480294679
-229.645976234964053
-229.645614344425979
-229.644265788440208
-229.644062513339236
-229.643148110913273
-229.642308717399828
-229.641678257084209
-229.641159042142135
-229.640422575107749
-229.639627356031440
-229.638366785000414
-229.638070128488721
-229.637056561554118
-229.636450095009309
-229.636230280939685
-229.635715072557133
-229.634753400686435
-229.634259956943652
-229.633664319588945
-229.632921598508148
-229.632378857056153
-229.631377622321281
-229.630738047373654
-229.630387461515880
-229.629170012517335
-229.628755675383132
-229.627637017539342
-229.627206177268306
-229.626274644633696
-229.625845845491710
-229.624871011172132
-229.624096101982730
-229.623558605084469
-229.622420674685515
-229.621881242384291
-229.620778160902319
-229.620129915343540
-229.619340689151585
-229.618613710347830
-229.618124818035199
-229.617225262002449
-229.616474266760804
-229.615791926018431
-229.615127760343029
-229.614648750674036
-229.614116821515097
-229.613420772802186
-229.612772296121051
-229.612342313023873
-229.611792814267346
-229.610200278491590
-229.610016499241368
-229.609608725814866
-229.608862749570079
-229.607809027308178
-229.607126150973755
-229.606984158517122
-229.606396340092488
-229.605441786240220
-229.604648636644328
-229.604340639601588
-229.603468703840406
-229.602329498292931
-229.602241051592756
-229.601513908765810
-229.600328764275588
-229.599835994954219
-229.599152220204644
-229.598521471248915
-229.597852432453323
-229.597324587143021
-229.596751194658225
-229.595934905071744
-229.595443441515670
-229.594555809417812
-229.594026822946290
-229.593249317733779
-229.592554439603418
-229.591437002173876
-229.590942196466358
-229.589839817472125
-229.589358248512099
-229.588853861215767
-229.588011202688108
-229.586945039622265
-229.586786486595059
-229.585424521016449
-229.584855652567711
-229.583851802942007
-229.582591592485699
-229.582072092334386
-229.581383624660333
-229.580396802325396
-229.579322681780013
-229.578656003107909
-229.577556917900438
-229.577086872656935
-229.576376601643091
-229.575902193584426
-229.575238836591495
-229.574403326847090
-229.573363335547384
-229.573131529436381
-229.572296118828660
-229.571085076436560
-229.569958006160931
-229.569488735767379
-229.568773677167428
-229.567975720169045
-229.567053513476679
-229.566500633746415
-229.565368772498914
-229.564366993364501
-229.563786891417379
-229.562954671387502
-229.562372392117311
-229.561329425494733
-229.559769181974502
-229.559376370717757
-229.558310730844340
-229.557294788496705
-229.557021625939029
-229.555915849359877
-229.555573303387831
-229.554828864073556
-229.553465903274912
-229.552609391886847
-229.551032691399797
-229.550722467150081
-229.550054022887196
-229.549334469748999
-229.548349439282305
-229.547577484174724
-229.547138748933094
-229.545592246487303
-229.544778785885796
-229.544520542651185
-229.544141523878096
-229.543497552435753
-229.542483493679413
-229.541460696633834
-229.540717000711538
-229.539425710394568
-229.539074424447392
-229.537865845272393
-229.537724427554537
-229.536786550336444
-229.535972657336885
-229.535399728965473
-229.534612199156953
-229.534229594255777
-229.533633947548651
-229.533342472631148
-229.532745826025717
-229.531961661408815
-229.530803630991613
-229.530155842799303
-229.529404488819495
-229.529034184885802
-229.528338569764713
-229.527434886933008
-229.526708005781586
-229.525889859139454
-229.525059132034926
-229.524276799998205
-229.523925207699591
-229.523382197764874
-229.521994573806722
-229.521346019879360
-229.520384936813713
-229.519956801536352
-229.518725311797340
-229.518422986749812
-229.517547441873262
-229.517208516434010
-229.515935723631259
-229.515304823307787
-229.514590275899451
-229.514165565988776
-229.513884678451774
-229.512492414789278
-229.511934843379777
-229.511808550709929
-229.510989113441099
-229.509866177985373
-229.508962012483693
-229.508408700543697
-229.508114073190654
-229.507606894139201
-229.506750706551685
-229.505849980192892
-229.505300287647515
-229.504557232670720
-229.504174399542848
-229.503660249589416
-229.503342063582153
-229.503042043517411
-229.502149927367356
-229.501282715498604
-229.500774954628895
-229.500019644630328
-229.499360401134851
-229.498499872816097
-229.498059627249120
-229.497833807289396
-229.496285695111936
-229.495985092836804
-229.495710781000696
-229.494723597818876
-229.494143057396286
-229.493681567515807
-229.492871647245011
-229.492139522654924
-229.491468553040932
-229.490283257238787
-229.490168531602677
-229.489011437488074
-229.488197444465726
-229.487237722615646
-229.486704787139701
-229.486236014417329
-229.485435872253959
-229.484965895325104
-229.484614199079886
-229.483302749986393
-229.482906299457909
-229.482126139046102
-229.481720202168674
-229.481092141818237
-229.479844326200578
-229.479363476888949
-229.478368008207809
-229.477810383833486
-229.477200061092077
-229.475738158457290
-229.475405063865793
-229.474296660848694
-229.473676685609519
-229.473023117043255
-229.471390159265127
-229.470699280561291
-229.469962973041987
-229.468738847499765
-229.468231173432144
-229.467501504816141
-229.466348187566922
-229.465274670769844
-229.464823301725971
-229.463549260129042
-229.462856398987441
-229.462637985047252
-229.461478621047746
-229.460018615765421
-229.459178653317593
-229.458660094971918
-229.458095485913958
-229.457160712158469
-229.455967659815997
-229.455243151078037
-229.454524485571056
-229.453410915459898
-229.452163392738584
-229.451669879731611
-229.451040067719845
-229.449776459523264
-229.448897095729876
-229.448399121517070
-229.447564941837982
-229.446058474070526
-229.445485530747419
-229.444401314498549
-229.442947127820588
-229.441717713641054
-229.440949610243962
-229.440125905576451
-229.439872826681807
-229.438439151280903
-229.438094895793682
-229.436889063616462
-229.436018921635934
-229.434254431570849
-229.433427271167773
-229.432228393195686
-229.431228081059970
-229.429943435606958
-229.429179654300839
-229.427198128103754
-229.426521905376461
-229.425912522828554
-229.424542984472112
-229.423808249934979
-229.422937973423984
-229.422125885120067
-229.421594007575180
-229.421333843330217
-229.420017965105103
-229.419299196570563
-229.418180097758324
-229.417525855239603
-229.417233435105118
-229.416549667961675
-229.415190257011915
-229.414317870808560
-229.414050838482382
-229.412572233157732
-229.411994369921700
-229.411577285312660
-229.410756152737775
-229.409310031502770
-229.408378434740570
-229.407732546211406
-229.406761000607020
-229.406433013661314
-229.404938603946334
-229.403886824140017
-229.403561756728095
-229.402594485566567
-229.402093193799658
-229.401173058416987
-229.400450427526465
-229.399373540760706
-229.398252286315255
-229.397616787078107
-229.396275491709815
-229.395794620255117
-229.394825550013394
-229.394386196637925
-229.393972165251142
-229.393273957840023
-229.392234277280977
-229.391568324327835
-229.390372172285055
-229.389489205942937
-229.388929782672676
-229.388150716683299
-229.386590021788749
-229.385345038850573
-229.384841943915461
-229.384349543281644
-229.383722229438717
-229.382805184124209
-229.381664552920824
-229.380840854725051
-229.380383394204017
-229.379869609493284
-229.379199316580213
-229.378402822753827
-229.377434216657775
-229.377210179868825
-229.376068612076608
-229.375340613566266
-229.374297444695486
-229.373423979490497
-229.371956758517456
-229.370626867336341
-229.369987575116312
-229.368824969490390
-229.367587918546803
-229.366816586279555
-229.365901509684932
-229.365356634923529
-229.364742214874184
-229.363900026244721
-229.363206265101411
-229.362037570842062
-229.360767767333442
-229.359772974746960
-229.359280595634715
-229.358331631387955
-229.357209860723003
-229.356167495221257
-229.355534198046826
-229.354572778518900
-229.353521227875405
-229.352726778143563
-229.350870305183662
-229.350558579226657
-229.349609897599834
-229.348277884938426
-229.347126104673151
-229.346539382372526
-229.345373502155695
-229.344143350804359
-229.343378996062597
-229.341702160451007
-229.340781556344211
-229.340131328485541
-229.339461022839089
-229.338511383488623
-229.337832494880189
-229.337284857719169
-229.335884753234325
-229.334974727687353
-229.334031262648836
-229.333251481824590
-229.332587200360393
-229.331690973462884
-229.330544446247188
-229.329720949851975
-229.328044235362398
-229.327671701088605
-229.326266633458857
-229.325255111696521
-229.324209527561635
-229.323258892870740
-229.321777323397384
-229.320594451790299
-229.319695014416538
-229.319435990140761
-229.316925809716651
-229.316498173455841
-229.314807849270494
-229.313239827311349
-229.312613790329294
-229.311904643517806
-229.311014572845920
-229.310065456983864
-229.309534284255420
-229.308551793753054
-229.306877686747299
-229.306523183645993
-229.306061715041750
-229.305677452903382
-229.303789008067014
-229.302610453402679
-229.301801321369879
-229.301065953278993
-229.299740180083717
-229.299214582542504
-229.298761714538017
-229.297677946345999
-229.297197669852352
-229.296195620487339
-229.294969921996881
-229.294411219093149
-229.293586680559685
-229.292362095210848
-229.290334170073777
-229.289231256849092
-229.287820229390945
-229.287110523921541
-229.285605378710471
-229.284689043454165
-229.283852988705689
-229.283361581086808
-229.281263065088723
-229.280535474824859
-229.279255806827791
-229.277945940053911
-229.277603338419368
-229.276878558437176
-229.275271490021225
-229.273624226876251
-229.272417216713137
-229.270952951674388
-229.270288505153133
-229.268493670566158
-229.267792625765054
-229.267123242915119
-229.265221182712622
-229.264601184242991
-229.263959887208671
-229.262073482853623
-229.259548988491673
-229.258919279697665
-229.258163916692411
-229.257446195383523
-229.255471427886192
-229.255263121574188
-229.254076606546477
-229.253295451097244
-229.252012465215586
-229.249866787359537
-229.249152473712599
-229.248585688324425
-229.245746288019291
-229.244563556622097
-229.244002638018713
-229.243157497565164
-229.240528904908558
-229.238409205757051
-229.237348510449408
-229.235926770079715
-229.234807296977209
-229.234155775153283
-229.232887564989596
-229.230883335965473
-229.229096248669038
-229.226654690144755
-229.225930976168030
-229.224901044040308
-229.223753634307201
-229.221979077588458
-229.220948293161115
-229.218021820138034
-229.216326705951531
-229.215634074168491
-229.214007927418407
-229.213256708577376
-229.212555869141511
-229.211633213267675
-229.211069298740540
-229.209550457848309
-229.208558532208599
-229.207696195511545
-229.206040801850861
-229.204804921584639
-229.203441375459221
-229.201794500508186
-229.200398153249836
-229.199188416108882
-229.198893895984043
-229.197975970515671
-229.195928205075859
-229.195058667888418
-229.193991709038414
-229.192321069274982
-229.190647634462806
-229.189167777925519
-229.188808522966752
-229.187456309533076
-229.186104761682600
-229.184434062244264
-229.183940940318678
-229.181585010050441
-229.180774827786678
-229.180329019455570
-229.179510767727777
-229.178548601291851
-229.177130745219699
-229.175676992313441
-229.174705366826231
-229.172725075841726
-229.172106395349999
-229.170530403656699
-229.168822111650087
-229.167840843896613
-229.166684853339973
-229.164748188728197
-229.163997516112005
-229.163321831276278
-229.161923957103340
-229.161002562903377
-229.159414069210527
-229.157687968573640
-229.156921798016441
-229.156184582731754
-229.154368255815257
-229.153607970146112
-229.152741408663928
-229.151218760423774
-229.148725603710801
-229.148409334917005
-229.147041745393238
-229.145372664048466
-229.144020213354366
-229.143548036466626
-229.142452936625773
-229.141493203590585
-229.139645507186657
-229.138759328586531
-229.137888371157118
-229.135228135223343
-229.133705500631379
-229.130881265687606
-229.129578295595252
-229.128982303780020
-229.126760708415674
-229.126285624851647
-229.123888164749360
-229.123461128612917
-229.122333784574323
-229.121618720947737
-229.119571121681844
-229.118252973603347
-229.116968821666376
-229.115265474826089
-229.113215658709493
-229.112586924203981
-229.111767682026766
-229.110274348866653
-229.107938680355346
-229.107257076899373
-229.105376081244373
-229.103966113993323
-229.102496916264869
-229.101892895682255
-229.100660512977441
-229.098689639994291
-229.096957077933212
-229.096085411592469
-229.094705997462427
-229.093758970641829
-229.092396806872557
-229.091226264939678
-229.090322082699061
-229.086937222348809
-229.085022785039001
-229.083953697971026
-229.081603764084662
-229.080100760158558
-229.079414273433429
-229.077898221675753
-229.077070134621181
-229.073507087805808
-229.071123986992660
-229.070328342962085
-229.068619395203655
-229.068139502192281
-229.066282132002613
-229.065266702313693
-229.063701616345071
-229.060850261804205
-229.060015054560466
-229.058222503857422
-229.057204265278671
-229.055774528999677
-229.054917346639201
-229.051452316705593
-229.050206549078041
-229.049077689010261
-229.047316628903104
-229.047003056729693
-229.046470784475702
-229.044778218331544
-229.043349040600475
-229.040889453420164
-229.040289217810397
-229.038137812295872
-229.036592033362297
-229.035784209480482
-229.034710790055016
-229.033070185761517
-229.031785155000591
-229.030150696213667
-229.028100734504079
-229.027573518148898
-229.025980675663618
-229.021879115607561
-229.020428934423080
-229.018469935002713
-229.015839700248620
-229.012999707585038
-229.011549739264922
-229.010263454540620
-229.008368024779116
-229.006531139280355
-229.005283599159043
-229.004090964493656
-229.002879080694527
-229.000955308026562
-228.999361727281553
-228.998447612280927
-228.997511189719916
-228.994896538385575
-228.994520341149610
-228.991711517023333
-228.990004113747489
-228.988662539903999
-228.987177135978101
-228.985779988186465
-228.984674493152284
-228.984284641742789
-228.983214255996529
-228.981509545695417
-228.980059347615367
-228.978435976322771
-228.977553852644462
-228.976008974694906
-228.974986701244660
-228.974267540559623
-228.972981953599856
-228.970683812477517
-228.969045306445878
-228.967969811408238
-228.967028460458863
-228.966434986274038
-228.964681874532630
-228.963128934167116
-228.962149671382662
-228.960683475896474
-228.958993058107552
-228.957151967457975
-228.956804097790638
-228.954843227336283
-228.954355346836024
-228.952837598123978
-228.950173448294976
-228.948667470183608
-228.947917010317383
-228.945354370379846
-228.944871702958352
-228.941564945037584
-228.940623186839076
-228.938193562161217
-228.936569518388893
-228.935768549466871
-228.933198896340031
-228.931002016747613
-228.929585427063017
-228.928639172004807
-228.927165056772878
-228.925826970183749
-228.924957147446833
-228.924433801799097
-228.922507101765518
-228.921552473711415
-228.920287478936473
-228.919235832225326
-228.917374511527555
-228.916202734519629
-228.914836165534837
-228.913906714829238
-228.913132584932299
-228.912075374575579
-228.910322208540862
-228.909814935163865
-228.908344556371986
-228.907554691211487
-228.906118808347912
-228.903601269691080
-228.902959670515997
-228.900954033197905
-228.899271953216839
-228.898183570261921
-228.897083599999632
-228.895861016238484
-228.893652707298884
-228.892811374378311
-228.891440719270406
-228.889575130605436
-228.887486028605764
-228.885721204266332
-228.884140350541685
-228.882203994064554
-228.880919407776645
-228.878839440834525
-228.877796107913809
-228.876570827006958
-228.874152917000089
-228.872860822990873
-228.871151902221186
-228.869638100888523
-228.868980116320785
-228.866495904542973
-228.865871338957334
-228.864895830150459
-228.863602521654059
-228.861609223216163
-228.860290054403549
-228.859499895933652
-228.857757812294778
-228.856193415115001
-228.852136856363785
-228.850346215716286
-228.849424117426935
-228.847752338896868
-228.847366213905900
-228.845183138015983
-228.844177585810172
-228.842893298022773
-228.842414283957822
-228.840914686528691
-228.840115634084498
-228.837679763404196
-228.836067204376008
-228.835632797877480
-228.834863366961400
-228.833877251450502
-228.833216812918693
-228.831548520343802
-228.830985062868109
-228.829536079008705
-228.827526376014930
-228.826003484099544
-228.825539683094433
-228.824956453768976
-228.824183198787892
-228.822723457510534
-228.822153052035532
-228.820437350434304
-228.819645716399151
-228.819398218231640
-228.818470173524929
-228.816657585303687
-228.814587038223351
-228.814030951044487
-228.813471041548638
-228.811266755299329
-228.810024360680785
-228.809074574381953
-228.808265448354689
-228.806832962696120
-228.806119100751090
-228.805581089292701
-228.803112065834995
-228.802424944666313
-228.801404426495651
-228.799915087398119
-228.798634039978793
-228.797090515476611
-228.796772100227940
-228.794692008778668
-228.793022388671545
-228.790835566712929
-228.789640330841394
-228.789262118496509
-228.784985567286952
-228.784152344651801
-228.782850209877978
-228.779495171113894
-228.777927146879051
-228.777006743406787
-228.775475551881755
-228.773772721262446
-228.771556488010646
-228.769745069082973
-228.768857152769584
-228.767991235553836
-228.766204940266704
-228.764104001808590
-228.763281882929363
-228.761116055820082
-228.760348021477824
-228.758687678727455
-228.756773943574132
-228.755279064321911
-228.754030588571283
-228.753218012411679
-228.750321542167086
-228.747284257022159
-228.745963975152222
-228.745282250925897
-228.743705003083988
-228.742580694652247
-228.740864456418933
-228.739537572093980
-228.736912220009998
-228.736377745766958
-228.734392111147116
-228.732963394975116
-228.732404993518912
-228.730345166182360
-228.729027214820292
-228.727932868442082
-228.725754750802139
-228.724749130047570
-228.724328009994423
-228.721622838977908
-228.720743931858522
-228.719179805757250
-228.716733827932501
-228.716492163705169
-228.714898375096624
-228.713333513408855
-228.711268627936647
-228.710749160499631
-228.708578608832369
-228.707726166380382
-228.706649936229439
-228.705505512276119
-228.704564806799198
-228.703165343278442
-228.700546365150075
-228.700175238569642
-228.699034885162547
-228.697575072855699
-228.696491939334038
-228.695797829416051
-228.694541461577472
-228.693359616281896
-228.692328815901590
-228.691432143070188
-228.688536028232846
-228.687478860697951
-228.685751995864763
-228.683976470517280
-228.682701227148897
-228.681181196542383
-228.679965941348030
-228.678899520208347
-228.676683536536757
-228.675600401989300
-228.673805033589531
-228.673393933221149
-228.671231752502223
-228.670537050082714
-228.669414314531025
-228.667903491091238
-228.666136611044720
-228.665291524577214
-228.663823420264379
-228.661564229144233
-228.660933563211501
-228.659840392972285
-228.658605707324170
-228.658087882493589
-228.656996903045211
-228.655525426783555
-228.654852052212902
-228.654188708550464
-228.652409663731248
-228.651762214709265
-228.650644893813194
-228.647002561170069
-228.646390287242980
-228.645218319631965
-228.644884052991131
-228.642684100892609
-228.642153418403467
-228.640925046452566
-228.639897679312980
-228.638699675612656
-228.637788342209973
-228.636479524127083
-228.635710680623504
-228.635287647250976
-228.631992936285684
-228.631375055082742
-228.629929574427507
-228.628541090029870
-228.627774516781642
-228.626658120991124
-228.626246748619195
-228.623349600473631
-228.620632880518343
-228.620022390668851
-228.617036583338489
-228.616238747556594
-228.614506373328481
-228.613668579839924
-228.612785221641587
-228.610199722775377
-228.609179556200786
-228.607219046346728
-228.605996772375221
-228.603935649629193
-228.602159979746403
-228.601375631521677
-228.599232854311111
-228.595100363525972
-228.594730274455429
-228.593603309193298
-228.591184301940189
-228.589502044322842
-228.588504086785576
-228.587513052843349
-228.586843133958126
-228.585672329698923
-228.584754189945869
-228.582841974862760
-228.580826097766362
-228.578251363975028
-228.577072760195279
-228.575270657311791
-228.573732048371767
-228.571929066541628
-228.570225607601685
-228.568692553097065
-228.567323637162247
-228.566724076167588
-228.565476188330337
-228.564128832421488
-228.562483753237160
-228.561506960413681
-228.560376704332242
-228.559243126180831
-228.557756980344379
-228.556296567294282
-228.554821914097971
-228.553842935560056
-228.552477369601547
-228.551455248700677
-228.549947592385848
-228.549097217511274
-228.547492813167707
-228.544413680800318
-228.543745194400259
-228.542785591936791
-228.541926624955551
-228.539948089063643
-228.538434441639140
-228.536686486923116
-228.535085777684486
-228.533449778905180
-228.532383313472337
-228.531325195040012
-228.529309581227892
-228.527398227191924
-228.526091818036008
-228.524463868004801
-228.523684951942272
-228.520637878940022
-228.519142606743685
-228.517879873181499
-228.516365074916649
-228.514830385619035
-228.512571572181201
-228.511711054592809
-228.509717021095582
-228.507631220671783
-228.506205415063960
-228.504516577467996
-228.502494046024623
-228.500431040783496
-228.499584146977071
-228.497100782931028
-228.495419494711399
-228.493992583057235
-228.493343815941330
-228.492219418870064
-228.490775171545181
-228.489652596428868
-228.487234604913851
-228.486051727778403
-228.484665814276354
-228.483876563908581
-228.481560825744936
-228.480573339817767
-228.479563507378060
-228.477235867592299
-228.474801468936022
-228.473264960952122
-228.472920254832957
-228.471230712087049
-228.469566876024317
-228.468421116483711
-228.467150514277705
-228.465518258940989
-228.464269712634604
-228.462882328035590
-228.461522843401838
-228.460620937980650
-228.459857123191142
-228.458078678740350
-228.456545950926227
-228.454665199336716
-228.453074100321174
-228.451999616101233
-228.450321702123119
-228.448888826223623
-228.447168011557437
-228.446316222347861
-228.445362495619037
-228.444063142189009
-228.442190037045094
-228.441621900034988
-228.440459495566273
-228.439132194118400
-228.437220514559442
-228.436922500693129
-228.435172796626489
-228.434811583927853
-228.433337504876221
-228.431756630028787
-228.430462225915477
-228.428530574051791
-228.427505378497983
-228.426118806462540
-228.424632258741639
-228.423571712858774
-228.421606109226019
-228.420440403207010
-228.419588824591642
-228.418087154952445
-228.416047268145775
-228.414774630541189
-228.414262656762332
-228.412657819673797
-228.411264064736258
-228.410263542575478
-228.409843990031789
-228.409365344116821
-228.407148962851409
-228.406407937288691
-228.405794677840419
-228.402851142422350
-228.402618517909019
-228.401551182129822
-228.399526532613947
-228.398500116891086
-228.397073838513307
-228.395647564245820
-228.393505324853294
-228.392232994055576
-228.391799699895842
-228.390366661535467
-228.388708614858984
-228.387932045519960
-228.385352364820676
-228.384727205566207
-228.384203435424723
-228.382482782710213
-228.381877761280037
-228.379503027807772
-228.378198486564088
-228.377050112586033
-228.376161576236001
-228.374272031739764
-228.371572129203344
-228.370387237100232
-228.368907216113087
-228.367617103285795
-228.365948901010569
-228.365521663931730
-228.365069044368283
-228.363482663772430
-228.361136685421911
-228.359708493159502
-228.358415241183195
-228.357259830060798
-228.355093729999822
-228.352902184318282
-228.352291543229001
-228.350667030522374
-228.348880727928304
-228.346803250890105
-228.345034447887997
-228.343242841497812
-228.342259546210727
-228.341016394703445
-228.339278439021939
-228.337793042358925
-228.336520632630851
-228.336058049679480
-228.334721949082592
-228.332735161324365
-228.331772064232666
-228.330777973289173
-228.328469154699150
-228.326503486207258
-228.326053597005455
-228.323462246728667
-228.322327205246836
-228.320740686633627
-228.319098097253402
-228.318147509630364
-228.316192353927789
-228.314609190447413
-228.313719468035316
-228.311865340548366
-228.308863796008950
-228.306132707387263
-228.304211886094294
-228.303499882066319
-228.302547500126707
-228.301205492099882
-228.299293999171283
-228.297247321066379
-228.296513708150485
-228.294840122621821
-228.293643721520255
-228.292157849238862
-228.291076754241288
-228.290314060685091
-228.288235358945002
-228.287322725262584
-228.285850844130351
-228.283650908091090
-228.282688538709806
-228.281147103293478
-228.279430496856037
-228.278727274101129
-228.277972652874951
-228.276884873748770
-228.275679567958747
-228.274829338735373
-228.273056136818298
-228.271239159604050
-228.269988875856541
-228.268194495228499
-228.266703928889171
-228.265930507798799
-228.263705525962024
-228.262616507223612
-228.261265364865977
-228.259918807821833
-228.258679107130916
-228.257105648454740
-228.255905486041797
-228.255197538668483
-228.254273141124401
-228.253031382569617
-228.251459298204111
-228.250411507863618
-228.248153910565861
-228.245288837292321
-228.243918543123328
-228.243268670067124
-228.241608862944219
-228.240897085092115
-228.239692243068305
-228.238347863293541
-228.236906321644994
-228.236133846626018
-228.233840322489812
-228.232879322287658
-228.230593908950112
-228.229964735758756
-228.228186200885546
-228.226691975413644
-228.225767471220394
-228.223852218161198
-228.221846364765156
-228.220831500994649
-228.219260320628393
-228.217268838460626
-228.215851751613002
-228.213702949854479
-228.212674839558701
-228.210780300936023
-228.209325361369707
-228.208359483829355
-228.206337947644158
-228.205044262548739
-228.203889099884094
-228.202213445515611
-228.201389281334002
-228.200683931191890
-228.200160747550115
-228.198481799567503
-228.197064295801425
-228.194658413514333
-228.193680896123141
-228.193017757022119
-228.191224078283142
-228.190374269138005
-228.189570696859192
-228.187795654718030
-228.186972846418797
-228.185996557348261
-228.184747574787934
-228.184195806737023
-228.183234452293448
-228.180740611384294
-228.179743777431923
-228.177652930587442
-228.176337917550455
-228.175274745086000
-228.174117874296542
-228.172849210926074
-228.171041540961994
-228.169888931647904
-228.167279836514382
-228.165958720974601
-228.164588728183077
-228.163415689869879
-228.161898461501465
-228.161152167506032
-228.158699240158057
-228.156963077960768
-228.154700689633643
-228.153948845776853
-228.151720010889193
-228.150128987422903
-228.149243435284973
-228.147425112558295
-228.145750612740102
-228.144714788586526
-228.143370109162561
-228.139897558522705
-228.137658409339480
-228.135853739837330
-228.135329756117272
-228.134492165882477
-228.132380695809843
-228.130636593040805
-228.129189577693580
-228.126197995977350
-228.125465344921110
-228.124353032938529
-228.122913641927653
-228.121847349561165
-228.118695420930806
-228.116980665010345
-228.116103516946822
-228.114940743222121
-228.113337194289727
-228.112238838382495
-228.108155862138176
-228.107375825798897
-228.104925618731244
-228.103917017188962
-228.101624976012232
-228.100588262304086
-228.097671499645600
-228.096871390527184
-228.095061423888069
-228.092561342070951
-228.091152941057942
-228.090532799133968
-228.088920293893466
-228.086532348978011
-228.084951968557363
-228.083163727323409
-228.081865896427729
-228.080036193463002
-228.078427812380937
-228.076317086005389
-228.075359286777569
-228.074684556299758
-228.071503878436175
-228.068302533047444
-228.065659502161992
-228.063374509831164
-228.061477390113652
-228.060443137936630
-228.058573990537411
-228.057459993990392
-228.056654921597186
-228.054445875425273
-228.052693792439300
-228.050235948075084
-228.048530541490607
-228.047168017278267
-228.045854488259380
-228.043491670202229
-228.041164378695470
-228.039788433544317
-228.038393743001336
-228.036398812983577
-228.034010992275398
-228.031932483545859
-228.030197257547627
-228.029874453859094
-228.028557320825882
-228.026178634868216
-228.025340690751307
-228.022603942581441
-228.021240679457208
-228.020550163138637
-228.018859865580822
-228.016890881318943
-228.014056855192138
-228.012524442202476
-228.010704771520466
-228.009206878377341
-228.006745679488063
-228.004926298836864
-228.002402686113072
-228.001799527587650
-227.998911723841189
-227.997586115870945
-227.996103989485476
-227.994857660576002
-227.992459829534397
-227.990548787007498
-227.988611206210692
-227.986365941042294
-227.985624082510185
-227.984715604809281
-227.981820235534400
-227.979907411900058
-227.979025125906048
-227.977572169271809
-227.975245814168375
-227.973805826876003
-227.972028298308373
-227.970959783447512
-227.969075960479216
-227.966298738902765
-227.963920582818389
-227.962089841020997
-227.960526588863161
-227.958849131544895
-227.957618087235005
-227.955008999662226
-227.951791089430060
-227.951085378664544
-227.947953857034321
-227.945605834283043
-227.944082464289096
-227.941973948167430
-227.941196582717254
-227.939281982930652
-227.937998679402540
-227.936320054762348
-227.935395580565739
-227.931610635878542
-227.930766899836357
-227.929149155715152
-227.926175472590643
-227.923534494770422
-227.922277719527671
-227.919623834678674
-227.918457719714127
-227.916989297838995
-227.916326108469406
-227.914476381352216
-227.911802046603270
-227.910674165261128
-227.909752668873210
-227.908406460686592
-227.905375467932458
-227.902136434443946
-227.899348116575112
-227.895330440191657
-227.892159041295912
-227.890064078075596
-227.888633669867289
-227.886175854350910
-227.884389054197243
-227.882817735098712
-227.880187553755007
-227.879059579039335
-227.876166681082537
-227.872257012640148
-227.871334027290004
-227.870859936721899
-227.870175552041871
-227.868134547318334
-227.863051682312289
-227.861153216773431
-227.858659069703208
-227.856205006871477
-227.854577386574164
-227.851839577143892
-227.849504376980235
-227.846922419389188
-227.843703370549747
-227.841481551893793
-227.840168143788162
-227.838396166354926
-227.836334271821357
-227.832435048672693
-227.830959365311173
-227.827516257628901
-227.825556182197062
-227.822622849585571
-227.818681575591114
-227.816164748712680
-227.812367601566507
-227.811643583843278
-227.809192411451363
-227.808227296585443
-227.806853708693922
-227.804261206878920
-227.802298863717084
-227.799288978181323
-227.798090061049180
-227.797025050402539
-227.793842641725149
-227.791849573850783
-227.789689483457835
-227.788603619395332
-227.785879027853298
-227.784010661174733
-227.780349064744229
-227.778431822729658
-227.775321441175237
-227.767260890632969
-227.767151878658950
-227.765136921476284
-227.762189497629265
-227.757224783284016
-227.754458092665999
-227.753090451370326
-227.750980428013264
-227.746597557093594
-227.744128317852898
-227.742238840802884
-227.740855762248231
-227.739473801031266
-227.737969145152107
-227.734838949457497
-227.732631145907192
-227.731433137458424
-227.727885068418828
-227.726819179239044
-227.725659827680431
-227.723070559930818
-227.720133752555995
-227.719202736919414
-227.717765838409747
-227.713699122787006
-227.709251175986509
-227.708118105357954
-227.706865890551455
-227.705228800853632
-227.702623275085386
-227.700235204063802
-227.696129388276461
-227.692369939780463
-227.691464981918813
-227.689329692938117
-227.685807905489867
-227.683336852517584
-227.679925073289667
-227.675986601614255
-227.675199209846198
-227.673242115161827
-227.669332290363883
-227.666611805625706
-227.664110849458638
-227.659603657529516
-227.654362526646196
-227.651160625467753
-227.648766353883815
-227.645554646240896
-227.644184615941271
-227.639719322756918
-227.636994360650249
-227.635543936769608
-227.634792646630586
-227.632036822732829
-227.630542773869053
-227.627037164764090
-227.625138815461582
-227.620743469606253
-227.619222501071050
-227.616781321768940
-227.614507498460824
-227.611944086572890
-227.609095603356280
-227.605907229974633
-227.604225154146945
-227.602439043780549
-227.598806228170702
-227.596477032283843
-227.594141893726459
-227.590840426657451
-227.588205684278989
-227.586251668234866
-227.584174737818103
-227.581087551407336
-227.578618729553767
-227.574754087530266
-227.573807856961537
-227.571979871155520
-227.568734050125215
-227.565475595468968
-227.563408427128422
-227.559608591722537
-227.559028930220762
-227.556180810880420
-227.555555833412427
-227.550736741615822
-227.547558921842239
-227.544159376249695
-227.539781859230544
-227.536660344295314
-227.534014289362148
-227.531158781600141
-227.530031778407988
-227.525178180059100
-227.523262186852349
-227.518875735289924
-227.517686452750837
-227.514722677994712
-227.511232590273266
-227.507309884284751
-227.504616488281386
-227.498082735583267
-227.493505115663538
-227.492103979228460
-227.488360639433267
-227.487094751806353
-227.481971856131651
-227.476549296832985
-227.472361013331863
-227.470030922821735
-227.468504589204031
-227.464996253246909
-227.462193392320188
-227.459699486331033
-227.457334005708447
-227.450975366043963
-227.448555575050818
-227.446340305786094
-227.442486905155789
-227.440186444848820
-227.437841305802124
-227.435489823064415
-227.434570791132899
-227.432569531846042
-227.430324342252817
-227.427519425063451
-227.424216527828918
-227.421670045938072
-227.416897121029479
-227.413160921029146
-227.411137638571233
-227.405213254584794
-227.403262632561393
-227.398935444408693
-227.396810166165920
-227.392962331898985
-227.391095645295536
-227.387089496495378
-227.384689786271764
-227.381961684363915
-227.381143573251421
-227.378607498516260
-227.375092310237875
-227.371885633422437
-227.370301850940308
-227.365816158960257
-227.362395491662312
-227.358965186234968
-227.352987469435277
-227.346484199419223
-227.344117179976422
-227.338607354145267
-227.332016532366083
-227.326820573617312
-227.324547898495439
-227.320981238436048
-227.317378664221167
-227.313888245709535
-227.311106722881419
-227.302434745442326
-227.299968571882204
-227.298849941991847
-227.296885529248158
-227.292697305976191
-227.290189639465723
-227.287504839498439
-227.285111770159574
-227.280615072759161
-227.278438419442097
-227.274777610847678
-227.266230188307162
-227.263042176912847
-227.257042197111076
-227.253405884394112
-227.250234337594264
-227.246388074533058
-227.242535456333400
-227.239320363328972
-227.235138676320787
-227.229732432409037
-227.225944310759814
-227.220997338392351
-227.212101522458312
-227.206582875856867
-227.204892122524086
-227.200584604139124
-227.197197036408738
-227.195737933795073
-227.188362724962161
-227.186036518871674
-227.184653880885207
-227.181302625294109
-227.175425293279091
-227.173402077809470
-227.170969396599730
-227.169168836857438
-227.161501716416694
-227.158237661201696
-227.151456531640264
-227.149268876613945
-227.143803997767662
-227.139743273648776
-227.135269767134929
-227.133109427627573
-227.130961988587444
-227.127508858004177
-227.122842116429638
-227.111312623805020
-227.108717191590728
-227.105579902307738
-227.099763999293202
-227.097336733968405
-227.090478254942667
-227.086571104989304
-227.077982403066358
-227.073018188735233
-227.068523271576424
-227.067997113523347
-227.064343773371860
-227.060014710389993
-227.054288056495210
-227.047966048262424
-227.042896604712496
-227.041424414630853
-227.034184542094465
-227.028927207129698
-227.027892495423828
-227.019265823855051
-227.009118531677586
-227.006889443864338
-226.991781961831748
-226.984007420788998
-226.966299417652721
-226.961818870787852
-226.959015874977268
-226.954974773833669
-226.947305453954272
-226.944890306348213
-226.937331024984616
-226.933077368255994
-226.931175665162669
-226.922582930591261
-226.910822324565345
-226.905138073714710
-226.903757856095865
-226.894506717287953
-226.890732448713635
-226.883351631086242
-226.881448448320725
-226.876144246313771
-226.873018371213618
-226.858452185521742
-226.853752809771009
-226.852495944784039
-226.847749449685949
-226.844352809359918
-226.838631135449134
-226.831880367781253
-226.822241920755431
-226.820621295614842
-226.807432846252453
-226.794289440430362
-226.789252580917889
-226.778400264954172
-226.772083571210828
-226.763650339485309
-226.747575466435251
-226.744193494587620
-226.736200748638225
-226.729851234590967
-226.722085495188509
-226.710620648802148
-226.709071763256702
-226.691124872358756
-226.684172156655620
-226.682213028914816
-226.660311800735485
-226.655502968953385
-226.633845864584231
-226.618641276773616
-226.614473217228294
-226.597656861153268
-226.593540474019335
-226.589584645098881
-226.586100364279957
-226.568679120998326
-226.560204630743812
-226.529545609722220
-226.511176483852694
-226.470721860207931
-226.458574389623180
-226.438991857811288
-226.403847754257612
-226.386504817417062
-226.359400692455210
-226.344340360358075
-226.324319317536407
-226.272977276151749
-226.180777241396925
-226.169900145054015
-226.050096925708999
-226.026375706227782
-226.016027421118878
-225.883557419985522
-225.857932812258213
-225.833286586615685
-225.772599195403217
-225.761607772113337
-225.748143968040608
-225.687763669814984
-225.642960221221500
-225.536115016289330
-225.518716013572316
-225.353451936363939
-225.339547532436825
-225.220387899667429
-219.847045289163361
-219.840597347827895
-219.837014335118056
-219.834969306246535
-219.832900623038199
-219.831315927573769
-219.676709449677986
-219.671770408904166
-219.671533714018381
-219.670297644761206
-219.666058834551364
-219.643193484318459
-219.623517806673846
-219.620752588416167
-219.614149420628621
-219.612822527930035
-219.611489354615486
-219.603377731626864
-219.554061425791872
-219.553705297610776
-219.552013125695225
-219.551062237090946
-219.548587257733459
-219.547283103046965
-219.547235358352196
-219.545717715174192
-219.545178998131973
-219.542300039469438
-219.540501571074458
-219.539781775854124
-219.539336022150309
-219.537440154709230
-219.535680877977825
-219.534344461446437
-219.532509657746175
-219.532326000202659
-219.530089354751141
-219.526257660410124
-219.524888559391229
-219.524187767445710
-219.520950903714350
-219.518277997104605
-219.517868684595783
-219.516382363699819
-219.515869750445376
-219.515622655412159
-219.512238365514122
-219.510002743335747
-219.509299339579371
-219.508550240791152
-219.506436066741912
-219.504179225952242
-219.502155318461860
-219.501570416416058
-219.500483509496462
-219.498716422530634
-219.498338655248546
-219.495634649012715
-219.494345023121383
-219.493638846787576
-219.492838740308116
-219.491888278791095
-219.490244646981665
-219.489987326836427
-219.487293205709420
-219.486044898445925
-219.483683419456924
-219.483217143525053
-219.481233215977625
-219.479960352400497
-219.479031294925193
-219.478097758797986
-219.477262763891076
-219.476055002683125
-219.475377294188633
-219.474080713357296
-219.472887680295173
-219.472606285444328
-219.471671308542028
-219.471088363162437
-219.470276224559314
-219.466828778283571
-219.466047911713900
-219.466014392780011
-219.464917368892742
-219.464781790386894
-219.464096240966256
-219.461950528518372
-219.460983094717051
-219.460499394318788
-219.458336003971112
-219.457011975781256
-219.453061275619433
-219.451311377147562
-219.449319998356060
-219.449143816473196
-219.448871975987174
-219.445940361155493
-219.443970568018472
-219.442951006048702
-219.439423987100270
-219.438964764322918
-219.438894845866173
-219.437660493203197
-219.436812393787591
-219.436150928015365
-219.435979726336740
-219.434655597618473
-219.432984154978783
-219.431954034638977
-219.431413472237836
-219.431311772244356
-219.430183525274117
-219.429882185754934
-219.429134704564547
-219.427475101709177
-219.426867138425820
-219.426002918744899
-219.424909569073634
-219.424851273217939
-219.423658219321169
-219.422263414806309
-219.421911095500803
-219.421778988870471
-219.419979807055796
-219.418739153693167
-219.418262128218515
-219.417626443422023
-219.415978885622195
-219.415497939495765
-219.413982804173685
-219.413666880835905
-219.411580819715596
-219.411346600566532
-219.410072829033396
-219.409119734545101
-219.408941558631909
-219.408231531434296
-219.408155418546301
-219.407169221610559
-219.405853605843220
-219.404823633290732
-219.402623075511826
-219.402341179656275
-219.401102578213539
-219.400429563550460
-219.399908579108541
-219.396909127499015
-219.396065765065771
-219.395345485358575
-219.395174181787439
-219.394570646242954
-219.391896023716384
-219.391121881774581
-219.390631947985156
-219.390579674653281
-219.390355254673750
-219.387929144924527
-219.387819950235382
-219.384055154380462
-219.382556794010668
-219.381871802368977
-219.380670435899134
-219.380609858602071
-219.376620561694892
-219.376078927160108
-219.375271202093302
-219.372896330316252
-219.372650481337189
-219.371308647221156
-219.370385907428783
-219.369329846123605
-219.367251178738314
-219.365864989664772
-219.364947918664484
-219.364255902117634
-219.359665297083723
-219.359228952490383
-219.358170711430859
-219.356148221881796
-219.355941208401674
-219.352893041429525
-219.352288925609798
-219.351192101762564
-219.350672083355306
-219.349370487487818
-219.348584562098182
-219.348455316099603
-219.348034308108822
-219.343867328081359
-219.342850420909173
-219.342502247851598
-219.341931064455451
-219.340717585742908
-219.337848112371802
-219.337424904538636
-219.335237211756692
-219.334721573954766
-219.330060608039162
-219.325382864881362
-219.323071507920559
-219.319207393550045
-219.318750501662777
-219.316101850975144
-219.315263511352384
-219.313332481374005
-219.312350592230246
-219.308686124744128
-219.306516311112603
-219.305038245621489
-219.303242765842555
-219.302052867360658
-219.300690578017452
-219.299639560297834
-219.299169492697501
-219.297243748423398
-219.296311633262405
-219.294749098042502
-219.291674266223794
-219.290797352360784
-219.288547565245693
-219.287667707253149
-219.284964927939825
-219.283049831099788
-219.281393738447150
-219.280924236034735
-219.276860820180303
-219.275714764823590
-219.275167539707837
-219.274943813055188
-219.273666349463070
-219.271074153093309
-219.267654465650338
-219.266531678238522
-219.265768047190932
-219.260875454200516
-219.260474361240824
-219.259168608798717
-219.255225142935586
-219.254108039305407
-219.253664248588279
-219.251930146878266
-219.247178106646146
-219.246081889541955
-219.244018159681531
-219.243674617863292
-219.241669150439350
-219.241652104851084
-219.239891178742766
-219.237125560345419
-219.237080654198678
-219.234565240853698
-219.231408511383904
-219.229521788567979
-219.225113146023915
-219.222481322470856
-219.218141152860397
-219.213781163327127
-219.213374828985025
-219.210668184100314
-219.210316682437565
-219.210010742438811
-219.205719062594511
-219.204595196448992
-219.204388928007717
-219.204141431520014
-219.197790248463320
-219.197757967734844
-219.197221754004261
-219.196202145421893
-219.195029045747447
-219.193870822370400
-219.193248877508353
-219.191701664466194
-219.191618005963534
-219.190057976271191
-219.186659043295066
-219.185674929238019
-219.185564343193363
-219.184432253344482
-219.183931333236615
-219.181934435274314
-219.178911066494152
-219.177680030338337
-219.176681101941369
-219.176102040899480
-219.175799489811538
-219.171819674340696
-219.171754121715139
-219.170698681712992
-219.170427597325016
-219.167304568901841
-219.166298762470603
-219.166236092476396
-219.164674953844496
-219.163374223094308
-219.159928137611274
-219.159074463568061
-219.158907379687406
-219.155169253029868
-219.151906637420723
-219.151003811489545
-219.150496859627623
-219.149005164898426
-219.147572151276648
-219.146113590805527
-219.139893829200929
-219.139382290684296
-219.137566391923372
-219.136551865664075
-219.133502667458401
-219.130679965206099
-219.125661549704006
-219.118138584946195
-219.115500905267453
-219.114804030706807
-219.112588492355883
-219.111452232180341
-219.109423356864738
-219.108554475076801
-219.107687675345289
-219.104553600415329
-219.103991846690860
-219.102891440282690
-219.102702123668195
-219.102249536210763
-219.101908355683662
-219.101377754531342
-219.097639070155708
-219.094269489060622
-219.092765947221352
-219.092629311879875
-219.089093966978822
-219.084818932535512
-219.084410226149714
-219.082625452187585
-219.080678358276430
-219.080408992234055
-219.077939537971332
-219.074731875504654
-219.073965425870966
-219.072904157748866
-219.071630760119319
-219.070972467902322
-219.069758974268069
-219.067290237108125
-219.066819806629155
-219.065163070531838
-219.062622579390819
-219.061829333028896
-219.061820298122285
-219.059066496852694
-219.058932372709307
-219.057818102602340
-219.057084091735561
-219.055615114813008
-219.054471266748038
-219.051391790646448
-219.049771231523692
-219.048934621484165
-219.046662090607811
-219.045963323318688
-219.043619170468048
-219.041225602971849
-219.040381014184277
-219.037970785832613
-219.023787083540952
-219.020649299375805
-219.016971177352104
-219.013994131199581
-219.013523511327037
-219.013406946387249
-219.010834503562535
-219.010775249462682
-219.010211201705232
-219.008420946327902
-219.006481424636576
-219.006261842233727
-219.005698946432773
-219.004140101218781
-219.002359393229625
-219.001769298101607
-219.001670378059089
-219.000890908535808
-218.999952604176116
-218.998547337055982
-218.995260586259008
-218.993816901270577
-218.993503848155285
-218.991829535449966
-218.990863051654827
-218.987844931927413
-218.985968427730512
-218.983887157021570
-218.983121678723307
-218.980510883932823
-218.979799722621067
-218.975136369573704
-218.973898091447978
-218.969531673307131
-218.969257114445611
-218.966870538005224
-218.963819965961022
-218.963426475712680
-218.960716765494283
-218.955616684902964
-218.955304803517208
-218.954917141200042
-218.954074287774574
-218.953574514099898
-218.952739141630786
-218.949704215799443
-218.944488147004392
-218.944252775848355
-218.943331203484888
-218.943275190927409
-218.939966211059414
-218.938308720484400
-218.936367947610876
-218.935832058294636
-218.935008340346116
-218.933422673791370
-218.931056961936861
-218.928696788119282
-218.927925709689760
-218.927750871243461
-218.926330508868148
-218.925988038964363
-218.924602332948979
-218.920566690886204
-218.919080043173778
-218.915854542910068
-218.913540278994589
-218.910209678010773
-218.908564600943947
-218.907533773804545
-218.903713675286298
-218.902556131742642
-218.897919598280595
-218.897412540884005
-218.894780599761731
-218.891072026566917
-218.890632106253690
-218.889307673098244
-218.888348769255572
-218.888239543524946
-218.887358952270063
-218.887316085156385
-218.884560886222488
-218.883929721169267
-218.879288329773971
-218.875382181436919
-218.874370604292807
-218.872685677168079
-218.868905288500372
-218.863722748369156
-218.857093667008542
-218.853262879490501
-218.852897598377325
-218.849824877627157
-218.849437046853581
-218.846052843424104
-218.845554479609660
-218.844560108567464
-218.844513141917730
-218.841530732488195
-218.837714559006173
-218.836601136382399
-218.834643342118682
-218.827822501107079
-218.824463983256834
-218.824306491163725
-218.821883977509373
-218.820934225403732
-218.818640668997745
-218.814103709872313
-218.813639291974567
-218.812184674118555
-218.811414265282309
-218.810054715394813
-218.807337489840023
-218.803967735628277
-218.803467996858132
-218.803429184683495
-218.794004119156000
-218.793711962807521
-218.793537645256578
-218.793311524163386
-218.787937954305107
-218.787416965124720
-218.786981515863630
-218.786946811939657
-218.784984511892702
-218.782237402478358
-218.780232914575748
-218.776272668817484
-218.776154019339145
-218.773752309846572
-218.771132189899731
-218.769652094821794
-218.763535954548956
-218.763150094063434
-218.761389252533377
-218.760047299708589
-218.759459921308746
-218.758917308127025
-218.757101876521602
-218.754037591053958
-218.753606102490522
-218.752041773233401
-218.751664108686100
-218.746907333616178
-218.746376497850264
-218.743615093973517
-218.743438277147334
-218.740770046112630
-218.740469241271910
-218.738639763843651
-218.737506680201335
-218.729157850727546
-218.728437269491820
-218.725130958756210
-218.723471012951364
-218.722420711537467
-218.718923686196888
-218.717105068859752
-218.716668763079952
-218.716468467559196
-218.716305458465968
-218.713708396143886
-218.712404691019287
-218.710296307587583
-218.708542548585513
-218.704373870575978
-218.703520241205865
-218.701221677046561
-218.700428560789902
-218.696021869866570
-218.694355010573446
-218.691114142764604
-218.690505385174760
-218.689726396211398
-218.688421747240199
-218.684261057040771
-218.682000070684978
-218.677753818060410
-218.676753488075718
-218.674974813815993
-218.670430971132021
-218.668174688438938
-218.662859703842884
-218.660976766425989
-218.654761603792764
-218.653546683673540
-218.649764917913444
-218.646687251974924
-218.644910001658161
-218.642228842207999
-218.623408520858476
-218.623057220127606
-218.621000346722553
-218.620149828954339
-218.616422085756426
-218.614333560350502
-218.609863257359166
-218.609280136757036
-218.602879748809158
-218.601614720308447
-218.587026206963429
-218.575993539289442
-218.572583126497307
-218.571621053432324
-218.566976578945372
-218.566665609801504
-218.564431157623574
-218.562434960239074
-218.561829739814272
-218.561452606613926
-218.559395957732022
-218.554037797337827
-218.551449024379735
-218.550864626894196
-218.547791592193988
-218.542701392817975
-218.540092640485341
-218.539067613547104
-218.525182234110019
-218.518848405652875
-218.484113565791461
-218.483344009894324
-218.481031408625824
-218.475807380736796
-218.473817479071016
-218.470989008460748
-218.452040402848070
-218.447783661565836
-218.442418281476392
-218.440947433602901
-218.435531373653305
-218.433396259461887
-218.428228568905780
-218.421918195176829
-218.418440103091427
-218.407594111985674
-218.401863070209828
-218.397440512637303
-218.357847259782034
-218.350211878623128
-218.347491683045945
-218.346555737923211
-218.331342430135606
-218.324217542764501
-218.317343594510987
-218.308673510164994
-218.306774575717185
-218.298902401606512
-218.296764282468189
-218.293807057332003
-218.292735084453568
-218.289964646400449
-218.289615649416476
-218.287530062988480
-218.286653281478010
-218.281896709918698
-218.270278172066895
-218.268397355460422
-218.268256960497212
-218.265717886197677
-218.263680848405528
-218.262659933072115
-218.258778578839383
-218.255637936015745
-218.252159133175610
-218.245583108788338
-218.242134898460250
-218.234660420106849
-218.232438912514255
-218.232255691368351
-218.225708023340701
-218.225597483958353
-218.222770249640746
-218.219712386697836
-218.216156161236540
-218.212946010059341
-218.211604395512722
-218.208362096992005
-218.202459161094083
-218.191165666292505
-218.186825876559823
-218.186631647718258
-218.184478045743646
-218.181768360872894
-218.177130929892570
-218.167316397390437
-218.164565368716296
-218.162898626236199
-218.160507596466005
-218.156865754242659
-218.155864949285558
-218.154830289798042
-218.150060074697734
-218.148115273351181
-218.141140661002936
-218.139008630152830
-218.135489261620506
-218.133615674760364
-218.126091634725356
-218.125098605883352
-218.123362046594679
-218.119757349818144
-218.117294479102270
-218.116201340058467
-218.111748905784452
-218.106210917074122
-218.097321661631867
-218.096781916788700
-218.095828989448023
-218.085677799947064
-218.071615810581420
-218.070986013990165
-218.070418414186207
-218.068213849690437
-218.064684952208921
-218.063227838087499
-218.061569114263648
-218.060761855952705
-218.060114282016769
-218.057445237337845
-218.054606623826714
-218.047984383134150
-218.047090274631131
-218.046726719146250
-218.045926339756363
-218.043822633598268
-218.043536601523869
-218.041528798875845
-218.036554935169676
-218.036502404888722
-218.035154130129001
-218.031224628943249
-218.030115967133668
-218.027033551437313
-218.025515041185855
-218.025185875859080
-218.019410234047200
-218.018122266718848
-218.012855508460575
-218.010530627747329
-218.009805485865684
-218.004826485123971
-218.004324319658565
-217.998881690818223
-217.997542947350240
-217.993065481070118
-217.990541038193328
-217.989550617315302
-217.988571084810644
-217.985222193861290
-217.984982995979806
-217.984812994733630
-217.982219340638636
-217.978259493390624
-217.977000415076134
-217.975324195750090
-217.972234108702565
-217.971483916244665
-217.971404861514515
-217.968420246465257
-217.966916595158551
-217.966591969618918
-217.963860499781759
-217.959176908729916
-217.949380491248519
-217.944902494950497
-217.944194236232079
-217.943306370308818
-217.942061551306665
-217.939855590604481
-217.926203651020558
-217.925825089227004
-217.925427846232708
-217.908724327856987
-217.904759788387054
-217.904499167339168
-217.902961036579995
-217.898215656432910
-217.895422810965641
-217.892391608487543
-217.886956562614955
-217.886269699445620
-217.880939523896217
-217.878243771559426
-217.876689964127650
-217.873431412648529
-217.865228939990004
-217.863912699045216
-217.847709232254999
-217.842954136273505
-217.842901557043149
-217.842173678236946
-217.839953634368044
-217.838977297330644
-217.837210833894289
-217.829029862276883
-217.826140279385299
-217.822786189746409
-217.821695753591115
-217.814671426108305
-217.813318313147789
-217.812561687508065
-217.799654858886385
-217.796361686151073
-217.794932340099876
-217.792908119723990
-217.787736558484340
-217.785069223488165
-217.782758069614061
-217.781054044118065
-217.779269056241731
-217.768287684845859
-217.765759219439047
-217.765115100076258
-217.759463819435211
-217.758321333250279
-217.756476424809136
-217.754857522459901
-217.752748973330398
-217.751138021754997
-217.750340270836318
-217.742470037439688
-217.740239785076227
-217.736951285934111
-217.736424181970506
-217.735287400760342
-217.732973184818491
-217.725148233286802
-217.722002945810090
-217.718238368425233
-217.715075828448562
-217.714634668051445
-217.709857660937558
-217.708093268835086
-217.707329787124081
-217.705510413681623
-217.692315301510234
-217.690481790963048
-217.685248560514566
-217.685113793388894
-217.681045392957770
-217.672378147250356
-217.657051967014411
-217.654740039085397
-217.653739805863523
-217.653204723429212
-217.646226415476463
-217.643845874837041
-217.640203290723690
-217.625675503391307
-217.624834876612965
-217.622833654012766
-217.617135475087849
-217.611659031535339
-217.610427477171584
-217.609324156822424
-217.603586852909075
-217.602309454879304
-217.600311068310731
-217.599313831925087
-217.594422789658751
-217.594238430667559
-217.586410579652409
-217.584785893149331
-217.581429364212454
-217.581229894779767
-217.578917088088190
-217.573211125360842
-217.561691223863022
-217.554678533275677
-217.554014334670228
-217.553667948760705
-217.542689614851355
-217.539866255321556
-217.534371845381457
-217.533884735933185
-217.531191022650859
-217.529324856274087
-217.527691655088518
-217.520853542886726
-217.519670250646072
-217.519549809524563
-217.517209681749478
-217.512340453569749
-217.509228702589127
-217.505135793952775
-217.503462341347642
-217.496932037773348
-217.492171172408206
-217.480331814008480
-217.479169524244213
-217.467093827032755
-217.463183834515121
-217.459399369263082
-217.458469338798494
-217.455939966544349
-217.451256310662757
-217.448288303078073
-217.447228800276605
-217.444967361167500
-217.440595832556284
-217.435218944217240
-217.433656211941098
-217.432327459953768
-217.430926126594528
-217.427357067433718
-217.423992143139571
-217.410070160499657
-217.397382617626619
-217.390114948858269
-217.385491799506582
-217.385343181942858
-217.370640364799584
-217.362172652998225
-217.355580360406606
-217.340515687528296
-217.336368162623302
-217.333247885240866
-217.331081437364816
-217.328128994055191
-217.325686595956000
-217.324340384553324
-217.321973436480675
-217.312711298879208
-217.312672828610403
-217.308124371454483
-217.306392968364634
-217.305724813855164
-217.305417985076701
-217.298492877768325
-217.298153464064939
-217.297931321317066
-217.295116614155546
-217.293332124315754
-217.290513627523580
-217.289214525045963
-217.289140859537213
-217.288742728501887
-217.283270088748424
-217.279913919604837
-217.277269582591714
-217.274851579843926
-217.273878361039607
-217.272500395321998
-217.201544307964724
-217.193384606430811
-217.181022365843063
-217.174966673432181
-217.164891079259206
-217.112203698663109
-217.108809279382797
-217.105406935301318
-217.102589852831215
-217.101223099131175
-217.098181703058373
-217.097033617849718
-217.091253667345853
-217.083239811474726
-217.081743070791532
-217.078830579937772
-217.077253767836396
-217.068666198473124
-217.062266834812590
-217.056589365700376
-217.038422542099596
-217.034036002411824
-217.022061743100124
-217.005053181204346
-216.997147528389490
-216.989262861653913
-216.988892908676775
-216.988169596731808
-216.976742385162652
-216.967399369753309
-216.965248521379380
-216.961646420665289
-216.948403299424228
-216.943053190805387
-216.936931177528749
-216.928225665620658
-216.923932898821192
-216.921521463899097
-216.912182373059863
-216.885419624111506
-216.883669505342851
-216.875665813244126
-216.830769871765483
-216.829174697241598
-216.828754364710846
-216.821989437713029
-216.816533455584960
-216.796845004670445
-216.794499186060278
-216.793640822488186
-216.788763362750672
-216.777249931941924
-216.766901712740776
-216.752916797843852
-216.752361358886276
-216.748473986491291
-216.748461276537569
-216.745707365644307
-216.735892018185893
-216.734919066621757
-216.719149401379468
-216.697996211577674
-216.696521643750089
-216.689155205250159
-216.680769744192645
-216.680469650439534
-216.667957848312398
-216.658486691309434
-216.645399033248225
-216.618510750380807
-216.617804820446736
-216.606231533735041
-216.603025965667314
-216.601156790496816
-216.591323336125612
-216.586507495312361
-216.580681243296283
-216.569643503646546
-216.559027450660977
-216.533337806017016
-216.512331528872210
-216.511171198146087
-216.503732011850019
-216.500258485399854
-216.450200447202235
-216.446993771337958
-216.445718734157481
-216.434308302209018
-216.430162336280347
-216.411228292739139
-216.279385717882747
-216.266165659362287
-216.259083142039941
-216.255878643628023
-216.247113282282925
-216.240027880427050
-216.198970843559152
-216.192239778673496
-216.188795694703373
-216.187237172498783
-216.172512379712629
-216.164628810683752
-216.008620544650000
-215.987746308903752
-215.976038708216436
-215.967122073447285
-215.961257602898058
-215.955309480584987
-215.157186140383970
-215.152948179672876
-215.149792187222033
-215.145236695090375
-215.144678918349371
-215.134483247170522
