 Alpha MOs
 -- Occupied --
-14.3989 -14.3970 -14.3945 -14.3943 -14.3928 -14.3917 -14.3905 -14.3899
-14.3890 -10.2827 -10.2827 -10.2819 -10.2809 -10.2801 -10.2796 -10.2791
-10.2782 -10.2777 -10.2771 -10.2767 -10.2759 -10.2754 -10.2754 -10.2738
-10.2733 -10.2726 -10.2715 -10.2712 -10.2690 -10.2687 -10.2670 -10.2665
-10.2651 -10.2645 -10.2642 -10.2629 -10.2627 -10.2626 -10.2614 -10.2611
-10.2608 -10.2604 -10.2600 -10.2599 -10.2598 -10.2597 -10.2593 -10.2581
-10.2577 -10.2572 -10.2570 -10.2567 -10.2565 -10.2563 -10.2563 -10.2561
-10.2559 -10.2556 -10.2554 -10.2552 -10.2547 -10.2545 -10.2543 -10.2540
-10.2539 -10.2539 -10.2538 -10.2538 -10.2537 -10.2535 -10.2534 -10.2523
-10.2522 -10.2522 -10.2515 -10.2512 -10.2505 -10.2504 -10.2497 -10.2495
-10.2494 -10.2489 -10.2486 -10.2484 -10.2483 -10.2477 -10.2477 -10.2470
-10.2469 -10.2466 -10.2464 -10.2463 -10.2459 -10.2456 -10.2455 -10.2453
-10.2444 -10.2444 -10.2443 -10.2442 -10.2439 -10.2439 -10.2438 -10.2437
-10.2436 -10.2434 -10.2431 -10.2431 -10.2429 -10.2428 -10.2425 -10.2425
-10.2423 -10.2414 -10.2414 -10.2412 -10.2411 -10.2409 -10.2407 -10.2407
-10.2405 -10.2404 -10.2403 -10.2397 -10.2396 -10.2394 -10.2390 -10.2390
-10.2388 -10.2387 -10.2386 -10.2385 -10.2383 -10.2381 -10.2376 -10.2375
-10.2375 -10.2374 -10.2373 -10.2370 -10.2369 -10.2368 -10.2361 -10.2360
-10.2354 -10.2349  -0.9509  -0.9443  -0.9439  -0.9405  -0.9398  -0.9371
 -0.9359  -0.9355  -0.9337  -0.9137  -0.9114  -0.9030  -0.9010  -0.8966
 -0.8960  -0.8955  -0.8865  -0.8842  -0.8815  -0.8765  -0.8725  -0.8696
 -0.8684  -0.8643  -0.8617  -0.8559  -0.8463  -0.8453  -0.8381  -0.8352
 -0.8349  -0.8307  -0.8305  -0.8259  -0.8213  -0.8186  -0.8158  -0.8128
 -0.8093  -0.8079  -0.8042  -0.8029  -0.7999  -0.7967  -0.7902  -0.7883
 -0.7866  -0.7856  -0.7822  -0.7792  -0.7767  -0.7744  -0.7722  -0.7696
 -0.7646  -0.7636  -0.7621  -0.7617  -0.7559  -0.7545  -0.7501  -0.7498
 -0.7484  -0.7478  -0.7441  -0.7403  -0.7391  -0.7366  -0.7333  -0.7316
 -0.7297  -0.7249  -0.7241  -0.6816  -0.6770  -0.6751  -0.6723  -0.6679
 -0.6662  -0.6648  -0.6624  -0.6610  -0.6584  -0.6560  -0.6536  -0.6520
 -0.6499  -0.6482  -0.6448  -0.6443  -0.6411  -0.6391  -0.6368  -0.6357
 -0.6348  -0.6329  -0.6318  -0.6303  -0.6289  -0.6269  -0.6264  -0.6242
 -0.6189  -0.6111  -0.6043  -0.5968  -0.5914  -0.5883  -0.5870  -0.5847
 -0.5822  -0.5811  -0.5802  -0.5787  -0.5768  -0.5729  -0.5722  -0.5714
 -0.5684  -0.5614  -0.5563  -0.5521  -0.5481  -0.5435  -0.5417  -0.5401
 -0.5365  -0.5359  -0.5333  -0.5323  -0.5291  -0.5286  -0.5263  -0.5248
 -0.5226  -0.5191  -0.5185  -0.5173  -0.5138  -0.5126  -0.5082  -0.5073
 -0.5068  -0.5034  -0.5029  -0.5001  -0.4973  -0.4969  -0.4956  -0.4923
 -0.4905  -0.4893  -0.4875  -0.4858  -0.4840  -0.4814  -0.4797  -0.4755
 -0.4744  -0.4732  -0.4706  -0.4676  -0.4663  -0.4643  -0.4625  -0.4608
 -0.4584  -0.4575  -0.4568  -0.4562  -0.4545  -0.4524  -0.4512  -0.4505
 -0.4497  -0.4492  -0.4476  -0.4461  -0.4452  -0.4448  -0.4434  -0.4423
 -0.4411  -0.4407  -0.4390  -0.4385  -0.4375  -0.4362  -0.4351  -0.4349
 -0.4344  -0.4337  -0.4328  -0.4318  -0.4314  -0.4308  -0.4295  -0.4280
 -0.4273  -0.4266  -0.4255  -0.4252  -0.4247  -0.4235  -0.4224  -0.4207
 -0.4201  -0.4194  -0.4177  -0.4172  -0.4155  -0.4141  -0.4126  -0.4110
 -0.4093  -0.4085  -0.4060  -0.4030  -0.4024  -0.4004  -0.3995  -0.3984
 -0.3971  -0.3961  -0.3947  -0.3940  -0.3930  -0.3918  -0.3900  -0.3897
 -0.3887  -0.3873  -0.3868  -0.3855  -0.3838  -0.3819  -0.3817  -0.3801
 -0.3795  -0.3767  -0.3760  -0.3747  -0.3740  -0.3718  -0.3711  -0.3708
 -0.3690  -0.3668  -0.3666  -0.3638  -0.3605  -0.3587  -0.3581  -0.3574
 -0.3561  -0.3540  -0.3535  -0.3531  -0.3505  -0.3501  -0.3478  -0.3472
 -0.3451  -0.3444  -0.3427  -0.3411  -0.3395  -0.3382  -0.3361  -0.3344
 -0.3329  -0.3298  -0.3289  -0.3263  -0.3241  -0.3236  -0.3216  -0.3200
 -0.3169  -0.3150  -0.3148  -0.3118  -0.3111  -0.3050  -0.3040  -0.3036
 -0.3016  -0.2994  -0.2917  -0.2900  -0.2881  -0.2782  -0.2764  -0.2740
 -0.2655  -0.2646  -0.2634  -0.2609  -0.2606  -0.2605  -0.2585  -0.2577
 -0.2564  -0.2562  -0.2553  -0.2552  -0.2537  -0.2528  -0.2523  -0.2508
 -0.2500  -0.2475  -0.2412  -0.2404  -0.2380  -0.2356  -0.2289  -0.2240
 -0.2216  -0.2210  -0.2182  -0.2160  -0.2141  -0.2128  -0.2103  -0.2088
 -0.2050  -0.2045  -0.1943  -0.1927
 -- Virtual --
 -0.0831  -0.0786  -0.0770  -0.0754  -0.0712  -0.0678  -0.0652  -0.0610
 -0.0567  -0.0522  -0.0468  -0.0444  -0.0419  -0.0397  -0.0365  -0.0346
 -0.0326  -0.0303  -0.0273  -0.0271  -0.0232  -0.0177  -0.0110  -0.0035
  0.0030   0.0114   0.0154   0.0177   0.0200   0.0216   0.0217   0.0242
  0.0273   0.0284   0.0322   0.0332   0.0368   0.0379   0.0396   0.0414
  0.0460   0.0468   0.0480   0.0485   0.0549   0.0558   0.0586   0.0602
  0.0646   0.0657   0.0680   0.0699   0.0724   0.0752   0.0775   0.0791
  0.0810   0.0815   0.0831   0.0838   0.0857   0.0903   0.0906   0.0916
  0.0924   0.0947   0.0949   0.0974   0.0977   0.1002   0.1008   0.1019
  0.1024   0.1036   0.1042   0.1046   0.1064   0.1076   0.1090   0.1101
  0.1106   0.1125   0.1131   0.1140   0.1151   0.1172   0.1175   0.1188
  0.1204   0.1231   0.1240   0.1243   0.1256   0.1275   0.1282   0.1284
  0.1318   0.1337   0.1348   0.1372   0.1395   0.1415   0.1425   0.1436
  0.1454   0.1462   0.1488   0.1510   0.1526   0.1531   0.1552   0.1572
  0.1580   0.1607   0.1627   0.1646   0.1648   0.1661   0.1678   0.1696
  0.1703   0.1725   0.1752   0.1766   0.1786   0.1804   0.1817   0.1824
  0.1854   0.1869   0.1881   0.1892   0.1908   0.1915   0.1928   0.1971
  0.1982   0.1994   0.2014   0.2017   0.2041   0.2049   0.2083   0.2116
  0.2135   0.2147   0.2160   0.2180   0.2186   0.2202   0.2234   0.2257
  0.2275   0.2284   0.2290   0.2296   0.2308   0.2377   0.2393   0.2427
  0.2445   0.2470   0.2495   0.2512   0.2525   0.2532   0.2550   0.2561
  0.2570   0.2589   0.2594   0.2598   0.2603   0.2607   0.2612   0.2620
  0.2628   0.2633   0.2652   0.2681   0.2687   0.2704   0.2710   0.2742
  0.2755   0.2769   0.2782   0.2807   0.2813   0.2821   0.2831   0.2835
  0.2849   0.2855   0.2870   0.2890   0.2901   0.2903   0.2917   0.2934
  0.2947   0.2960   0.2965   0.2980   0.2989   0.3015   0.3027   0.3044
  0.3053   0.3064   0.3072   0.3088   0.3093   0.3112   0.3127   0.3138
  0.3163   0.3169   0.3181   0.3208   0.3224   0.3238   0.3242   0.3263
  0.3279   0.3305   0.3326   0.3343   0.3369   0.3377   0.3408   0.3421
  0.3445   0.3450   0.3470   0.3486   0.3495   0.3503   0.3533   0.3537
  0.3552   0.3578   0.3589   0.3604   0.3612   0.3623   0.3630   0.3643
  0.3648   0.3692   0.3697   0.3701   0.3714   0.3736   0.3739   0.3754
  0.3773   0.3777   0.3780   0.3797   0.3811   0.3815   0.3823   0.3843
  0.3847   0.3864   0.3871   0.3887   0.3893   0.3911   0.3915   0.3922
  0.3929   0.3937   0.3942   0.3948   0.3969   0.3974   0.3991   0.4003
  0.4007   0.4023   0.4035   0.4048   0.4073   0.4075   0.4091   0.4098
  0.4122   0.4135   0.4143   0.4154   0.4157   0.4177   0.4193   0.4206
  0.4219   0.4242   0.4252   0.4253   0.4273   0.4291   0.4296   0.4312
  0.4332   0.4337   0.4348   0.4355   0.4367   0.4376   0.4393   0.4397
  0.4407   0.4422   0.4430   0.4434   0.4441   0.4449   0.4454   0.4467
  0.4473   0.4479   0.4489   0.4511   0.4516   0.4523   0.4527   0.4541
  0.4550   0.4563   0.4576   0.4585   0.4591   0.4603   0.4627   0.4641
  0.4648   0.4662   0.4670   0.4675   0.4684   0.4715   0.4728   0.4738
  0.4747   0.4761   0.4772   0.4777   0.4790   0.4793   0.4807   0.4827
  0.4832   0.4848   0.4855   0.4863   0.4868   0.4877   0.4886   0.4901
  0.4905   0.4915   0.4927   0.4935   0.4949   0.4958   0.4980   0.4985
  0.4990   0.5003   0.5005   0.5020   0.5029   0.5033   0.5040   0.5061
  0.5065   0.5070   0.5079   0.5095   0.5107   0.5119   0.5134   0.5140
  0.5158   0.5164   0.5185   0.5196   0.5211   0.5213   0.5234   0.5247
  0.5257   0.5278   0.5281   0.5287   0.5299   0.5299   0.5321   0.5327
  0.5345   0.5362   0.5374   0.5380   0.5384   0.5396   0.5405   0.5417
  0.5426   0.5461   0.5477   0.5495   0.5504   0.5516   0.5522   0.5536
  0.5553   0.5563   0.5568   0.5588   0.5595   0.5607   0.5628   0.5642
  0.5644   0.5673   0.5692   0.5715   0.5731   0.5760   0.5784   0.5794
  0.5803   0.5823   0.5831   0.5847   0.5863   0.5866   0.5886   0.5921
  0.5928   0.5940   0.5951   0.5969   0.5980   0.5990   0.6010   0.6030
  0.6051   0.6062   0.6068   0.6093   0.6117   0.6134   0.6139   0.6151
  0.6171   0.6179   0.6209   0.6224   0.6226   0.6251   0.6269   0.6277
  0.6285   0.6298   0.6304   0.6313   0.6323   0.6338   0.6348   0.6364
  0.6368   0.6381   0.6392   0.6406   0.6412   0.6438   0.6447   0.6460
  0.6473   0.6477   0.6484   0.6491   0.6507   0.6519   0.6529   0.6543
  0.6555   0.6558   0.6568   0.6579   0.6593   0.6599   0.6616   0.6627
  0.6635   0.6648   0.6663   0.6668   0.6695   0.6717   0.6724   0.6729
  0.6733   0.6751   0.6766   0.6789   0.6793   0.6806   0.6816   0.6820
  0.6836   0.6847   0.6856   0.6881   0.6883   0.6891   0.6896   0.6907
  0.6913   0.6923   0.6930   0.6951   0.6972   0.6985   0.6986   0.6999
  0.7005   0.7020   0.7025   0.7042   0.7049   0.7060   0.7063   0.7091
  0.7099   0.7106   0.7110   0.7127   0.7143   0.7161   0.7169   0.7171
  0.7190   0.7215   0.7221   0.7227   0.7237   0.7255   0.7271   0.7296
  0.7298   0.7304   0.7316   0.7349   0.7355   0.7358   0.7370   0.7393
  0.7398   0.7399   0.7412   0.7415   0.7419   0.7424   0.7436   0.7444
  0.7449   0.7463   0.7466   0.7472   0.7479   0.7482   0.7498   0.7503
  0.7514   0.7521   0.7522   0.7541   0.7545   0.7553   0.7556   0.7570
  0.7584   0.7592   0.7601   0.7606   0.7631   0.7633   0.7643   0.7653
  0.7669   0.7675   0.7688   0.7700   0.7706   0.7719   0.7724   0.7741
  0.7754   0.7770   0.7776   0.7785   0.7805   0.7809   0.7818   0.7835
  0.7841   0.7845   0.7858   0.7882   0.7897   0.7901   0.7921   0.7926
  0.7937   0.7955   0.7960   0.7974   0.7980   0.7995   0.8011   0.8026
  0.8034   0.8053   0.8075   0.8077   0.8094   0.8115   0.8121   0.8139
  0.8173   0.8178   0.8193   0.8223   0.8247   0.8258   0.8281   0.8296
  0.8309   0.8344   0.8347   0.8369   0.8385   0.8413   0.8417   0.8427
  0.8438   0.8458   0.8468   0.8487   0.8492   0.8501   0.8516   0.8525
  0.8540   0.8549   0.8560   0.8587   0.8603   0.8612   0.8622   0.8629
  0.8644   0.8662   0.8673   0.8674   0.8698   0.8702   0.8709   0.8723
  0.8730   0.8738   0.8756   0.8761   0.8771   0.8795   0.8798   0.8803
  0.8819   0.8833   0.8834   0.8850   0.8870   0.8889   0.8892   0.8907
  0.8908   0.8919   0.8935   0.8952   0.8956   0.8963   0.8975   0.8993
  0.9009   0.9028   0.9040   0.9054   0.9061   0.9070   0.9079   0.9097
  0.9106   0.9126   0.9142   0.9158   0.9172   0.9179   0.9182   0.9196
  0.9209   0.9227   0.9237   0.9242   0.9256   0.9266   0.9271   0.9290
  0.9296   0.9303   0.9319   0.9335   0.9342   0.9362   0.9371   0.9376
  0.9390   0.9400   0.9403   0.9410   0.9427   0.9433   0.9451   0.9463
  0.9475   0.9481   0.9490   0.9503   0.9508   0.9524   0.9540   0.9545
  0.9557   0.9580   0.9596   0.9605   0.9616   0.9630   0.9639   0.9661
  0.9667   0.9692   0.9700   0.9713   0.9728   0.9744   0.9757   0.9764
  0.9774   0.9778   0.9794   0.9798   0.9817   0.9831   0.9840   0.9851
  0.9859   0.9869   0.9907   0.9909   0.9917   0.9920   0.9926   0.9939
  0.9954   0.9965   0.9979   0.9991   1.0010   1.0021   1.0028   1.0045
  1.0049   1.0061   1.0087   1.0096   1.0107   1.0117   1.0133   1.0144
  1.0155   1.0166   1.0180   1.0202   1.0208   1.0213   1.0217   1.0235
  1.0247   1.0253   1.0262   1.0267   1.0280   1.0298   1.0312   1.0320
  1.0323   1.0350   1.0355   1.0377   1.0385   1.0400   1.0402   1.0424
  1.0427   1.0443   1.0458   1.0473   1.0479   1.0496   1.0505   1.0508
  1.0516   1.0526   1.0560   1.0571   1.0592   1.0603   1.0615   1.0627
  1.0629   1.0648   1.0656   1.0659   1.0677   1.0682   1.0698   1.0705
  1.0716   1.0722   1.0741   1.0748   1.0759   1.0769   1.0796   1.0799
  1.0805   1.0813   1.0821   1.0851   1.0855   1.0866   1.0874   1.0882
  1.0900   1.0921   1.0928   1.0944   1.0955   1.0966   1.0977   1.1008
  1.1020   1.1037   1.1058   1.1067   1.1077   1.1107   1.1110   1.1121
  1.1145   1.1151   1.1166   1.1178   1.1192   1.1210   1.1229   1.1233
  1.1244   1.1269   1.1273   1.1293   1.1323   1.1329   1.1347   1.1368
  1.1401   1.1408   1.1430   1.1440   1.1460   1.1472   1.1501   1.1520
  1.1524   1.1549   1.1567   1.1585   1.1612   1.1622   1.1650   1.1665
  1.1680   1.1704   1.1715   1.1720   1.1732   1.1745   1.1772   1.1778
  1.1789   1.1804   1.1824   1.1826   1.1833   1.1846   1.1881   1.1896
  1.1902   1.1919   1.1930   1.1950   1.1955   1.1961   1.1986   1.1999
  1.2022   1.2037   1.2046   1.2063   1.2079   1.2087   1.2103   1.2114
  1.2123   1.2148   1.2169   1.2189   1.2215   1.2220   1.2239   1.2248
  1.2267   1.2293   1.2323   1.2342   1.2363   1.2379   1.2394   1.2409
  1.2428   1.2475   1.2492   1.2511   1.2528   1.2539   1.2585   1.2603
  1.2633   1.2653   1.2672   1.2692   1.2728   1.2739   1.2788   1.2827
  1.2838   1.2877   1.2896   1.2913   1.2945   1.2958   1.2962   1.3009
  1.3047   1.3074   1.3123   1.3146   1.3157   1.3175   1.3203   1.3229
  1.3265   1.3311   1.3323   1.3353   1.3377   1.3391   1.3415   1.3418
  1.3441   1.3471   1.3485   1.3499   1.3529   1.3555   1.3596   1.3637
  1.3645   1.3651   1.3699   1.3717   1.3731   1.3743   1.3763   1.3771
  1.3813   1.3823   1.3829   1.3837   1.3883   1.3896   1.3911   1.3927
  1.3944   1.3965   1.3972   1.3996   1.4001   1.4004   1.4038   1.4062
  1.4071   1.4084   1.4113   1.4128   1.4149   1.4172   1.4187   1.4208
  1.4225   1.4251   1.4274   1.4290   1.4298   1.4314   1.4333   1.4382
  1.4396   1.4402   1.4426   1.4448   1.4471   1.4490   1.4497   1.4509
  1.4527   1.4539   1.4562   1.4576   1.4588   1.4604   1.4634   1.4650
  1.4664   1.4675   1.4714   1.4723   1.4740   1.4763   1.4766   1.4771
  1.4791   1.4802   1.4826   1.4837   1.4860   1.4874   1.4896   1.4913
  1.4931   1.4938   1.4948   1.4965   1.4972   1.4976   1.4987   1.5011
  1.5019   1.5030   1.5053   1.5057   1.5077   1.5086   1.5098   1.5109
  1.5139   1.5153   1.5156   1.5163   1.5175   1.5187   1.5214   1.5221
  1.5234   1.5243   1.5267   1.5284   1.5311   1.5316   1.5334   1.5356
  1.5366   1.5378   1.5395   1.5409   1.5422   1.5431   1.5451   1.5458
  1.5462   1.5481   1.5491   1.5512   1.5521   1.5537   1.5554   1.5565
  1.5574   1.5581   1.5594   1.5598   1.5623   1.5632   1.5635   1.5640
  1.5663   1.5673   1.5690   1.5706   1.5717   1.5740   1.5759   1.5769
  1.5785   1.5799   1.5802   1.5816   1.5821   1.5843   1.5854   1.5859
  1.5872   1.5888   1.5895   1.5908   1.5920   1.5935   1.5950   1.5971
  1.5979   1.5982   1.6004   1.6015   1.6024   1.6028   1.6050   1.6059
  1.6075   1.6081   1.6092   1.6106   1.6136   1.6160   1.6166   1.6174
  1.6182   1.6193   1.6214   1.6218   1.6228   1.6240   1.6243   1.6253
  1.6261   1.6271   1.6293   1.6300   1.6310   1.6313   1.6322   1.6333
  1.6343   1.6351   1.6361   1.6377   1.6381   1.6390   1.6396   1.6404
  1.6410   1.6422   1.6439   1.6452   1.6457   1.6465   1.6467   1.6483
  1.6492   1.6493   1.6505   1.6519   1.6525   1.6546   1.6549   1.6563
  1.6566   1.6570   1.6578   1.6598   1.6602   1.6614   1.6619   1.6630
  1.6642   1.6653   1.6671   1.6672   1.6698   1.6701   1.6708   1.6722
  1.6728   1.6749   1.6762   1.6783   1.6786   1.6798   1.6808   1.6816
  1.6824   1.6833   1.6839   1.6849   1.6869   1.6875   1.6883   1.6897
  1.6910   1.6920   1.6937   1.6952   1.6970   1.6976   1.6980   1.6982
  1.7001   1.7019   1.7030   1.7035   1.7054   1.7064   1.7067   1.7084
  1.7093   1.7119   1.7133   1.7141   1.7153   1.7160   1.7168   1.7199
  1.7204   1.7207   1.7218   1.7231   1.7237   1.7250   1.7265   1.7276
  1.7288   1.7301   1.7304   1.7321   1.7330   1.7343   1.7350   1.7356
  1.7363   1.7387   1.7394   1.7403   1.7407   1.7421   1.7440   1.7450
  1.7459   1.7482   1.7484   1.7493   1.7505   1.7509   1.7521   1.7533
  1.7545   1.7565   1.7573   1.7576   1.7585   1.7607   1.7613   1.7619
  1.7623   1.7646   1.7654   1.7659   1.7672   1.7698   1.7701   1.7737
  1.7747   1.7753   1.7762   1.7792   1.7793   1.7807   1.7831   1.7851
  1.7866   1.7879   1.7895   1.7915   1.7921   1.7941   1.7953   1.7959
  1.7977   1.7997   1.8006   1.8021   1.8032   1.8044   1.8046   1.8073
  1.8093   1.8097   1.8111   1.8117   1.8131   1.8135   1.8156   1.8165
  1.8180   1.8196   1.8200   1.8213   1.8216   1.8228   1.8246   1.8260
  1.8265   1.8272   1.8275   1.8295   1.8303   1.8325   1.8334   1.8341
  1.8358   1.8365   1.8378   1.8381   1.8402   1.8409   1.8420   1.8427
  1.8445   1.8458   1.8471   1.8477   1.8488   1.8511   1.8524   1.8538
  1.8546   1.8556   1.8569   1.8576   1.8587   1.8608   1.8621   1.8627
  1.8646   1.8664   1.8677   1.8680   1.8693   1.8704   1.8723   1.8731
  1.8753   1.8758   1.8766   1.8792   1.8800   1.8817   1.8830   1.8842
  1.8863   1.8869   1.8887   1.8895   1.8911   1.8922   1.8933   1.8943
  1.8956   1.8981   1.8995   1.9020   1.9034   1.9045   1.9059   1.9078
  1.9095   1.9102   1.9117   1.9126   1.9139   1.9152   1.9165   1.9194
  1.9201   1.9210   1.9236   1.9250   1.9261   1.9275   1.9291   1.9296
  1.9319   1.9327   1.9334   1.9343   1.9365   1.9369   1.9380   1.9390
  1.9397   1.9414   1.9435   1.9448   1.9468   1.9479   1.9489   1.9506
  1.9528   1.9539   1.9555   1.9574   1.9591   1.9610   1.9633   1.9641
  1.9658   1.9665   1.9687   1.9699   1.9722   1.9740   1.9754   1.9788
  1.9801   1.9808   1.9825   1.9841   1.9852   1.9878   1.9902   1.9918
  1.9919   1.9946   1.9969   1.9977   1.9991   2.0013   2.0022   2.0040
  2.0052   2.0072   2.0082   2.0112   2.0146   2.0150   2.0181   2.0189
  2.0205   2.0220   2.0229   2.0251   2.0292   2.0311   2.0341   2.0352
  2.0360   2.0386   2.0397   2.0425   2.0427   2.0439   2.0450   2.0452
  2.0490   2.0511   2.0520   2.0537   2.0544   2.0565   2.0592   2.0611
  2.0646   2.0659   2.0670   2.0699   2.0708   2.0735   2.0744   2.0758
  2.0769   2.0795   2.0832   2.0844   2.0855   2.0873   2.0884   2.0910
  2.0935   2.0974   2.0981   2.1002   2.1027   2.1029   2.1041   2.1049
  2.1070   2.1081   2.1120   2.1148   2.1157   2.1175   2.1207   2.1219
  2.1244   2.1260   2.1296   2.1302   2.1331   2.1359   2.1375   2.1394
  2.1402   2.1420   2.1423   2.1449   2.1464   2.1485   2.1486   2.1495
  2.1514   2.1534   2.1540   2.1555   2.1563   2.1583   2.1605   2.1617
  2.1624   2.1643   2.1662   2.1669   2.1681   2.1694   2.1713   2.1742
  2.1742   2.1762   2.1770   2.1789   2.1799   2.1827   2.1834   2.1845
  2.1855   2.1889   2.1896   2.1909   2.1920   2.1934   2.1940   2.1956
  2.1961   2.1990   2.2007   2.2027   2.2033   2.2059   2.2074   2.2080
  2.2104   2.2117   2.2130   2.2171   2.2184   2.2198   2.2228   2.2240
  2.2248   2.2270   2.2296   2.2326   2.2330   2.2348   2.2362   2.2387
  2.2394   2.2423   2.2464   2.2472   2.2492   2.2519   2.2549   2.2590
  2.2593   2.2608   2.2623   2.2652   2.2665   2.2685   2.2698   2.2750
  2.2753   2.2763   2.2773   2.2792   2.2835   2.2877   2.2885   2.2915
  2.2924   2.2940   2.2966   2.2989   2.3019   2.3033   2.3051   2.3063
  2.3089   2.3100   2.3131   2.3134   2.3144   2.3160   2.3192   2.3213
  2.3233   2.3244   2.3258   2.3306   2.3316   2.3331   2.3352   2.3366
  2.3388   2.3414   2.3443   2.3479   2.3490   2.3534   2.3554   2.3596
  2.3625   2.3650   2.3665   2.3745   2.3758   2.3760   2.3767   2.3788
  2.3809   2.3844   2.3873   2.3890   2.3920   2.3950   2.3970   2.4014
  2.4025   2.4036   2.4076   2.4086   2.4109   2.4134   2.4145   2.4160
  2.4185   2.4209   2.4220   2.4257   2.4272   2.4313   2.4360   2.4403
  2.4426   2.4480   2.4513   2.4519   2.4571   2.4605   2.4607   2.4646
  2.4694   2.4751   2.4772   2.4831   2.4870   2.4938   2.4944   2.5027
  2.5077   2.5127   2.5141   2.5189   2.5226   2.5263   2.5378   2.5387
  2.5444   2.5508   2.5511   2.5550   2.5577   2.5602   2.5650   2.5707
  2.5737   2.5804   2.5833   2.5844   2.5879   2.5900   2.5944   2.5970
  2.5984   2.5998   2.6034   2.6062   2.6070   2.6088   2.6133   2.6137
  2.6198   2.6230   2.6239   2.6285   2.6318   2.6347   2.6375   2.6393
  2.6407   2.6424   2.6462   2.6490   2.6508   2.6520   2.6557   2.6595
  2.6627   2.6643   2.6657   2.6672   2.6712   2.6730   2.6760   2.6816
  2.6845   2.6873   2.6887   2.6907   2.6940   2.6969   2.6988   2.7008
  2.7097   2.7109   2.7153   2.7182   2.7193   2.7209   2.7242   2.7305
  2.7340   2.7377   2.7383   2.7414   2.7442   2.7502   2.7525   2.7563
  2.7581   2.7643   2.7669   2.7685   2.7708   2.7739   2.7742   2.7765
  2.7778   2.7815   2.7832   2.7855   2.7857   2.7870   2.7890   2.7915
  2.7961   2.7979   2.8015   2.8033   2.8036   2.8085   2.8162   2.8173
  2.8222   2.8255   2.8288   2.8311   2.8361   2.8380   2.8401   2.8430
  2.8470   2.8486   2.8565   2.8616   2.8661   2.8690   2.8760   2.8781
  2.8828   2.8866   2.8897   2.8936   2.8968   2.9018   2.9059   2.9122
  2.9201   2.9230   2.9270   2.9369   2.9507   2.9524   2.9575   2.9637
  2.9684   2.9787   2.9912   2.9939   2.9986   3.0151   3.0326   3.0376
  3.0598   3.0911   3.1177   3.1739   3.1843   3.1952   3.1999   3.2025
  3.2043   3.2165   3.2277   3.2826   3.2857   3.3001   3.3018   3.3061
  3.3127   3.3175   3.3216   3.3223   3.3259   3.3311   3.3323   3.3346
  3.3409   3.3423   3.3483   3.3594   3.3711   3.3922   3.4037   3.4200
  3.4368   3.4444   3.4490   3.4585   3.4612   3.4845   3.5423
