 Alpha MOs
 -- Occupied --
-10.2630 -10.2625 -10.2624 -10.2604 -10.2598 -10.2582 -10.2562 -10.2562
-10.2559 -10.2551 -10.2547 -10.2546 -10.2537 -10.2536 -10.2533 -10.2532
-10.2526 -10.2524 -10.2521 -10.2521 -10.2519 -10.2517 -10.2508 -10.2504
-10.2503 -10.2496 -10.2494 -10.2494 -10.2493 -10.2491 -10.2489 -10.2471
-10.2470 -10.2468 -10.2465 -10.2464 -10.2458 -10.2455 -10.2451 -10.2450
-10.2447 -10.2446 -10.2446 -10.2441 -10.2439 -10.2432 -10.2432 -10.2431
-10.2428 -10.2427 -10.2425 -10.2425 -10.2421 -10.2421 -10.2420 -10.2420
-10.2419 -10.2419 -10.2414 -10.2413 -10.2413 -10.2411 -10.2410 -10.2410
-10.2407 -10.2405 -10.2404 -10.2404 -10.2402 -10.2401 -10.2399 -10.2399
-10.2398 -10.2397 -10.2396 -10.2394 -10.2394 -10.2392 -10.2392 -10.2391
-10.2385 -10.2385 -10.2385 -10.2383 -10.2382 -10.2380 -10.2378 -10.2378
-10.2376 -10.2372 -10.2372 -10.2370 -10.2361 -10.2361 -10.2358 -10.2357
-10.2354 -10.2353 -10.2351 -10.2350 -10.2347 -10.2345 -10.2341 -10.2339
-10.2334 -10.2325 -10.2324 -10.2322 -10.2318 -10.2318 -10.2317 -10.2315
-10.2314 -10.2309 -10.2309 -10.2305 -10.2301 -10.2300 -10.2299 -10.2299
-10.2299 -10.2298 -10.2298 -10.2294 -10.2294 -10.2293 -10.2292 -10.2292
-10.2292 -10.2292 -10.2291 -10.2290 -10.2287 -10.2286 -10.2281 -10.2281
-10.2280 -10.2280 -10.2277 -10.2273 -10.2271 -10.2269 -10.2267 -10.2266
-10.2259 -10.2259  -0.9095  -0.9071  -0.9009  -0.8975  -0.8926  -0.8891
 -0.8841  -0.8822  -0.8805  -0.8799  -0.8782  -0.8755  -0.8714  -0.8674
 -0.8629  -0.8581  -0.8531  -0.8483  -0.8440  -0.8404  -0.8377  -0.8355
 -0.8332  -0.8304  -0.8266  -0.8222  -0.8173  -0.8117  -0.8061  -0.8038
 -0.8021  -0.8000  -0.7965  -0.7951  -0.7928  -0.7912  -0.7886  -0.7862
 -0.7853  -0.7846  -0.7832  -0.7808  -0.7739  -0.7681  -0.7646  -0.7635
 -0.7625  -0.7599  -0.7583  -0.7550  -0.7538  -0.7503  -0.7482  -0.7460
 -0.7431  -0.7415  -0.7379  -0.7363  -0.7333  -0.7303  -0.7294  -0.7263
 -0.7239  -0.7232  -0.7204  -0.7167  -0.7163  -0.7124  -0.7113  -0.7083
 -0.7076  -0.7056  -0.7052  -0.6513  -0.6511  -0.6498  -0.6494  -0.6472
 -0.6466  -0.6440  -0.6438  -0.6406  -0.6395  -0.6367  -0.6346  -0.6324
 -0.6294  -0.6274  -0.6245  -0.6215  -0.6197  -0.6158  -0.6155  -0.6148
 -0.6147  -0.6128  -0.6114  -0.6104  -0.6087  -0.6082  -0.6076  -0.6069
 -0.6010  -0.5934  -0.5860  -0.5786  -0.5726  -0.5674  -0.5647  -0.5637
 -0.5632  -0.5628  -0.5616  -0.5611  -0.5601  -0.5594  -0.5585  -0.5553
 -0.5517  -0.5470  -0.5426  -0.5382  -0.5333  -0.5288  -0.5275  -0.5252
 -0.5212  -0.5190  -0.5151  -0.5137  -0.5087  -0.5076  -0.5072  -0.5059
 -0.5032  -0.5016  -0.5006  -0.4999  -0.4962  -0.4950  -0.4945  -0.4902
 -0.4899  -0.4883  -0.4845  -0.4843  -0.4832  -0.4798  -0.4795  -0.4777
 -0.4752  -0.4748  -0.4742  -0.4724  -0.4719  -0.4692  -0.4659  -0.4614
 -0.4572  -0.4548  -0.4540  -0.4529  -0.4524  -0.4514  -0.4488  -0.4484
 -0.4473  -0.4445  -0.4441  -0.4431  -0.4400  -0.4397  -0.4395  -0.4384
 -0.4361  -0.4357  -0.4348  -0.4339  -0.4305  -0.4297  -0.4275  -0.4272
 -0.4247  -0.4246  -0.4235  -0.4231  -0.4229  -0.4226  -0.4217  -0.4210
 -0.4202  -0.4198  -0.4195  -0.4187  -0.4182  -0.4174  -0.4172  -0.4168
 -0.4166  -0.4138  -0.4137  -0.4132  -0.4108  -0.4102  -0.4091  -0.4083
 -0.4072  -0.4062  -0.4059  -0.4038  -0.4014  -0.4009  -0.3992  -0.3975
 -0.3955  -0.3928  -0.3922  -0.3904  -0.3886  -0.3871  -0.3844  -0.3834
 -0.3813  -0.3808  -0.3798  -0.3787  -0.3782  -0.3779  -0.3776  -0.3764
 -0.3756  -0.3742  -0.3737  -0.3724  -0.3712  -0.3699  -0.3667  -0.3660
 -0.3654  -0.3642  -0.3637  -0.3628  -0.3624  -0.3619  -0.3617  -0.3610
 -0.3601  -0.3595  -0.3586  -0.3566  -0.3552  -0.3532  -0.3520  -0.3515
 -0.3483  -0.3473  -0.3452  -0.3436  -0.3422  -0.3388  -0.3378  -0.3370
 -0.3355  -0.3336  -0.3335  -0.3319  -0.3315  -0.3299  -0.3284  -0.3272
 -0.3263  -0.3248  -0.3231  -0.3224  -0.3215  -0.3208  -0.3201  -0.3184
 -0.3146  -0.3124  -0.3117  -0.3096  -0.3071  -0.3051  -0.3044  -0.3005
 -0.2988  -0.2971  -0.2956  -0.2928  -0.2920  -0.2891  -0.2864  -0.2851
 -0.2839  -0.2810  -0.2808  -0.2717  -0.2702  -0.2674  -0.2598  -0.2545
 -0.2532  -0.2473  -0.2447  -0.2433  -0.2426  -0.2382  -0.2370  -0.2355
 -0.2324  -0.2273  -0.2265  -0.2250  -0.2229  -0.2165  -0.2115  -0.2057
 -0.2046  -0.2027  -0.2021  -0.2011  -0.1976  -0.1954  -0.1948  -0.1921
 -0.1849  -0.1816  -0.1750  -0.1747
 -- Virtual --
 -0.0666  -0.0660  -0.0627  -0.0619  -0.0556  -0.0546  -0.0513  -0.0483
 -0.0446  -0.0387  -0.0348  -0.0277  -0.0253  -0.0243  -0.0229  -0.0210
 -0.0174  -0.0156  -0.0150  -0.0135  -0.0081  -0.0031   0.0018   0.0095
  0.0146   0.0209   0.0264   0.0276   0.0287   0.0308   0.0352   0.0375
  0.0387   0.0422   0.0425   0.0477   0.0488   0.0492   0.0511   0.0537
  0.0551   0.0582   0.0594   0.0612   0.0618   0.0647   0.0666   0.0685
  0.0696   0.0707   0.0725   0.0735   0.0769   0.0787   0.0796   0.0818
  0.0827   0.0835   0.0853   0.0868   0.0871   0.0889   0.0902   0.0921
  0.0950   0.0961   0.0980   0.0986   0.0988   0.1006   0.1017   0.1047
  0.1057   0.1065   0.1079   0.1097   0.1102   0.1114   0.1124   0.1131
  0.1146   0.1152   0.1157   0.1166   0.1170   0.1186   0.1196   0.1217
  0.1220   0.1233   0.1234   0.1248   0.1257   0.1265   0.1272   0.1277
  0.1293   0.1304   0.1321   0.1340   0.1353   0.1365   0.1396   0.1402
  0.1407   0.1427   0.1434   0.1444   0.1490   0.1519   0.1537   0.1557
  0.1564   0.1578   0.1597   0.1604   0.1612   0.1628   0.1629   0.1661
  0.1674   0.1690   0.1701   0.1711   0.1748   0.1763   0.1768   0.1797
  0.1825   0.1829   0.1848   0.1850   0.1865   0.1883   0.1899   0.1905
  0.1932   0.1968   0.1972   0.1977   0.1995   0.2013   0.2024   0.2028
  0.2055   0.2087   0.2100   0.2115   0.2142   0.2159   0.2175   0.2190
  0.2247   0.2258   0.2275   0.2298   0.2320   0.2333   0.2347   0.2355
  0.2365   0.2372   0.2381   0.2409   0.2443   0.2466   0.2485   0.2498
  0.2512   0.2526   0.2533   0.2553   0.2572   0.2586   0.2600   0.2608
  0.2616   0.2628   0.2643   0.2653   0.2669   0.2682   0.2686   0.2707
  0.2733   0.2743   0.2748   0.2753   0.2762   0.2778   0.2782   0.2787
  0.2801   0.2807   0.2837   0.2851   0.2856   0.2884   0.2886   0.2891
  0.2915   0.2926   0.2939   0.2954   0.2966   0.2972   0.2994   0.3009
  0.3015   0.3017   0.3037   0.3053   0.3067   0.3073   0.3092   0.3114
  0.3124   0.3137   0.3149   0.3159   0.3173   0.3206   0.3212   0.3218
  0.3235   0.3249   0.3264   0.3277   0.3301   0.3314   0.3322   0.3330
  0.3345   0.3378   0.3396   0.3416   0.3452   0.3468   0.3489   0.3508
  0.3511   0.3521   0.3551   0.3558   0.3571   0.3596   0.3614   0.3642
  0.3653   0.3662   0.3710   0.3718   0.3739   0.3758   0.3781   0.3788
  0.3800   0.3824   0.3828   0.3833   0.3839   0.3840   0.3854   0.3881
  0.3891   0.3910   0.3932   0.3944   0.3959   0.3984   0.3987   0.4012
  0.4018   0.4024   0.4029   0.4043   0.4044   0.4052   0.4058   0.4066
  0.4075   0.4089   0.4096   0.4113   0.4120   0.4132   0.4134   0.4144
  0.4149   0.4155   0.4159   0.4175   0.4192   0.4199   0.4202   0.4208
  0.4219   0.4225   0.4231   0.4243   0.4246   0.4269   0.4274   0.4283
  0.4291   0.4297   0.4316   0.4327   0.4335   0.4365   0.4367   0.4398
  0.4421   0.4427   0.4437   0.4452   0.4458   0.4471   0.4474   0.4487
  0.4498   0.4503   0.4515   0.4527   0.4544   0.4556   0.4563   0.4575
  0.4585   0.4593   0.4605   0.4614   0.4624   0.4627   0.4634   0.4651
  0.4658   0.4666   0.4675   0.4681   0.4692   0.4698   0.4705   0.4715
  0.4726   0.4742   0.4746   0.4760   0.4773   0.4775   0.4788   0.4794
  0.4808   0.4813   0.4835   0.4846   0.4863   0.4867   0.4876   0.4892
  0.4908   0.4912   0.4927   0.4932   0.4949   0.4959   0.4967   0.4974
  0.4981   0.4995   0.5014   0.5018   0.5025   0.5040   0.5051   0.5059
  0.5065   0.5072   0.5077   0.5091   0.5095   0.5107   0.5112   0.5115
  0.5139   0.5144   0.5150   0.5155   0.5167   0.5176   0.5186   0.5203
  0.5208   0.5216   0.5222   0.5233   0.5240   0.5251   0.5265   0.5271
  0.5288   0.5296   0.5306   0.5323   0.5325   0.5339   0.5351   0.5360
  0.5363   0.5367   0.5380   0.5393   0.5398   0.5409   0.5418   0.5432
  0.5451   0.5453   0.5459   0.5476   0.5490   0.5513   0.5518   0.5532
  0.5539   0.5549   0.5551   0.5569   0.5586   0.5590   0.5594   0.5598
  0.5621   0.5630   0.5641   0.5651   0.5662   0.5668   0.5678   0.5689
  0.5697   0.5709   0.5717   0.5729   0.5736   0.5759   0.5763   0.5777
  0.5783   0.5810   0.5817   0.5844   0.5867   0.5879   0.5897   0.5922
  0.5946   0.5956   0.5986   0.6001   0.6011   0.6045   0.6064   0.6081
  0.6090   0.6101   0.6109   0.6114   0.6135   0.6159   0.6184   0.6186
  0.6194   0.6204   0.6223   0.6256   0.6266   0.6275   0.6286   0.6300
  0.6316   0.6327   0.6338   0.6356   0.6362   0.6388   0.6409   0.6423
  0.6436   0.6449   0.6458   0.6463   0.6480   0.6489   0.6513   0.6523
  0.6533   0.6542   0.6555   0.6558   0.6567   0.6573   0.6586   0.6602
  0.6612   0.6617   0.6627   0.6640   0.6645   0.6653   0.6661   0.6679
  0.6687   0.6699   0.6706   0.6722   0.6727   0.6738   0.6744   0.6748
  0.6760   0.6777   0.6780   0.6788   0.6804   0.6808   0.6820   0.6832
  0.6836   0.6843   0.6848   0.6854   0.6864   0.6879   0.6884   0.6899
  0.6904   0.6919   0.6931   0.6934   0.6943   0.6954   0.6961   0.6973
  0.6984   0.6995   0.7003   0.7007   0.7025   0.7027   0.7038   0.7042
  0.7065   0.7079   0.7089   0.7090   0.7115   0.7120   0.7126   0.7137
  0.7144   0.7160   0.7165   0.7188   0.7206   0.7219   0.7227   0.7233
  0.7245   0.7256   0.7262   0.7267   0.7287   0.7301   0.7306   0.7309
  0.7341   0.7347   0.7354   0.7361   0.7374   0.7377   0.7383   0.7394
  0.7406   0.7415   0.7424   0.7438   0.7445   0.7450   0.7461   0.7461
  0.7470   0.7484   0.7503   0.7510   0.7526   0.7535   0.7539   0.7561
  0.7571   0.7578   0.7586   0.7591   0.7596   0.7605   0.7619   0.7630
  0.7644   0.7661   0.7671   0.7680   0.7697   0.7715   0.7724   0.7730
  0.7742   0.7745   0.7752   0.7775   0.7779   0.7801   0.7805   0.7813
  0.7819   0.7839   0.7860   0.7861   0.7877   0.7910   0.7915   0.7927
  0.7944   0.7957   0.7969   0.7989   0.8000   0.8006   0.8024   0.8027
  0.8053   0.8064   0.8079   0.8089   0.8094   0.8108   0.8120   0.8142
  0.8146   0.8183   0.8183   0.8189   0.8204   0.8225   0.8229   0.8253
  0.8276   0.8286   0.8298   0.8311   0.8319   0.8351   0.8365   0.8376
  0.8382   0.8396   0.8422   0.8443   0.8450   0.8459   0.8473   0.8505
  0.8517   0.8535   0.8540   0.8558   0.8582   0.8598   0.8615   0.8625
  0.8649   0.8662   0.8679   0.8686   0.8696   0.8709   0.8726   0.8733
  0.8745   0.8751   0.8771   0.8777   0.8784   0.8790   0.8806   0.8822
  0.8828   0.8839   0.8861   0.8874   0.8877   0.8887   0.8897   0.8908
  0.8913   0.8926   0.8937   0.8939   0.8955   0.8975   0.8979   0.9005
  0.9008   0.9012   0.9023   0.9023   0.9037   0.9046   0.9057   0.9070
  0.9079   0.9096   0.9100   0.9117   0.9131   0.9135   0.9152   0.9168
  0.9174   0.9185   0.9194   0.9201   0.9213   0.9224   0.9240   0.9245
  0.9253   0.9270   0.9291   0.9297   0.9315   0.9316   0.9322   0.9336
  0.9341   0.9353   0.9374   0.9383   0.9392   0.9400   0.9406   0.9431
  0.9447   0.9455   0.9464   0.9475   0.9486   0.9508   0.9511   0.9520
  0.9531   0.9541   0.9556   0.9568   0.9571   0.9590   0.9598   0.9605
  0.9622   0.9636   0.9646   0.9659   0.9672   0.9683   0.9691   0.9707
  0.9721   0.9725   0.9730   0.9753   0.9765   0.9780   0.9799   0.9806
  0.9816   0.9819   0.9822   0.9831   0.9841   0.9865   0.9871   0.9886
  0.9912   0.9915   0.9924   0.9936   0.9941   0.9959   0.9972   0.9978
  0.9986   1.0003   1.0008   1.0024   1.0037   1.0056   1.0059   1.0068
  1.0072   1.0090   1.0100   1.0116   1.0129   1.0135   1.0149   1.0162
  1.0165   1.0188   1.0195   1.0200   1.0227   1.0236   1.0245   1.0255
  1.0268   1.0279   1.0281   1.0299   1.0310   1.0316   1.0334   1.0344
  1.0362   1.0373   1.0384   1.0407   1.0414   1.0421   1.0441   1.0444
  1.0452   1.0472   1.0484   1.0490   1.0490   1.0510   1.0517   1.0531
  1.0547   1.0553   1.0570   1.0596   1.0600   1.0622   1.0629   1.0638
  1.0656   1.0663   1.0687   1.0708   1.0710   1.0722   1.0726   1.0736
  1.0751   1.0759   1.0775   1.0786   1.0804   1.0806   1.0824   1.0843
  1.0864   1.0869   1.0873   1.0885   1.0895   1.0912   1.0927   1.0940
  1.0952   1.0960   1.0976   1.0986   1.1006   1.1012   1.1031   1.1037
  1.1061   1.1068   1.1070   1.1084   1.1116   1.1126   1.1143   1.1148
  1.1173   1.1188   1.1213   1.1214   1.1225   1.1230   1.1248   1.1261
  1.1281   1.1289   1.1295   1.1319   1.1327   1.1331   1.1364   1.1379
  1.1392   1.1407   1.1417   1.1446   1.1458   1.1469   1.1504   1.1517
  1.1521   1.1542   1.1575   1.1587   1.1599   1.1616   1.1636   1.1645
  1.1654   1.1686   1.1701   1.1707   1.1743   1.1768   1.1796   1.1799
  1.1815   1.1817   1.1839   1.1862   1.1867   1.1895   1.1902   1.1924
  1.1936   1.1955   1.1972   1.1985   1.2013   1.2049   1.2079   1.2081
  1.2116   1.2118   1.2148   1.2159   1.2169   1.2193   1.2233   1.2246
  1.2271   1.2277   1.2302   1.2326   1.2336   1.2352   1.2353   1.2369
  1.2429   1.2440   1.2477   1.2482   1.2524   1.2559   1.2584   1.2621
  1.2652   1.2676   1.2689   1.2724   1.2740   1.2752   1.2783   1.2796
  1.2808   1.2843   1.2857   1.2865   1.2904   1.2935   1.2941   1.2970
  1.2986   1.3019   1.3025   1.3060   1.3112   1.3129   1.3150   1.3169
  1.3181   1.3207   1.3246   1.3311   1.3322   1.3346   1.3367   1.3394
  1.3417   1.3448   1.3484   1.3498   1.3510   1.3543   1.3571   1.3596
  1.3614   1.3644   1.3660   1.3673   1.3681   1.3692   1.3718   1.3747
  1.3775   1.3779   1.3801   1.3806   1.3832   1.3856   1.3861   1.3886
  1.3911   1.3940   1.3962   1.3982   1.4002   1.4002   1.4040   1.4049
  1.4057   1.4076   1.4098   1.4103   1.4106   1.4135   1.4142   1.4148
  1.4175   1.4178   1.4193   1.4202   1.4214   1.4231   1.4238   1.4248
  1.4269   1.4292   1.4310   1.4332   1.4337   1.4359   1.4395   1.4416
  1.4444   1.4468   1.4472   1.4497   1.4500   1.4508   1.4523   1.4543
  1.4565   1.4576   1.4598   1.4606   1.4616   1.4635   1.4653   1.4668
  1.4674   1.4692   1.4701   1.4724   1.4736   1.4745   1.4790   1.4800
  1.4814   1.4831   1.4849   1.4867   1.4885   1.4891   1.4898   1.4911
  1.4926   1.4947   1.4959   1.4969   1.4975   1.4990   1.5000   1.5012
  1.5021   1.5043   1.5052   1.5055   1.5067   1.5082   1.5091   1.5105
  1.5118   1.5131   1.5140   1.5158   1.5177   1.5185   1.5195   1.5208
  1.5215   1.5242   1.5250   1.5256   1.5260   1.5273   1.5290   1.5301
  1.5311   1.5328   1.5342   1.5357   1.5375   1.5385   1.5400   1.5410
  1.5419   1.5444   1.5453   1.5467   1.5472   1.5507   1.5514   1.5522
  1.5534   1.5551   1.5553   1.5560   1.5582   1.5589   1.5616   1.5622
  1.5635   1.5635   1.5658   1.5663   1.5677   1.5695   1.5701   1.5714
  1.5732   1.5738   1.5744   1.5758   1.5769   1.5784   1.5791   1.5799
  1.5816   1.5826   1.5845   1.5855   1.5870   1.5882   1.5895   1.5909
  1.5914   1.5928   1.5948   1.5967   1.5973   1.5978   1.5986   1.5992
  1.5999   1.6016   1.6022   1.6037   1.6049   1.6069   1.6076   1.6088
  1.6095   1.6117   1.6127   1.6139   1.6155   1.6164   1.6172   1.6189
  1.6197   1.6206   1.6216   1.6217   1.6236   1.6241   1.6252   1.6268
  1.6274   1.6280   1.6299   1.6315   1.6325   1.6333   1.6337   1.6345
  1.6361   1.6365   1.6375   1.6380   1.6396   1.6407   1.6417   1.6418
  1.6427   1.6433   1.6439   1.6457   1.6464   1.6467   1.6477   1.6481
  1.6493   1.6503   1.6510   1.6521   1.6526   1.6529   1.6538   1.6552
  1.6569   1.6572   1.6579   1.6590   1.6602   1.6611   1.6622   1.6640
  1.6645   1.6648   1.6661   1.6668   1.6678   1.6686   1.6696   1.6702
  1.6715   1.6723   1.6736   1.6742   1.6760   1.6773   1.6790   1.6794
  1.6795   1.6807   1.6823   1.6840   1.6848   1.6859   1.6865   1.6889
  1.6893   1.6916   1.6924   1.6930   1.6942   1.6955   1.6960   1.6967
  1.6978   1.6992   1.7006   1.7016   1.7029   1.7042   1.7044   1.7058
  1.7068   1.7092   1.7105   1.7121   1.7125   1.7134   1.7142   1.7156
  1.7168   1.7179   1.7193   1.7201   1.7211   1.7233   1.7240   1.7257
  1.7266   1.7270   1.7278   1.7284   1.7304   1.7311   1.7322   1.7330
  1.7336   1.7349   1.7363   1.7370   1.7372   1.7392   1.7412   1.7416
  1.7425   1.7433   1.7452   1.7455   1.7465   1.7472   1.7480   1.7487
  1.7503   1.7511   1.7522   1.7536   1.7547   1.7558   1.7574   1.7582
  1.7585   1.7601   1.7616   1.7622   1.7630   1.7636   1.7638   1.7662
  1.7667   1.7680   1.7695   1.7702   1.7715   1.7720   1.7730   1.7756
  1.7766   1.7783   1.7806   1.7815   1.7819   1.7830   1.7836   1.7846
  1.7859   1.7867   1.7886   1.7894   1.7922   1.7933   1.7952   1.7954
  1.7962   1.7971   1.7984   1.7987   1.7996   1.8005   1.8034   1.8047
  1.8060   1.8070   1.8072   1.8084   1.8093   1.8106   1.8108   1.8124
  1.8131   1.8141   1.8156   1.8174   1.8180   1.8197   1.8205   1.8218
  1.8224   1.8243   1.8251   1.8267   1.8277   1.8286   1.8303   1.8309
  1.8316   1.8323   1.8339   1.8350   1.8366   1.8386   1.8389   1.8395
  1.8411   1.8434   1.8453   1.8459   1.8479   1.8488   1.8509   1.8516
  1.8523   1.8531   1.8557   1.8565   1.8570   1.8576   1.8588   1.8592
  1.8619   1.8626   1.8636   1.8639   1.8671   1.8682   1.8695   1.8701
  1.8716   1.8727   1.8745   1.8757   1.8781   1.8806   1.8813   1.8825
  1.8848   1.8851   1.8857   1.8869   1.8878   1.8923   1.8930   1.8934
  1.8948   1.8960   1.8976   1.8986   1.8995   1.9014   1.9035   1.9042
  1.9050   1.9064   1.9083   1.9095   1.9098   1.9108   1.9123   1.9137
  1.9154   1.9175   1.9176   1.9188   1.9209   1.9223   1.9230   1.9236
  1.9255   1.9268   1.9279   1.9295   1.9306   1.9317   1.9327   1.9341
  1.9348   1.9365   1.9380   1.9387   1.9408   1.9418   1.9430   1.9444
  1.9467   1.9480   1.9492   1.9503   1.9518   1.9539   1.9553   1.9576
  1.9578   1.9592   1.9605   1.9631   1.9637   1.9645   1.9656   1.9682
  1.9703   1.9717   1.9729   1.9739   1.9745   1.9755   1.9772   1.9798
  1.9806   1.9820   1.9846   1.9867   1.9875   1.9919   1.9928   1.9934
  1.9958   1.9968   2.0003   2.0015   2.0029   2.0058   2.0065   2.0084
  2.0106   2.0121   2.0139   2.0153   2.0169   2.0180   2.0186   2.0207
  2.0229   2.0256   2.0274   2.0293   2.0307   2.0321   2.0339   2.0354
  2.0372   2.0387   2.0403   2.0426   2.0436   2.0451   2.0464   2.0489
  2.0496   2.0513   2.0526   2.0535   2.0562   2.0579   2.0597   2.0613
  2.0647   2.0653   2.0666   2.0685   2.0730   2.0767   2.0772   2.0797
  2.0810   2.0826   2.0849   2.0862   2.0875   2.0894   2.0928   2.0944
  2.0962   2.0983   2.1000   2.1011   2.1046   2.1048   2.1074   2.1088
  2.1106   2.1128   2.1155   2.1162   2.1178   2.1184   2.1191   2.1209
  2.1229   2.1243   2.1254   2.1279   2.1287   2.1302   2.1327   2.1345
  2.1359   2.1363   2.1375   2.1394   2.1403   2.1415   2.1420   2.1435
  2.1439   2.1472   2.1482   2.1493   2.1518   2.1532   2.1536   2.1563
  2.1567   2.1591   2.1595   2.1605   2.1630   2.1633   2.1651   2.1667
  2.1696   2.1709   2.1725   2.1744   2.1759   2.1765   2.1775   2.1782
  2.1810   2.1816   2.1847   2.1854   2.1859   2.1887   2.1921   2.1942
  2.1948   2.1967   2.1987   2.2003   2.2019   2.2023   2.2038   2.2058
  2.2091   2.2103   2.2124   2.2151   2.2157   2.2177   2.2196   2.2232
  2.2240   2.2246   2.2259   2.2278   2.2304   2.2316   2.2335   2.2346
  2.2356   2.2399   2.2408   2.2412   2.2430   2.2456   2.2475   2.2484
  2.2502   2.2523   2.2545   2.2565   2.2568   2.2592   2.2615   2.2640
  2.2656   2.2677   2.2691   2.2699   2.2721   2.2752   2.2765   2.2792
  2.2800   2.2808   2.2827   2.2850   2.2877   2.2890   2.2899   2.2925
  2.2944   2.2948   2.2981   2.2998   2.3012   2.3029   2.3070   2.3089
  2.3104   2.3123   2.3145   2.3168   2.3172   2.3194   2.3200   2.3223
  2.3231   2.3271   2.3277   2.3284   2.3306   2.3323   2.3341   2.3357
  2.3367   2.3378   2.3401   2.3420   2.3445   2.3473   2.3491   2.3498
  2.3538   2.3578   2.3584   2.3616   2.3639   2.3670   2.3700   2.3729
  2.3768   2.3832   2.3853   2.3882   2.3895   2.3931   2.3946   2.3979
  2.3991   2.4027   2.4062   2.4130   2.4161   2.4193   2.4238   2.4262
  2.4290   2.4332   2.4385   2.4459   2.4465   2.4522   2.4574   2.4599
  2.4652   2.4717   2.4720   2.4797   2.4900   2.4952   2.4993   2.5068
  2.5074   2.5158   2.5261   2.5290   2.5370   2.5388   2.5441   2.5457
  2.5478   2.5507   2.5524   2.5540   2.5596   2.5627   2.5655   2.5674
  2.5710   2.5712   2.5719   2.5734   2.5782   2.5796   2.5841   2.5904
  2.5933   2.5965   2.5979   2.5985   2.6038   2.6060   2.6106   2.6131
  2.6134   2.6162   2.6181   2.6206   2.6239   2.6259   2.6288   2.6300
  2.6329   2.6335   2.6391   2.6415   2.6445   2.6483   2.6509   2.6535
  2.6558   2.6585   2.6613   2.6660   2.6683   2.6709   2.6743   2.6767
  2.6796   2.6818   2.6858   2.6880   2.6901   2.6913   2.6939   2.6972
  2.6988   2.7041   2.7073   2.7098   2.7135   2.7162   2.7178   2.7205
  2.7229   2.7291   2.7309   2.7320   2.7351   2.7393   2.7400   2.7421
  2.7430   2.7443   2.7477   2.7504   2.7532   2.7554   2.7569   2.7599
  2.7626   2.7639   2.7674   2.7695   2.7714   2.7742   2.7775   2.7806
  2.7839   2.7884   2.7902   2.7925   2.7926   2.7943   2.7995   2.8029
  2.8058   2.8067   2.8084   2.8109   2.8136   2.8153   2.8214   2.8224
  2.8252   2.8297   2.8342   2.8454   2.8506   2.8522   2.8570   2.8659
  2.8693   2.8736   2.8778   2.8819   2.8863   2.8947   2.9077   2.9100
  2.9164   2.9292   2.9348   2.9411   2.9518   2.9592   2.9778   2.9826
  2.9897   3.0149   3.0380   3.0665   3.0756   3.0947   3.1311   3.1650
  3.1707   3.1843   3.2190   3.2212   3.2302   3.2398   3.2508   3.2597
  3.2648   3.2709   3.2732   3.2903   3.2953   3.3000   3.3060   3.3085
  3.3184   3.3197   3.3259   3.3317   3.3379   3.3411   3.3451   3.3564
  3.3666   3.3739   3.3850   3.3918   3.3938   3.4109   3.4254   3.4392
  3.4601   3.4691   3.4769   3.5064
