-2952.98745892
-2952.98659705
-2952.98274580
-2952.98108857
-2952.97896752
-2952.97622427
-2952.97527794
-2952.97343461
-2952.97247900
-2952.97100045
-2952.96887881
-2952.96806459
-2952.96744218
-2952.96548150
-2952.96460631
-2952.96362231
-2952.96296548
-2952.96203509
-2952.96160845
-2952.95949730
-2952.95900299
-2952.95720205
-2952.95605929
-2952.95541593
-2952.95446805
-2952.95325701
-2952.95286930
-2952.95156405
-2952.95076193
-2952.95040192
-2952.94918760
-2952.94840673
-2952.94812892
-2952.94734315
-2952.94714417
-2952.94605447
-2952.94587828
-2952.94537951
-2952.94501220
-2952.94472118
-2952.94448882
-2952.94332259
-2952.94286651
-2952.94201231
-2952.94184723
-2952.94110390
-2952.94087923
-2952.94016825
-2952.93995368
-2952.93930776
-2952.93902129
-2952.93878195
-2952.93804223
-2952.93784256
-2952.93746059
-2952.93672191
-2952.93646514
-2952.93583551
-2952.93568476
-2952.93536410
-2952.93469910
-2952.93434382
-2952.93407173
-2952.93369351
-2952.93352208
-2952.93336476
-2952.93287108
-2952.93270663
-2952.93229243
-2952.93193007
-2952.93171677
-2952.93130268
-2952.93012350
-2952.92964811
-2952.92901426
-2952.92881182
-2952.92813181
-2952.92765983
-2952.92748654
-2952.92720339
-2952.92679284
-2952.92672307
-2952.92583099
-2952.92561371
-2952.92517786
-2952.92479786
-2952.92428980
-2952.92412460
-2952.92397580
-2952.92373967
-2952.92343405
-2952.92315481
-2952.92241367
-2952.92217889
-2952.92179807
-2952.92147682
-2952.92117932
-2952.92094605
-2952.92040782
-2952.92003527
-2952.91961894
-2952.91920798
-2952.91882923
-2952.91845186
-2952.91804565
-2952.91780642
-2952.91760715
-2952.91735920
-2952.91710756
-2952.91675093
-2952.91636378
-2952.91628924
-2952.91580817
-2952.91547169
-2952.91516241
-2952.91465838
-2952.91432833
-2952.91406069
-2952.91361011
-2952.91322488
-2952.91289036
-2952.91266846
-2952.91241520
-2952.91204537
-2952.91171572
-2952.91121327
-2952.91102175
-2952.91023670
-2952.91006848
-2952.90998379
-2952.90961471
-2952.90935046
-2952.90919661
-2952.90880315
-2952.90878881
-2952.90811876
-2952.90793243
-2952.90705806
-2952.90679688
-2952.90666732
-2952.90649003
-2952.90618952
-2952.90606905
-2952.90578077
-2952.90546252
-2952.90494926
-2952.90466228
-2952.90433360
-2952.90382234
-2952.90343670
-2952.90293266
-2952.90274095
-2952.90209154
-2952.90193834
-2952.90145148
-2952.90128911
-2952.90085442
-2952.90068409
-2952.90024736
-2952.90014491
-2952.89980847
-2952.89949432
-2952.89927065
-2952.89897534
-2952.89864026
-2952.89854335
-2952.89817990
-2952.89759103
-2952.89749616
-2952.89729891
-2952.89694108
-2952.89661361
-2952.89645685
-2952.89630655
-2952.89618132
-2952.89536462
-2952.89516306
-2952.89483797
-2952.89406245
-2952.89399604
-2952.89376040
-2952.89361131
-2952.89337739
-2952.89327347
-2952.89294345
-2952.89280327
-2952.89244505
-2952.89228280
-2952.89203204
-2952.89194192
-2952.89154006
-2952.89148837
-2952.89090224
-2952.89039408
-2952.89032657
-2952.89012464
-2952.88976483
-2952.88962618
-2952.88921004
-2952.88888787
-2952.88864879
-2952.88832632
-2952.88819823
-2952.88782245
-2952.88773751
-2952.88726526
-2952.88697025
-2952.88658374
-2952.88647218
-2952.88617448
-2952.88585399
-2952.88568536
-2952.88533827
-2952.88525286
-2952.88470646
-2952.88451814
-2952.88440121
-2952.88407550
-2952.88375177
-2952.88355777
-2952.88331945
-2952.88318621
-2952.88279771
-2952.88264963
-2952.88226699
-2952.88217911
-2952.88205774
-2952.88165073
-2952.88158664
-2952.88119025
-2952.88096240
-2952.88063563
-2952.88045232
-2952.88018088
-2952.87977095
-2952.87940833
-2952.87927901
-2952.87918767
-2952.87893116
-2952.87847363
-2952.87827129
-2952.87822990
-2952.87802116
-2952.87786112
-2952.87727876
-2952.87700877
-2952.87686459
-2952.87645986
-2952.87635652
-2952.87618459
-2952.87603364
-2952.87569520
-2952.87552495
-2952.87540806
-2952.87530717
-2952.87527037
-2952.87443398
-2952.87431118
-2952.87405576
-2952.87400683
-2952.87362104
-2952.87339724
-2952.87331644
-2952.87303451
-2952.87295166
-2952.87274514
-2952.87253324
-2952.87241017
-2952.87218095
-2952.87210315
-2952.87173299
-2952.87149510
-2952.87119853
-2952.87098393
-2952.87066459
-2952.87043952
-2952.87007776
-2952.87002705
-2952.86984634
-2952.86949927
-2952.86933819
-2952.86908678
-2952.86873246
-2952.86859967
-2952.86848829
-2952.86829828
-2952.86808832
-2952.86791698
-2952.86775710
-2952.86734917
-2952.86710112
-2952.86696241
-2952.86687725
-2952.86678951
-2952.86660384
-2952.86641098
-2952.86606843
-2952.86584587
-2952.86550290
-2952.86547049
-2952.86533961
-2952.86498017
-2952.86490612
-2952.86465338
-2952.86431410
-2952.86397731
-2952.86393428
-2952.86364300
-2952.86358411
-2952.86308830
-2952.86285824
-2952.86271472
-2952.86265107
-2952.86233910
-2952.86218507
-2952.86201885
-2952.86175962
-2952.86142969
-2952.86127216
-2952.86082346
-2952.86078667
-2952.86045804
-2952.86034561
-2952.86011953
-2952.86001801
-2952.85974810
-2952.85945700
-2952.85925207
-2952.85914922
-2952.85903926
-2952.85871743
-2952.85823586
-2952.85793951
-2952.85783481
-2952.85766076
-2952.85744090
-2952.85731941
-2952.85717462
-2952.85695030
-2952.85666944
-2952.85645120
-2952.85618530
-2952.85582972
-2952.85574780
-2952.85548584
-2952.85518966
-2952.85505042
-2952.85486109
-2952.85480697
-2952.85474398
-2952.85452661
-2952.85436856
-2952.85431681
-2952.85392790
-2952.85378221
-2952.85359198
-2952.85343262
-2952.85331040
-2952.85321663
-2952.85291031
-2952.85261561
-2952.85234575
-2952.85226489
-2952.85210379
-2952.85187734
-2952.85160260
-2952.85140056
-2952.85118758
-2952.85114587
-2952.85098929
-2952.85058974
-2952.85056029
-2952.85019508
-2952.85005946
-2952.84972073
-2952.84962732
-2952.84958269
-2952.84940246
-2952.84926148
-2952.84918558
-2952.84871964
-2952.84860916
-2952.84842895
-2952.84813665
-2952.84792444
-2952.84775544
-2952.84765550
-2952.84744192
-2952.84713950
-2952.84712840
-2952.84687635
-2952.84670992
-2952.84657984
-2952.84620013
-2952.84607330
-2952.84571098
-2952.84565307
-2952.84552170
-2952.84532983
-2952.84525124
-2952.84509867
-2952.84498365
-2952.84479645
-2952.84441616
-2952.84431549
-2952.84416141
-2952.84374295
-2952.84363156
-2952.84359193
-2952.84337521
-2952.84319625
-2952.84303504
-2952.84294152
-2952.84264661
-2952.84254409
-2952.84250432
-2952.84226162
-2952.84212447
-2952.84194280
-2952.84184745
-2952.84184192
-2952.84166668
-2952.84165986
-2952.84128086
-2952.84110787
-2952.84079548
-2952.84074555
-2952.84046937
-2952.84034460
-2952.84022821
-2952.84002564
-2952.83987958
-2952.83956558
-2952.83942349
-2952.83934560
-2952.83877962
-2952.83870061
-2952.83859866
-2952.83855824
-2952.83830292
-2952.83819377
-2952.83810768
-2952.83802513
-2952.83790891
-2952.83770385
-2952.83762179
-2952.83733616
-2952.83715048
-2952.83710377
-2952.83685522
-2952.83668935
-2952.83654527
-2952.83652410
-2952.83640448
-2952.83621343
-2952.83609248
-2952.83596427
-2952.83579205
-2952.83568516
-2952.83558329
-2952.83553424
-2952.83530923
-2952.83501873
-2952.83481905
-2952.83472774
-2952.83461760
-2952.83435309
-2952.83428148
-2952.83406721
-2952.83393960
-2952.83376299
-2952.83368544
-2952.83348202
-2952.83324694
-2952.83310940
-2952.83303579
-2952.83293566
-2952.83259127
-2952.83250308
-2952.83236603
-2952.83231619
-2952.83207519
-2952.83204492
-2952.83176007
-2952.83154087
-2952.83150998
-2952.83126550
-2952.83120594
-2952.83113559
-2952.83087543
-2952.83077616
-2952.83061335
-2952.83048522
-2952.83028902
-2952.83012890
-2952.82989102
-2952.82984117
-2952.82966340
-2952.82955152
-2952.82953375
-2952.82921630
-2952.82899226
-2952.82887796
-2952.82887543
-2952.82866274
-2952.82851432
-2952.82841397
-2952.82833464
-2952.82824950
-2952.82804074
-2952.82798662
-2952.82772428
-2952.82759800
-2952.82743328
-2952.82739208
-2952.82717274
-2952.82707450
-2952.82690765
-2952.82682322
-2952.82657458
-2952.82649441
-2952.82631558
-2952.82627638
-2952.82612929
-2952.82597714
-2952.82595975
-2952.82587045
-2952.82565000
-2952.82553094
-2952.82538502
-2952.82537543
-2952.82528967
-2952.82520272
-2952.82508298
-2952.82487155
-2952.82480788
-2952.82456585
-2952.82443414
-2952.82431019
-2952.82422084
-2952.82411065
-2952.82400338
-2952.82380036
-2952.82365511
-2952.82353367
-2952.82346587
-2952.82341422
-2952.82333919
-2952.82312110
-2952.82301211
-2952.82289358
-2952.82271261
-2952.82260396
-2952.82257176
-2952.82243674
-2952.82232978
-2952.82220274
-2952.82211301
-2952.82180533
-2952.82173848
-2952.82163800
-2952.82155882
-2952.82123908
-2952.82114936
-2952.82100414
-2952.82089633
-2952.82072784
-2952.82064376
-2952.82059787
-2952.82051273
-2952.82023127
-2952.82007027
-2952.81995609
-2952.81985899
-2952.81965308
-2952.81943953
-2952.81941084
-2952.81927620
-2952.81908106
-2952.81901671
-2952.81879651
-2952.81873643
-2952.81869269
-2952.81850715
-2952.81834651
-2952.81812619
-2952.81811938
-2952.81800740
-2952.81789359
-2952.81780222
-2952.81762625
-2952.81753565
-2952.81733935
-2952.81723807
-2952.81708844
-2952.81705019
-2952.81681014
-2952.81666325
-2952.81652214
-2952.81646226
-2952.81632241
-2952.81622194
-2952.81604896
-2952.81594724
-2952.81581168
-2952.81576217
-2952.81567460
-2952.81557202
-2952.81539019
-2952.81536632
-2952.81527416
-2952.81522021
-2952.81512383
-2952.81504767
-2952.81485882
-2952.81467720
-2952.81463420
-2952.81449205
-2952.81434312
-2952.81427492
-2952.81420886
-2952.81402078
-2952.81398660
-2952.81382818
-2952.81368691
-2952.81364533
-2952.81358690
-2952.81338962
-2952.81335810
-2952.81308893
-2952.81302496
-2952.81282213
-2952.81280131
-2952.81263898
-2952.81249063
-2952.81240801
-2952.81225074
-2952.81217825
-2952.81208235
-2952.81188510
-2952.81185901
-2952.81181204
-2952.81173093
-2952.81158119
-2952.81152017
-2952.81137254
-2952.81126938
-2952.81124368
-2952.81092313
-2952.81075031
-2952.81062561
-2952.81050790
-2952.81046484
-2952.81024712
-2952.81012839
-2952.81000414
-2952.80995170
-2952.80987652
-2952.80982078
-2952.80965186
-2952.80951944
-2952.80946041
-2952.80930448
-2952.80924170
-2952.80913227
-2952.80906704
-2952.80895893
-2952.80884891
-2952.80881684
-2952.80870617
-2952.80868064
-2952.80856326
-2952.80846508
-2952.80837009
-2952.80817917
-2952.80810471
-2952.80805437
-2952.80801723
-2952.80793140
-2952.80774407
-2952.80760221
-2952.80752100
-2952.80729367
-2952.80727033
-2952.80715220
-2952.80690801
-2952.80685423
-2952.80678684
-2952.80662878
-2952.80655269
-2952.80650286
-2952.80647188
-2952.80636900
-2952.80603353
-2952.80600512
-2952.80593964
-2952.80579122
-2952.80570800
-2952.80559463
-2952.80546849
-2952.80531014
-2952.80524638
-2952.80517686
-2952.80509939
-2952.80480965
-2952.80477382
-2952.80466215
-2952.80453080
-2952.80436764
-2952.80430213
-2952.80429523
-2952.80419901
-2952.80385914
-2952.80383633
-2952.80371558
-2952.80365342
-2952.80345663
-2952.80336845
-2952.80329211
-2952.80311551
-2952.80304342
-2952.80297585
-2952.80286414
-2952.80271035
-2952.80255649
-2952.80252804
-2952.80241678
-2952.80232401
-2952.80226491
-2952.80203929
-2952.80193400
-2952.80180856
-2952.80175815
-2952.80172155
-2952.80160368
-2952.80153982
-2952.80151549
-2952.80128389
-2952.80122976
-2952.80119911
-2952.80100670
-2952.80088905
-2952.80080719
-2952.80062375
-2952.80059584
-2952.80047419
-2952.80037557
-2952.80029222
-2952.80019732
-2952.80011357
-2952.80000828
-2952.79997457
-2952.79988672
-2952.79974446
-2952.79967966
-2952.79949902
-2952.79946291
-2952.79937988
-2952.79913097
-2952.79905087
-2952.79892599
-2952.79890186
-2952.79878721
-2952.79863662
-2952.79860965
-2952.79852673
-2952.79842637
-2952.79823176
-2952.79820430
-2952.79809069
-2952.79804028
-2952.79795555
-2952.79780493
-2952.79777432
-2952.79759262
-2952.79745958
-2952.79729514
-2952.79719453
-2952.79707181
-2952.79692191
-2952.79672876
-2952.79669281
-2952.79644191
-2952.79643860
-2952.79639706
-2952.79623330
-2952.79618466
-2952.79611132
-2952.79586136
-2952.79583909
-2952.79574618
-2952.79567528
-2952.79546011
-2952.79538772
-2952.79530414
-2952.79520259
-2952.79512775
-2952.79502347
-2952.79498372
-2952.79488588
-2952.79478368
-2952.79470644
-2952.79456680
-2952.79450804
-2952.79435193
-2952.79427684
-2952.79414829
-2952.79413369
-2952.79402324
-2952.79389694
-2952.79383230
-2952.79367364
-2952.79365226
-2952.79351063
-2952.79342712
-2952.79331455
-2952.79326587
-2952.79319521
-2952.79305399
-2952.79294296
-2952.79288850
-2952.79275267
-2952.79265629
-2952.79262217
-2952.79242541
-2952.79232887
-2952.79219590
-2952.79217146
-2952.79212766
-2952.79199760
-2952.79190066
-2952.79186764
-2952.79183227
-2952.79174930
-2952.79147658
-2952.79140545
-2952.79132980
-2952.79126902
-2952.79117998
-2952.79107152
-2952.79098355
-2952.79090145
-2952.79078297
-2952.79071214
-2952.79066439
-2952.79058737
-2952.79056984
-2952.79048709
-2952.79036790
-2952.79032132
-2952.79014136
-2952.79006852
-2952.78995638
-2952.78987157
-2952.78976604
-2952.78967261
-2952.78956636
-2952.78948542
-2952.78941267
-2952.78936549
-2952.78933070
-2952.78920250
-2952.78902348
-2952.78901102
-2952.78896832
-2952.78891058
-2952.78884118
-2952.78880490
-2952.78874706
-2952.78862631
-2952.78853163
-2952.78847689
-2952.78836644
-2952.78815827
-2952.78814574
-2952.78808072
-2952.78794420
-2952.78781012
-2952.78768852
-2952.78760744
-2952.78753181
-2952.78743605
-2952.78737784
-2952.78726193
-2952.78710245
-2952.78707811
-2952.78692956
-2952.78690762
-2952.78677060
-2952.78674163
-2952.78663716
-2952.78660198
-2952.78647362
-2952.78646275
-2952.78627122
-2952.78625575
-2952.78617671
-2952.78604839
-2952.78595704
-2952.78590151
-2952.78588619
-2952.78577847
-2952.78562579
-2952.78551829
-2952.78542797
-2952.78531316
-2952.78522267
-2952.78515804
-2952.78504257
-2952.78500158
-2952.78488340
-2952.78487453
-2952.78466942
-2952.78457725
-2952.78455200
-2952.78449769
-2952.78448133
-2952.78432355
-2952.78419951
-2952.78414416
-2952.78406605
-2952.78387654
-2952.78384234
-2952.78374745
-2952.78360141
-2952.78357267
-2952.78352674
-2952.78340829
-2952.78332518
-2952.78315452
-2952.78309347
-2952.78301830
-2952.78299703
-2952.78289305
-2952.78276412
-2952.78265158
-2952.78263040
-2952.78245008
-2952.78231899
-2952.78228041
-2952.78219471
-2952.78211167
-2952.78209341
-2952.78195837
-2952.78174104
-2952.78163214
-2952.78148386
-2952.78144514
-2952.78132573
-2952.78127995
-2952.78123727
-2952.78111514
-2952.78098225
-2952.78089127
-2952.78083394
-2952.78073337
-2952.78068037
-2952.78054845
-2952.78044319
-2952.78039306
-2952.78029651
-2952.78015617
-2952.78008383
-2952.77995883
-2952.77984584
-2952.77975621
-2952.77974478
-2952.77968463
-2952.77953686
-2952.77949071
-2952.77937385
-2952.77928675
-2952.77916151
-2952.77901339
-2952.77895501
-2952.77885087
-2952.77882715
-2952.77878906
-2952.77867345
-2952.77854388
-2952.77842255
-2952.77839548
-2952.77826332
-2952.77823781
-2952.77817003
-2952.77812560
-2952.77789619
-2952.77782966
-2952.77776712
-2952.77770783
-2952.77753107
-2952.77744968
-2952.77742513
-2952.77734382
-2952.77730538
-2952.77718186
-2952.77710465
-2952.77705670
-2952.77701602
-2952.77690388
