-2840.74789323
-2840.74692690
-2840.74297547
-2840.73898176
-2840.73596796
-2840.73471515
-2840.73330876
-2840.73126728
-2840.73068676
-2840.72915637
-2840.72801904
-2840.72723888
-2840.72558795
-2840.72271276
-2840.72197934
-2840.72136149
-2840.72084672
-2840.71866744
-2840.71840490
-2840.71685993
-2840.71583806
-2840.71474517
-2840.71376888
-2840.71268789
-2840.71104069
-2840.71028350
-2840.70894079
-2840.70863070
-2840.70773242
-2840.70602867
-2840.70558323
-2840.70540610
-2840.70482878
-2840.70406149
-2840.70329025
-2840.70222002
-2840.70212247
-2840.70038255
-2840.69991290
-2840.69909998
-2840.69878594
-2840.69865156
-2840.69725530
-2840.69646539
-2840.69606957
-2840.69586615
-2840.69544466
-2840.69508229
-2840.69433508
-2840.69387235
-2840.69334667
-2840.69235808
-2840.69191928
-2840.69130546
-2840.69096547
-2840.69025350
-2840.68975203
-2840.68869469
-2840.68839818
-2840.68803962
-2840.68795535
-2840.68761882
-2840.68697928
-2840.68626642
-2840.68611545
-2840.68503466
-2840.68461408
-2840.68446325
-2840.68410830
-2840.68313105
-2840.68275919
-2840.68244260
-2840.68115129
-2840.68097379
-2840.68091197
-2840.68054931
-2840.68008834
-2840.67944030
-2840.67900493
-2840.67851688
-2840.67774600
-2840.67763011
-2840.67742953
-2840.67700090
-2840.67648159
-2840.67563651
-2840.67526438
-2840.67518221
-2840.67492902
-2840.67394814
-2840.67348083
-2840.67337309
-2840.67276869
-2840.67235690
-2840.67155800
-2840.67117375
-2840.67096207
-2840.66987364
-2840.66979076
-2840.66937621
-2840.66897169
-2840.66863538
-2840.66787171
-2840.66737042
-2840.66668741
-2840.66645337
-2840.66565143
-2840.66545872
-2840.66512534
-2840.66465569
-2840.66421659
-2840.66278713
-2840.66236430
-2840.66193672
-2840.66139857
-2840.66058970
-2840.66019988
-2840.65967843
-2840.65942201
-2840.65910935
-2840.65895363
-2840.65862201
-2840.65840087
-2840.65733052
-2840.65687426
-2840.65673432
-2840.65637497
-2840.65604429
-2840.65569459
-2840.65539639
-2840.65481431
-2840.65408418
-2840.65327169
-2840.65253716
-2840.65235160
-2840.65175804
-2840.65145816
-2840.65075979
-2840.65017703
-2840.65002879
-2840.64972476
-2840.64962847
-2840.64923399
-2840.64857392
-2840.64823111
-2840.64820718
-2840.64804642
-2840.64744783
-2840.64705057
-2840.64661724
-2840.64644369
-2840.64613244
-2840.64562248
-2840.64530096
-2840.64497496
-2840.64495187
-2840.64459538
-2840.64430028
-2840.64384588
-2840.64371420
-2840.64336823
-2840.64291212
-2840.64255212
-2840.64211791
-2840.64196735
-2840.64148514
-2840.64141042
-2840.64114879
-2840.64080173
-2840.64061075
-2840.64002411
-2840.63949041
-2840.63924623
-2840.63877587
-2840.63842057
-2840.63826003
-2840.63809396
-2840.63771427
-2840.63748317
-2840.63709286
-2840.63691080
-2840.63656407
-2840.63627492
-2840.63590300
-2840.63580644
-2840.63550089
-2840.63523369
-2840.63479325
-2840.63476086
-2840.63455722
-2840.63432614
-2840.63382900
-2840.63367937
-2840.63337715
-2840.63285641
-2840.63270713
-2840.63257665
-2840.63233516
-2840.63223127
-2840.63201804
-2840.63151063
-2840.63121286
-2840.63093508
-2840.63058948
-2840.63022279
-2840.63007668
-2840.62961641
-2840.62927732
-2840.62903374
-2840.62854220
-2840.62845673
-2840.62822473
-2840.62804812
-2840.62788443
-2840.62758294
-2840.62739193
-2840.62716949
-2840.62659128
-2840.62632951
-2840.62614106
-2840.62586694
-2840.62574276
-2840.62541336
-2840.62510627
-2840.62499439
-2840.62451580
-2840.62405950
-2840.62393123
-2840.62374144
-2840.62320590
-2840.62305644
-2840.62279737
-2840.62263239
-2840.62245211
-2840.62193116
-2840.62183803
-2840.62169203
-2840.62132206
-2840.62129044
-2840.62095101
-2840.62066946
-2840.62022607
-2840.62014284
-2840.61991668
-2840.61976097
-2840.61948231
-2840.61943637
-2840.61929781
-2840.61917263
-2840.61866330
-2840.61837710
-2840.61828792
-2840.61802015
-2840.61759459
-2840.61753260
-2840.61717743
-2840.61700349
-2840.61683589
-2840.61659946
-2840.61631035
-2840.61620818
-2840.61594105
-2840.61585988
-2840.61575975
-2840.61557102
-2840.61548715
-2840.61522925
-2840.61488969
-2840.61467218
-2840.61422461
-2840.61409476
-2840.61364821
-2840.61362019
-2840.61329102
-2840.61316862
-2840.61312756
-2840.61290103
-2840.61278228
-2840.61274620
-2840.61248835
-2840.61235363
-2840.61209217
-2840.61186269
-2840.61169538
-2840.61163225
-2840.61098479
-2840.61081029
-2840.61064880
-2840.61050545
-2840.61016243
-2840.60993456
-2840.60982078
-2840.60959130
-2840.60929978
-2840.60899492
-2840.60895942
-2840.60859886
-2840.60843321
-2840.60815205
-2840.60770745
-2840.60763154
-2840.60739022
-2840.60724066
-2840.60712705
-2840.60687715
-2840.60670556
-2840.60665154
-2840.60645783
-2840.60616101
-2840.60602261
-2840.60587328
-2840.60577293
-2840.60542722
-2840.60529637
-2840.60511813
-2840.60482283
-2840.60449229
-2840.60436848
-2840.60432825
-2840.60425530
-2840.60407832
-2840.60376809
-2840.60373267
-2840.60350093
-2840.60341751
-2840.60317248
-2840.60313653
-2840.60294996
-2840.60270538
-2840.60253649
-2840.60232262
-2840.60219041
-2840.60201255
-2840.60174827
-2840.60154488
-2840.60143985
-2840.60136731
-2840.60120131
-2840.60097303
-2840.60063690
-2840.60053356
-2840.60034057
-2840.60013904
-2840.60007066
-2840.60002431
-2840.59975023
-2840.59962857
-2840.59954588
-2840.59928667
-2840.59913608
-2840.59894718
-2840.59881959
-2840.59852544
-2840.59834039
-2840.59817538
-2840.59792940
-2840.59771273
-2840.59759318
-2840.59745525
-2840.59723857
-2840.59711603
-2840.59697222
-2840.59664312
-2840.59649501
-2840.59645607
-2840.59632558
-2840.59620934
-2840.59594888
-2840.59576368
-2840.59562835
-2840.59543926
-2840.59515690
-2840.59503918
-2840.59492751
-2840.59479015
-2840.59455770
-2840.59443658
-2840.59416540
-2840.59396321
-2840.59396152
-2840.59386328
-2840.59382479
-2840.59365196
-2840.59337495
-2840.59331489
-2840.59317286
-2840.59293844
-2840.59283611
-2840.59280356
-2840.59257024
-2840.59247908
-2840.59238207
-2840.59225105
-2840.59209784
-2840.59196339
-2840.59173106
-2840.59148260
-2840.59147498
-2840.59139965
-2840.59129510
-2840.59113223
-2840.59097995
-2840.59079988
-2840.59050783
-2840.59041277
-2840.59027651
-2840.59020632
-2840.59007859
-2840.58992122
-2840.58975206
-2840.58949686
-2840.58938587
-2840.58928755
-2840.58904065
-2840.58890297
-2840.58885507
-2840.58873764
-2840.58852812
-2840.58832593
-2840.58822264
-2840.58815974
-2840.58797391
-2840.58792797
-2840.58787049
-2840.58747516
-2840.58740921
-2840.58735050
-2840.58728964
-2840.58706173
-2840.58688629
-2840.58677574
-2840.58667700
-2840.58665958
-2840.58646107
-2840.58634211
-2840.58618803
-2840.58606112
-2840.58583045
-2840.58566517
-2840.58559910
-2840.58529288
-2840.58526967
-2840.58516596
-2840.58493530
-2840.58481558
-2840.58472870
-2840.58455247
-2840.58442730
-2840.58430645
-2840.58421418
-2840.58404122
-2840.58388048
-2840.58377095
-2840.58354041
-2840.58333862
-2840.58324562
-2840.58306383
-2840.58295197
-2840.58287318
-2840.58273246
-2840.58260603
-2840.58254569
-2840.58242410
-2840.58220482
-2840.58213036
-2840.58195053
-2840.58191226
-2840.58169748
-2840.58153331
-2840.58126481
-2840.58114107
-2840.58101804
-2840.58085314
-2840.58074287
-2840.58066561
-2840.58051865
-2840.58040457
-2840.58019496
-2840.57995556
-2840.57989129
-2840.57976166
-2840.57965675
-2840.57960097
-2840.57955089
-2840.57950772
-2840.57928586
-2840.57922056
-2840.57910518
-2840.57903512
-2840.57887403
-2840.57865590
-2840.57853879
-2840.57836786
-2840.57833105
-2840.57815801
-2840.57803603
-2840.57786815
-2840.57785149
-2840.57771138
-2840.57757329
-2840.57748223
-2840.57727631
-2840.57718193
-2840.57714954
-2840.57698841
-2840.57674045
-2840.57667454
-2840.57663606
-2840.57659340
-2840.57635431
-2840.57621354
-2840.57609144
-2840.57593059
-2840.57582730
-2840.57572803
-2840.57559162
-2840.57558601
-2840.57540950
-2840.57529429
-2840.57516581
-2840.57491920
-2840.57487556
-2840.57476806
-2840.57465149
-2840.57449341
-2840.57441780
-2840.57438305
-2840.57420334
-2840.57417685
-2840.57405424
-2840.57393997
-2840.57378952
-2840.57366766
-2840.57354417
-2840.57342767
-2840.57332960
-2840.57324472
-2840.57302600
-2840.57298207
-2840.57290215
-2840.57265806
-2840.57252527
-2840.57243297
-2840.57229494
-2840.57221761
-2840.57216371
-2840.57207359
-2840.57196495
-2840.57177418
-2840.57174191
-2840.57162009
-2840.57155106
-2840.57142885
-2840.57129390
-2840.57116070
-2840.57103852
-2840.57086462
-2840.57078860
-2840.57065353
-2840.57059628
-2840.57047411
-2840.57036245
-2840.57033862
-2840.57026650
-2840.57015386
-2840.56997724
-2840.56983927
-2840.56973884
-2840.56962748
-2840.56952335
-2840.56942861
-2840.56933992
-2840.56929062
-2840.56923724
-2840.56900706
-2840.56893470
-2840.56878797
-2840.56872054
-2840.56858841
-2840.56850471
-2840.56840579
-2840.56831576
-2840.56817982
-2840.56810791
-2840.56798080
-2840.56787420
-2840.56781030
-2840.56761480
-2840.56746375
-2840.56739037
-2840.56732220
-2840.56721075
-2840.56715125
-2840.56699851
-2840.56694053
-2840.56678185
-2840.56673178
-2840.56667230
-2840.56660218
-2840.56647234
-2840.56640090
-2840.56629979
-2840.56620374
-2840.56610965
-2840.56593312
-2840.56583492
-2840.56568478
-2840.56563764
-2840.56549399
-2840.56546048
-2840.56537360
-2840.56528368
-2840.56514442
-2840.56495492
-2840.56491714
-2840.56490121
-2840.56462451
-2840.56459864
-2840.56453292
-2840.56430221
-2840.56423329
-2840.56411447
-2840.56406094
-2840.56400530
-2840.56389934
-2840.56364570
-2840.56356516
-2840.56348136
-2840.56336683
-2840.56332277
-2840.56321424
-2840.56309928
-2840.56304103
-2840.56297795
-2840.56278492
-2840.56268608
-2840.56262270
-2840.56244010
-2840.56239469
-2840.56228405
-2840.56213104
-2840.56203674
-2840.56191140
-2840.56186402
-2840.56183611
-2840.56164635
-2840.56158497
-2840.56148670
-2840.56135135
-2840.56125382
-2840.56110188
-2840.56104382
-2840.56096590
-2840.56076113
-2840.56069252
-2840.56060399
-2840.56051653
-2840.56043699
-2840.56027878
-2840.56012530
-2840.56007167
-2840.55999529
-2840.55989912
-2840.55983841
-2840.55971423
-2840.55968204
-2840.55957537
-2840.55949591
-2840.55940094
-2840.55932029
-2840.55918552
-2840.55913091
-2840.55903471
-2840.55891260
-2840.55884756
-2840.55875727
-2840.55870775
-2840.55859292
-2840.55847998
-2840.55841573
-2840.55839757
-2840.55825745
-2840.55814034
-2840.55792374
-2840.55778940
-2840.55768593
-2840.55760961
-2840.55753053
-2840.55742902
-2840.55733991
-2840.55721530
-2840.55716973
-2840.55704715
-2840.55698193
-2840.55689504
-2840.55675692
-2840.55668757
-2840.55651271
-2840.55638049
-2840.55632319
-2840.55627928
-2840.55615848
-2840.55609706
-2840.55598895
-2840.55588151
-2840.55575483
-2840.55569396
-2840.55560048
-2840.55554610
-2840.55534904
-2840.55530657
-2840.55519336
-2840.55496466
-2840.55493980
-2840.55488564
-2840.55473255
-2840.55471834
-2840.55459448
-2840.55451773
-2840.55436201
-2840.55430523
-2840.55420405
-2840.55414339
-2840.55408692
-2840.55389836
-2840.55384816
-2840.55377288
-2840.55365767
-2840.55359628
-2840.55349416
-2840.55344196
-2840.55328122
-2840.55320632
-2840.55313809
-2840.55310867
-2840.55303089
-2840.55298243
-2840.55291252
-2840.55271335
-2840.55268449
-2840.55259315
-2840.55256120
-2840.55239339
-2840.55234773
-2840.55225668
-2840.55210819
-2840.55205830
-2840.55195313
-2840.55179186
-2840.55172314
-2840.55170684
-2840.55155687
-2840.55148745
-2840.55139891
-2840.55125629
-2840.55113561
-2840.55111360
-2840.55102833
-2840.55096021
-2840.55092618
-2840.55088965
-2840.55084533
-2840.55077742
-2840.55060655
-2840.55055504
-2840.55040522
-2840.55037205
-2840.55034405
-2840.55017253
-2840.55012189
-2840.55001200
-2840.54983049
-2840.54973551
-2840.54967320
-2840.54958218
-2840.54950213
-2840.54939488
-2840.54930796
-2840.54924730
-2840.54920049
-2840.54917219
-2840.54905739
-2840.54896098
-2840.54891550
-2840.54886175
-2840.54873581
-2840.54860918
-2840.54856611
-2840.54853436
-2840.54846076
-2840.54836843
-2840.54830991
-2840.54821312
-2840.54810733
-2840.54803189
-2840.54786445
-2840.54781925
-2840.54776034
-2840.54766587
-2840.54764235
-2840.54748379
-2840.54744445
-2840.54737223
-2840.54734122
-2840.54729419
-2840.54719162
-2840.54708525
-2840.54701452
-2840.54698762
-2840.54689624
-2840.54677374
-2840.54670790
-2840.54662371
-2840.54655095
-2840.54652340
-2840.54643993
-2840.54635505
-2840.54627353
-2840.54622085
-2840.54615018
-2840.54603780
-2840.54598646
-2840.54581092
-2840.54576811
-2840.54570508
-2840.54558802
-2840.54552853
-2840.54547523
-2840.54538976
-2840.54525594
-2840.54519061
-2840.54515307
-2840.54507065
-2840.54495911
-2840.54479387
-2840.54474552
-2840.54466032
-2840.54461309
-2840.54444780
-2840.54437054
-2840.54423153
-2840.54419238
-2840.54411824
-2840.54407613
-2840.54395875
-2840.54385698
-2840.54373417
-2840.54358448
-2840.54346983
-2840.54341936
-2840.54330708
-2840.54319056
-2840.54311508
-2840.54303755
-2840.54293761
-2840.54285757
-2840.54280819
-2840.54261765
-2840.54256387
-2840.54249929
-2840.54234164
-2840.54227264
-2840.54209709
-2840.54198917
-2840.54180931
-2840.54178298
-2840.54169334
-2840.54159905
-2840.54149080
-2840.54144182
-2840.54132714
-2840.54121480
-2840.54115867
-2840.54110848
-2840.54101696
-2840.54088231
-2840.54084472
-2840.54076022
-2840.54067983
-2840.54060410
-2840.54058552
-2840.54044693
-2840.54034928
-2840.54029586
-2840.54027181
-2840.54014921
-2840.54003587
-2840.53999633
-2840.53986201
-2840.53981790
-2840.53974445
-2840.53958916
-2840.53954738
-2840.53950092
-2840.53944447
-2840.53937341
-2840.53928439
-2840.53921937
-2840.53916680
-2840.53905498
-2840.53892499
-2840.53882927
-2840.53880823
-2840.53872911
-2840.53861768
-2840.53857117
-2840.53841521
-2840.53834961
-2840.53821018
-2840.53812834
-2840.53807918
-2840.53798564
-2840.53787207
-2840.53780745
-2840.53772554
-2840.53768350
-2840.53763092
-2840.53756543
-2840.53752491
-2840.53735586
-2840.53721624
-2840.53719816
-2840.53710951
-2840.53704719
-2840.53684936
-2840.53680667
-2840.53674340
-2840.53664025
-2840.53656509
-2840.53652214
-2840.53640990
-2840.53628131
-2840.53620592
-2840.53619285
-2840.53612839
-2840.53600477
-2840.53591293
-2840.53585587
-2840.53576513
-2840.53568622
-2840.53567275
-2840.53548561
-2840.53544059
-2840.53541751
-2840.53535730
-2840.53528209
-2840.53522193
-2840.53515243
-2840.53508584
-2840.53506444
-2840.53501928
-2840.53495034
-2840.53486788
-2840.53480973
-2840.53469621
-2840.53465216
-2840.53458739
-2840.53451161
-2840.53439454
-2840.53420359
-2840.53413760
-2840.53406304
-2840.53405923
-2840.53391167
-2840.53386243
-2840.53375013
-2840.53368465
-2840.53364317
-2840.53363248
-2840.53354400
-2840.53346109
-2840.53334512
-2840.53327733
-2840.53316469
-2840.53312857
-2840.53301312
-2840.53296102
-2840.53290985
-2840.53280738
-2840.53271338
-2840.53263856
-2840.53257457
-2840.53254162
-2840.53244985
-2840.53235249
-2840.53227607
-2840.53221212
-2840.53215496
-2840.53213357
-2840.53204729
-2840.53200553
-2840.53197408
-2840.53187776
-2840.53177560
-2840.53170163
-2840.53164522
-2840.53159784
-2840.53155168
-2840.53148266
-2840.53135507
