1  0.0 0.0 0.000100 
2  0.0 0.0 0.000200 
3  0.0 0.0 0.000300 
4  0.0 0.0 0.000400 
5  0.0 0.0 0.000500 
6  0.0 0.0 0.000600 
7  0.0 0.0 0.000700 
8  0.0 0.0 0.000800 
9  0.0 0.0 0.000900 
10  0.0 0.0 0.001000 
11  0.0 0.0 0.001100 
12  0.0 0.0 0.001200 
13  0.0 0.0 0.001300 
14  0.0 0.0 0.001400 
15  0.0 0.0 0.001500 
16  0.0 0.0 0.001600 
17  0.0 0.0 0.001700 
18  0.0 0.0 0.001800 
19  0.0 0.0 0.001900 
20  0.0 0.0 0.002000 
21  0.0 0.0 0.002100 
22  0.0 0.0 0.002200 
23  0.0 0.0 0.002300 
24  0.0 0.0 0.002400 
25  0.0 0.0 0.002500 
26  0.0 0.0 0.002600 
27  0.0 0.0 0.002700 
28  0.0 0.0 0.002800 
29  0.0 0.0 0.002900 
30  0.0 0.0 0.003000 
31  0.0 0.0 0.003100 
32  0.0 0.0 0.003200 
33  0.0 0.0 0.003300 
34  0.0 0.0 0.003400 
35  0.0 0.0 0.003500 
36  0.0 0.0 0.003600 
37  0.0 0.0 0.003700 
38  0.0 0.0 0.003800 
39  0.0 0.0 0.003900 
40  0.0 0.0 0.004000 
41  0.0 0.0 0.004100 
42  0.0 0.0 0.004200 
43  0.0 0.0 0.004300 
44  0.0 0.0 0.004400 
45  0.0 0.0 0.004500 
46  0.0 0.0 0.004600 
47  0.0 0.0 0.004700 
48  0.0 0.0 0.004800 
49  0.0 0.0 0.004900 
50  0.0 0.0 0.005000 
