x_center,hist_y
9.814392836315163904e-02,6.083136194660358070e-02
1.481439283631516557e-01,6.759040216289287362e-02
1.981439283631516446e-01,9.462656302804997588e-02
2.481439283631516612e-01,1.757350456235214908e-01
2.981439283631516224e-01,2.230483271375465204e-01
3.481439283631516668e-01,4.055424129773568254e-01
3.981439283631517112e-01,4.190604934099358414e-01
4.481439283631516446e-01,4.798918553565394429e-01
4.981439283631516335e-01,6.488678607637723417e-01
5.481439283631516224e-01,7.434944237918209575e-01
5.981439283631516668e-01,7.232173031429530718e-01
6.481439283631517112e-01,7.840486650895565068e-01
6.981439283631516446e-01,8.381209868198726820e-01
7.481439283631516890e-01,8.043257857384243925e-01
7.981439283631517334e-01,9.259885096316334829e-01
8.481439283631516668e-01,8.989523487664743406e-01
8.981439283631517112e-01,8.921933085501850824e-01
9.481439283631516446e-01,1.074687394389997941e+00
9.981439283631516890e-01,8.110848259547119854e-01
1.048143928363151733e+00,9.800608313619501022e-01
1.098143928363151556e+00,8.448800270361600528e-01
1.148143928363151822e+00,8.246029063872922782e-01
1.198143928363151645e+00,7.502534640081102157e-01
1.248143928363151911e+00,6.826630618452174115e-01
1.298143928363151733e+00,5.880364988171700169e-01
1.348143928363151556e+00,5.812774586008780942e-01
1.398143928363151822e+00,4.258195336262247110e-01
1.448143928363151645e+00,4.663737749239604269e-01
1.498143928363151911e+00,3.785062521121997370e-01
1.548143928363151733e+00,3.447110510307548892e-01
1.598143928363151556e+00,3.109158499493069328e-01
1.648143928363151822e+00,2.703616086515712724e-01
1.698143928363151645e+00,2.703616086515712724e-01
1.748143928363151911e+00,1.216627238932070504e-01
1.798143928363151733e+00,1.419398445420755328e-01
1.848143928363151556e+00,1.622169651909427524e-01
1.898143928363151822e+00,1.892531260560998685e-01
1.948143928363151645e+00,9.462656302804993425e-02
1.998143928363151911e+00,1.013856032443392063e-01
2.048143928363151733e+00,7.434944237918242327e-02
2.098143928363152000e+00,3.379520108144625640e-02
2.148143928363151822e+00,1.013856032443396643e-01
2.198143928363151645e+00,6.759040216289311127e-03
2.248143928363151467e+00,2.027712064886775384e-02
2.298143928363151733e+00,6.759040216289311127e-03
2.348143928363152000e+00,6.759040216289251279e-03
2.398143928363151822e+00,2.703616086515724451e-02
2.448143928363151645e+00,2.703616086515700512e-02
2.498143928363151911e+00,0.000000000000000000e+00
2.548143928363151733e+00,6.759040216289311127e-03
2.598143928363152000e+00,1.351808043257850256e-02
2.648143928363151822e+00,2.027712064886793425e-02
2.698143928363151645e+00,0.000000000000000000e+00
2.748143928363151911e+00,0.000000000000000000e+00
2.798143928363151733e+00,6.759040216289311127e-03
2.848143928363152000e+00,0.000000000000000000e+00
2.898143928363151822e+00,6.759040216289311127e-03
2.948143928363151645e+00,0.000000000000000000e+00
2.998143928363151911e+00,0.000000000000000000e+00
3.048143928363151733e+00,0.000000000000000000e+00
3.098143928363152000e+00,0.000000000000000000e+00
3.148143928363151822e+00,6.759040216289311127e-03
3.198143928363151645e+00,0.000000000000000000e+00
3.248143928363151911e+00,6.759040216289311127e-03
3.298143928363151733e+00,0.000000000000000000e+00
3.348143928363152000e+00,0.000000000000000000e+00
3.398143928363151822e+00,0.000000000000000000e+00
3.448143928363151645e+00,0.000000000000000000e+00
3.498143928363151911e+00,6.759040216289311127e-03
3.548143928363151733e+00,0.000000000000000000e+00
3.598143928363152000e+00,0.000000000000000000e+00
3.648143928363151822e+00,6.759040216289311127e-03
3.698143928363151645e+00,0.000000000000000000e+00
3.748143928363151911e+00,0.000000000000000000e+00
3.798143928363151733e+00,0.000000000000000000e+00
3.848143928363152000e+00,0.000000000000000000e+00
3.898143928363151822e+00,0.000000000000000000e+00
3.948143928363151645e+00,0.000000000000000000e+00
3.998143928363151911e+00,0.000000000000000000e+00
4.048143928363151289e+00,0.000000000000000000e+00
4.098143928363152000e+00,0.000000000000000000e+00
4.148143928363151822e+00,0.000000000000000000e+00
4.198143928363151645e+00,0.000000000000000000e+00
4.248143928363152355e+00,6.759040216289311127e-03
4.298143928363151289e+00,0.000000000000000000e+00
4.348143928363152000e+00,0.000000000000000000e+00
4.398143928363151822e+00,0.000000000000000000e+00
4.448143928363151645e+00,6.759040216289311127e-03
