x_center,hist_y
5.818033702453249273e-02,6.759040216289287362e-02
1.081803370245325024e-01,1.081446434606285895e-01
1.581803370245324913e-01,2.365664075701249536e-01
2.081803370245325080e-01,3.649881716796215536e-01
2.581803370245324691e-01,4.258195336262251551e-01
3.081803370245325135e-01,4.934099357891174598e-01
3.581803370245325580e-01,5.677593781683002438e-01
4.081803370245324913e-01,7.502534640081109929e-01
4.581803370245325358e-01,5.677593781683002438e-01
5.081803370245324691e-01,7.299763433592431072e-01
5.581803370245325135e-01,6.623859411963495258e-01
6.081803370245325580e-01,7.096992227103745554e-01
6.581803370245324913e-01,7.772896248732690250e-01
7.081803370245325358e-01,7.029401824940851862e-01
7.581803370245325802e-01,8.178438661710047963e-01
8.081803370245325135e-01,7.029401824940851862e-01
8.581803370245325580e-01,8.246029063872922782e-01
9.081803370245324913e-01,7.096992227103759987e-01
9.581803370245325358e-01,7.502534640081102157e-01
1.008180337024532580e+00,6.826630618452188548e-01
1.058180337024532403e+00,6.556269009800602676e-01
1.108180337024532669e+00,5.880364988171674634e-01
1.158180337024532491e+00,5.745184183845888359e-01
1.208180337024532758e+00,5.001689760054067735e-01
1.258180337024532580e+00,4.798918553565410527e-01
1.308180337024532403e+00,5.610003379520103195e-01
1.358180337024532669e+00,5.407232173031425448e-01
1.408180337024532491e+00,4.123014531936461391e-01
1.458180337024532758e+00,4.190604934099353973e-01
1.508180337024532580e+00,3.717472118959120886e-01
1.558180337024532403e+00,3.717472118959104788e-01
1.608180337024532669e+00,3.109158499493069328e-01
1.658180337024532491e+00,2.568435282189926450e-01
1.708180337024532758e+00,2.365664075701248426e-01
1.758180337024532580e+00,1.554579249746541603e-01
1.808180337024532403e+00,1.419398445420748944e-01
1.858180337024532669e+00,2.095302467049676987e-01
1.908180337024532491e+00,1.419398445420748944e-01
1.958180337024532758e+00,2.027712064886784127e-01
2.008180337024532580e+00,1.351808043257862191e-01
2.058180337024532847e+00,1.622169651909420307e-01
2.108180337024532669e+00,1.149036836769182779e-01
2.158180337024532491e+00,1.081446434606289780e-01
2.208180337024532314e+00,6.759040216289251279e-02
2.258180337024532580e+00,6.759040216289310954e-02
2.308180337024532847e+00,7.434944237918175713e-02
2.358180337024532669e+00,8.110848259547173700e-02
2.408180337024532491e+00,5.407232173031401024e-02
2.458180337024532758e+00,2.703616086515724451e-02
2.508180337024532580e+00,4.055424129773586850e-02
2.558180337024532847e+00,4.731328151402475896e-02
2.608180337024532669e+00,5.407232173031448902e-02
2.658180337024532491e+00,2.027712064886775384e-02
2.708180337024532758e+00,2.027712064886793425e-02
2.758180337024532580e+00,2.027712064886793425e-02
2.808180337024532847e+00,0.000000000000000000e+00
2.858180337024532669e+00,0.000000000000000000e+00
2.908180337024532491e+00,2.027712064886775384e-02
2.958180337024532758e+00,1.351808043257862225e-02
3.008180337024532580e+00,2.027712064886793425e-02
3.058180337024532847e+00,6.759040216289251279e-03
3.108180337024532669e+00,1.351808043257862225e-02
3.158180337024532491e+00,1.351808043257850256e-02
3.208180337024532758e+00,6.759040216289311127e-03
3.258180337024532580e+00,6.759040216289311127e-03
3.308180337024532847e+00,0.000000000000000000e+00
3.358180337024532669e+00,6.759040216289311127e-03
3.408180337024532491e+00,0.000000000000000000e+00
3.458180337024532758e+00,0.000000000000000000e+00
3.508180337024532580e+00,0.000000000000000000e+00
3.558180337024532847e+00,0.000000000000000000e+00
3.608180337024532669e+00,0.000000000000000000e+00
3.658180337024532491e+00,0.000000000000000000e+00
3.708180337024532758e+00,0.000000000000000000e+00
3.758180337024532580e+00,6.759040216289311127e-03
3.808180337024532847e+00,0.000000000000000000e+00
3.858180337024532669e+00,0.000000000000000000e+00
3.908180337024532491e+00,0.000000000000000000e+00
3.958180337024532758e+00,0.000000000000000000e+00
4.008180337024532136e+00,0.000000000000000000e+00
4.058180337024532847e+00,0.000000000000000000e+00
4.108180337024532669e+00,6.759040216289190564e-03
