x_center,hist_y
4.188770807231776555e-02,6.759040216289286841e-03
9.188770807231777527e-02,4.731328151402500876e-02
1.418877080723177642e-01,6.083136194660355989e-02
1.918877080723177808e-01,1.622169651909429189e-01
2.418877080723177697e-01,1.960121662723893488e-01
2.918877080723177864e-01,3.109158499493069328e-01
3.418877080723178308e-01,4.325785738425144134e-01
3.918877080723177642e-01,3.920243325447786975e-01
4.418877080723178086e-01,4.663737749239608710e-01
4.918877080723177420e-01,5.745184183845895021e-01
5.418877080723177864e-01,7.637715444406888432e-01
5.918877080723178308e-01,8.719161879013171967e-01
6.418877080723177642e-01,7.637715444406905085e-01
6.918877080723178086e-01,9.395065900642101120e-01
7.418877080723178530e-01,9.395065900642121104e-01
7.918877080723177864e-01,8.854342683338958242e-01
8.418877080723178308e-01,9.868198715782349195e-01
8.918877080723177642e-01,9.124704291990549665e-01
9.418877080723178086e-01,7.772896248732673596e-01
9.918877080723178530e-01,7.164582629266653679e-01
1.041887708072317675e+00,7.232173031429530718e-01
1.091887708072317942e+00,7.299763433592423301e-01
1.141887708072317764e+00,8.989523487664743406e-01
1.191887708072318031e+00,7.705305846569781014e-01
1.241887708072317853e+00,5.610003379520127620e-01
1.291887708072317675e+00,5.610003379520103195e-01
1.341887708072317942e+00,5.542412977357210613e-01
1.391887708072317764e+00,4.393376140588032830e-01
1.441887708072318031e+00,4.663737749239604269e-01
1.491887708072317853e+00,4.123014531936479710e-01
1.541887708072317675e+00,3.514700912470425931e-01
1.591887708072317942e+00,3.109158499493069328e-01
1.641887708072317764e+00,2.636025684352819587e-01
1.691887708072318031e+00,2.095302467049676987e-01
1.741887708072317853e+00,2.162892869212579561e-01
1.791887708072317675e+00,1.824940858398105825e-01
1.841887708072317942e+00,1.554579249746534664e-01
1.891887708072317764e+00,1.081446434606284923e-01
1.941887708072318031e+00,9.462656302804993425e-02
1.991887708072317853e+00,1.149036836769182779e-01
2.041887708072318119e+00,6.759040216289251279e-02
2.091887708072317942e+00,1.216627238932076055e-01
2.141887708072317764e+00,6.759040216289310954e-02
2.191887708072317587e+00,8.110848259547101535e-02
2.241887708072317853e+00,3.379520108144655477e-02
2.291887708072318119e+00,4.731328151402475896e-02
2.341887708072317942e+00,1.351808043257862225e-02
2.391887708072317764e+00,2.703616086515700512e-02
2.441887708072318031e+00,1.351808043257862225e-02
2.491887708072317853e+00,1.351808043257862225e-02
2.541887708072318119e+00,5.407232173031401024e-02
2.591887708072317942e+00,2.703616086515724451e-02
2.641887708072317764e+00,6.759040216289251279e-03
2.691887708072318031e+00,0.000000000000000000e+00
2.741887708072317853e+00,1.351808043257862225e-02
2.791887708072318119e+00,6.759040216289251279e-03
2.841887708072317942e+00,1.351808043257862225e-02
2.891887708072317764e+00,1.351808043257850256e-02
2.941887708072318031e+00,6.759040216289311127e-03
2.991887708072317853e+00,1.351808043257862225e-02
3.041887708072318119e+00,6.759040216289251279e-03
3.091887708072317942e+00,1.351808043257862225e-02
3.141887708072317764e+00,0.000000000000000000e+00
3.191887708072318031e+00,0.000000000000000000e+00
3.241887708072317853e+00,0.000000000000000000e+00
3.291887708072318119e+00,0.000000000000000000e+00
3.341887708072317942e+00,0.000000000000000000e+00
3.391887708072317764e+00,0.000000000000000000e+00
3.441887708072318031e+00,0.000000000000000000e+00
3.491887708072317853e+00,0.000000000000000000e+00
3.541887708072318119e+00,0.000000000000000000e+00
3.591887708072317942e+00,0.000000000000000000e+00
3.641887708072317764e+00,0.000000000000000000e+00
3.691887708072318031e+00,0.000000000000000000e+00
3.741887708072317853e+00,0.000000000000000000e+00
3.791887708072318119e+00,0.000000000000000000e+00
3.841887708072317942e+00,0.000000000000000000e+00
3.891887708072317764e+00,0.000000000000000000e+00
3.941887708072318031e+00,0.000000000000000000e+00
3.991887708072317853e+00,0.000000000000000000e+00
4.041887708072318119e+00,6.759040216289311127e-03
