x_center,hist_y
7.698444920586097751e-02,5.998286203941730760e-02
1.269844492058609942e-01,1.713796058269065892e-01
1.769844492058609831e-01,2.485004284490144599e-01
2.269844492058609997e-01,3.427592116538132894e-01
2.769844492058609609e-01,4.027420736932306178e-01
3.269844492058610053e-01,5.398457583547553451e-01
3.769844492058610497e-01,5.912596401028278326e-01
4.269844492058609831e-01,5.826906598114824920e-01
4.769844492058609720e-01,5.227077977720657742e-01
5.269844492058609609e-01,8.140531276778056879e-01
5.769844492058610053e-01,7.540702656383883040e-01
6.269844492058610497e-01,8.397600685518415986e-01
6.769844492058609831e-01,8.740359897172248482e-01
7.269844492058610275e-01,6.940874035989711421e-01
7.769844492058610719e-01,8.568980291345341671e-01
8.269844492058610053e-01,7.883461868037696663e-01
8.769844492058610497e-01,7.283633247643523934e-01
9.269844492058609831e-01,7.369323050556993993e-01
9.769844492058610275e-01,8.397600685518397112e-01
1.026984449205861072e+00,6.598114824335927775e-01
1.076984449205860894e+00,6.855184233076258016e-01
1.126984449205861161e+00,6.512425021422444393e-01
1.176984449205860983e+00,6.598114824335897799e-01
1.226984449205861250e+00,5.569837189374459152e-01
1.276984449205861072e+00,4.712939160239947856e-01
1.326984449205860894e+00,3.941730934018848331e-01
1.376984449205861161e+00,3.941730934018848331e-01
1.426984449205860983e+00,3.684661525278488670e-01
1.476984449205861250e+00,3.684661525278488670e-01
1.526984449205861072e+00,3.341902313624690590e-01
1.576984449205860894e+00,3.598971722365035264e-01
1.626984449205861161e+00,2.485004284490143212e-01
1.676984449205860983e+00,3.084832904884315941e-01
1.726984449205861250e+00,2.485004284490143212e-01
1.776984449205861072e+00,2.399314481576701186e-01
1.826984449205860894e+00,1.542416452442157970e-01
1.876984449205861161e+00,2.056555269922877571e-01
1.926984449205860983e+00,1.113967437874891914e-01
1.976984449205861250e+00,1.542416452442157970e-01
2.026984449205861072e+00,6.855184233076287714e-02
2.076984449205861338e+00,1.028277634961434067e-01
2.126984449205861161e+00,1.028277634961443227e-01
2.176984449205860983e+00,9.425878320479896821e-02
2.226984449205860805e+00,1.113967437874887056e-01
2.276984449205861072e+00,4.284490145672679995e-02
2.326984449205861338e+00,4.284490145672642525e-02
2.376984449205861161e+00,5.998286203941752964e-02
2.426984449205860983e+00,5.998286203941699535e-02
2.476984449205861250e+00,1.713796058269071929e-02
2.526984449205861072e+00,4.284490145672679995e-02
2.576984449205861338e+00,8.568980291345285050e-03
2.626984449205861161e+00,4.284490145672679995e-02
2.676984449205860983e+00,2.570694087403585168e-02
2.726984449205861250e+00,2.570694087403608066e-02
2.776984449205861072e+00,2.570694087403608066e-02
2.826984449205861338e+00,8.568980291345285050e-03
2.876984449205861161e+00,2.570694087403608066e-02
2.926984449205860983e+00,3.427592116538114020e-02
2.976984449205861250e+00,8.568980291345359643e-03
3.026984449205861072e+00,0.000000000000000000e+00
3.076984449205861338e+00,1.713796058269057010e-02
3.126984449205861161e+00,0.000000000000000000e+00
3.176984449205860983e+00,1.713796058269057010e-02
3.226984449205861250e+00,0.000000000000000000e+00
3.276984449205861072e+00,0.000000000000000000e+00
3.326984449205861338e+00,0.000000000000000000e+00
3.376984449205861161e+00,8.568980291345359643e-03
3.426984449205860983e+00,0.000000000000000000e+00
3.476984449205861250e+00,0.000000000000000000e+00
3.526984449205861072e+00,0.000000000000000000e+00
3.576984449205861338e+00,0.000000000000000000e+00
3.626984449205861161e+00,0.000000000000000000e+00
3.676984449205860983e+00,0.000000000000000000e+00
3.726984449205861250e+00,8.568980291345359643e-03
3.776984449205861072e+00,8.568980291345359643e-03
3.826984449205861338e+00,0.000000000000000000e+00
3.876984449205861161e+00,0.000000000000000000e+00
3.926984449205860983e+00,1.713796058269057010e-02
3.976984449205861250e+00,8.568980291345359643e-03
