x_center,hist_y
6.865246604720595669e-02,8.568980291345330152e-03
1.186524660472059733e-01,3.427592116538132061e-02
1.686524660472059622e-01,1.113967437874892469e-01
2.186524660472059789e-01,1.628106255355613041e-01
2.686524660472059400e-01,1.713796058269066447e-01
3.186524660472059844e-01,4.798628963153380722e-01
3.686524660472060289e-01,4.027420736932306178e-01
4.186524660472059622e-01,6.169665809768638542e-01
4.686524660472060066e-01,6.512425021422452165e-01
5.186524660472059400e-01,6.769494430162812382e-01
5.686524660472059844e-01,7.883461868037696663e-01
6.186524660472060289e-01,7.197943444730070528e-01
6.686524660472059622e-01,9.511568123393330243e-01
7.186524660472060066e-01,9.254498714652948932e-01
7.686524660472060511e-01,7.626392459297353099e-01
8.186524660472059844e-01,9.168808911739495526e-01
8.686524660472060289e-01,8.140531276778056879e-01
9.186524660472059622e-01,8.654670094258795077e-01
9.686524660472060066e-01,8.140531276778056879e-01
1.018652466047206051e+00,8.654670094258795077e-01
1.068652466047205873e+00,8.483290488431868281e-01
1.118652466047206140e+00,7.712082262210789851e-01
1.168652466047205962e+00,6.769494430162804610e-01
1.218652466047206229e+00,5.826906598114819369e-01
1.268652466047206051e+00,5.484147386461030171e-01
1.318652466047205873e+00,4.370179948586114249e-01
1.368652466047206140e+00,5.655526992287912558e-01
1.418652466047205962e+00,4.113110539845755143e-01
1.468652466047206229e+00,4.627249357326474466e-01
1.518652466047206051e+00,2.656383890317061680e-01
1.568652466047205873e+00,4.370179948586114249e-01
1.618652466047206140e+00,2.827763496143956279e-01
1.668652466047205962e+00,2.999143101970863090e-01
1.718652466047206229e+00,2.313624678663237233e-01
1.768652466047206051e+00,1.885175664095979364e-01
1.818652466047205873e+00,1.371036846615251437e-01
1.868652466047206140e+00,1.542416452442157970e-01
1.918652466047205962e+00,1.799485861182517632e-01
1.968652466047206229e+00,9.425878320479853800e-02
2.018652466047206051e+00,7.712082262210824546e-02
2.068652466047206318e+00,7.712082262210755157e-02
2.118652466047206140e+00,9.425878320479896821e-02
2.168652466047205962e+00,8.568980291345359990e-02
2.218652466047205785e+00,2.570694087403585168e-02
2.268652466047206051e+00,5.141388174807216133e-02
2.318652466047206318e+00,2.570694087403585168e-02
2.368652466047206140e+00,6.855184233076287714e-02
2.418652466047205962e+00,3.427592116538114020e-02
2.468652466047206229e+00,8.568980291345359643e-03
2.518652466047206051e+00,0.000000000000000000e+00
2.568652466047206318e+00,8.568980291345285050e-03
2.618652466047206140e+00,1.713796058269071929e-02
2.668652466047205962e+00,8.568980291345285050e-03
2.718652466047206229e+00,8.568980291345359643e-03
2.768652466047206051e+00,0.000000000000000000e+00
2.818652466047206318e+00,8.568980291345285050e-03
2.868652466047206140e+00,8.568980291345359643e-03
2.918652466047205962e+00,0.000000000000000000e+00
2.968652466047206229e+00,8.568980291345359643e-03
3.018652466047206051e+00,8.568980291345359643e-03
3.068652466047206318e+00,0.000000000000000000e+00
3.118652466047206140e+00,0.000000000000000000e+00
3.168652466047205962e+00,1.713796058269057010e-02
3.218652466047206229e+00,8.568980291345359643e-03
3.268652466047206051e+00,0.000000000000000000e+00
3.318652466047206318e+00,0.000000000000000000e+00
3.368652466047206140e+00,0.000000000000000000e+00
3.418652466047205962e+00,0.000000000000000000e+00
3.468652466047206229e+00,1.713796058269071929e-02
3.518652466047206051e+00,0.000000000000000000e+00
3.568652466047206318e+00,8.568980291345285050e-03
3.618652466047206140e+00,0.000000000000000000e+00
3.668652466047205962e+00,0.000000000000000000e+00
3.718652466047206229e+00,0.000000000000000000e+00
3.768652466047206051e+00,0.000000000000000000e+00
3.818652466047206318e+00,0.000000000000000000e+00
3.868652466047206140e+00,0.000000000000000000e+00
3.918652466047205962e+00,0.000000000000000000e+00
3.968652466047206229e+00,0.000000000000000000e+00
4.018652466047205607e+00,0.000000000000000000e+00
4.068652466047206318e+00,0.000000000000000000e+00
4.118652466047206140e+00,0.000000000000000000e+00
4.168652466047205962e+00,0.000000000000000000e+00
4.218652466047206673e+00,0.000000000000000000e+00
4.268652466047205607e+00,0.000000000000000000e+00
4.318652466047206318e+00,0.000000000000000000e+00
4.368652466047206140e+00,0.000000000000000000e+00
4.418652466047205962e+00,0.000000000000000000e+00
4.468652466047206673e+00,0.000000000000000000e+00
4.518652466047205607e+00,0.000000000000000000e+00
4.568652466047206318e+00,0.000000000000000000e+00
4.618652466047206140e+00,0.000000000000000000e+00
4.668652466047205962e+00,0.000000000000000000e+00
4.718652466047206673e+00,0.000000000000000000e+00
4.768652466047205607e+00,8.568980291345359643e-03
