x_center,hist_y
7.895085896634554401e-02,3.427592116538132061e-02
1.289508589663455607e-01,5.141388174807198091e-02
1.789508589663455496e-01,1.028277634961439202e-01
2.289508589663455662e-01,2.227934875749786325e-01
2.789508589663455274e-01,2.485004284490146265e-01
3.289508589663455718e-01,3.513281919451582413e-01
3.789508589663456162e-01,4.370179948586119245e-01
4.289508589663455496e-01,6.169665809768638542e-01
4.789508589663455385e-01,5.998286203941738393e-01
5.289508589663455274e-01,7.626392459297336446e-01
5.789508589663455718e-01,7.712082262210789851e-01
6.289508589663456162e-01,8.311910882604962580e-01
6.789508589663455496e-01,9.425878320479874617e-01
7.289508589663455940e-01,9.168808911739495526e-01
7.789508589663456384e-01,8.568980291345341671e-01
8.289508589663455718e-01,8.483290488431868281e-01
8.789508589663456162e-01,7.712082262210789851e-01
9.289508589663455496e-01,9.425878320479874617e-01
9.789508589663455940e-01,8.140531276778038006e-01
1.028950858966345638e+00,8.483290488431907139e-01
1.078950858966345461e+00,9.254498714652948932e-01
1.128950858966345727e+00,7.026563838903164827e-01
1.178950858966345550e+00,6.683804627249351205e-01
1.228950858966345816e+00,6.855184233076258016e-01
1.278950858966345638e+00,5.141388174807216549e-01
1.328950858966345461e+00,4.541559554413021060e-01
1.378950858966345727e+00,4.627249357326474466e-01
1.428950858966345550e+00,5.484147386461005746e-01
1.478950858966345816e+00,3.084832904884315941e-01
1.528950858966345638e+00,3.427592116538143996e-01
1.578950858966345461e+00,2.742073693230502873e-01
1.628950858966345727e+00,3.084832904884315941e-01
1.678950858966345550e+00,2.742073693230502873e-01
1.728950858966345816e+00,2.399314481576690361e-01
1.778950858966345638e+00,1.371036846615257543e-01
1.828950858966345461e+00,1.970865467009424166e-01
1.878950858966345727e+00,9.425878320479853800e-02
1.928950858966345550e+00,1.028277634961438786e-01
1.978950858966345816e+00,1.028277634961438786e-01
2.028950858966345638e+00,5.998286203941752964e-02
2.078950858966345905e+00,9.425878320479813555e-02
2.128950858966345727e+00,6.855184233076287714e-02
2.178950858966345550e+00,6.855184233076287714e-02
2.228950858966345372e+00,1.199657240788339907e-01
2.278950858966345638e+00,5.998286203941752964e-02
2.328950858966345905e+00,2.570694087403585168e-02
2.378950858966345727e+00,4.284490145672679995e-02
2.428950858966345550e+00,0.000000000000000000e+00
2.478950858966345816e+00,8.568980291345359643e-03
2.528950858966345638e+00,2.570694087403608066e-02
2.578950858966345905e+00,0.000000000000000000e+00
2.628950858966345727e+00,0.000000000000000000e+00
2.678950858966345550e+00,2.570694087403585168e-02
2.728950858966345816e+00,1.713796058269071929e-02
2.778950858966345638e+00,8.568980291345359643e-03
2.828950858966345905e+00,8.568980291345285050e-03
2.878950858966345727e+00,0.000000000000000000e+00
2.928950858966345550e+00,1.713796058269057010e-02
2.978950858966345816e+00,8.568980291345359643e-03
3.028950858966345638e+00,0.000000000000000000e+00
3.078950858966345905e+00,0.000000000000000000e+00
3.128950858966345727e+00,0.000000000000000000e+00
3.178950858966345550e+00,0.000000000000000000e+00
3.228950858966345816e+00,0.000000000000000000e+00
3.278950858966345638e+00,8.568980291345359643e-03
3.328950858966345905e+00,0.000000000000000000e+00
3.378950858966345727e+00,8.568980291345359643e-03
3.428950858966345550e+00,0.000000000000000000e+00
3.478950858966345816e+00,0.000000000000000000e+00
3.528950858966345638e+00,0.000000000000000000e+00
3.578950858966345905e+00,0.000000000000000000e+00
3.628950858966345727e+00,0.000000000000000000e+00
3.678950858966345550e+00,0.000000000000000000e+00
3.728950858966345816e+00,0.000000000000000000e+00
3.778950858966345638e+00,0.000000000000000000e+00
3.828950858966345905e+00,0.000000000000000000e+00
3.878950858966345727e+00,0.000000000000000000e+00
3.928950858966345550e+00,0.000000000000000000e+00
3.978950858966345816e+00,0.000000000000000000e+00
4.028950858966345194e+00,8.568980291345359643e-03
