 Alpha MOs
 -- Occupied --
-20.4917 -20.4743 -15.6850 -11.3212 -11.2994 -11.2443  -1.3909  -1.3206
 -1.2800  -1.0547  -0.9058  -0.7992  -0.7751  -0.7206  -0.6752  -0.6297
 -0.5956  -0.5815  -0.5637  -0.5527  -0.5262  -0.4192  -0.3934  -0.3862
 -- Virtual --
  0.0002   0.0217   0.0247   0.0394   0.0472   0.0515   0.0577   0.0737
  0.0809   0.0837   0.0980   0.0993   0.1047   0.1097   0.1181   0.1195
  0.1238   0.1301   0.1339   0.1391   0.1506   0.1618   0.1701   0.1942
  0.1995   0.2047   0.2102   0.2158   0.2173   0.2241   0.2284   0.2368
  0.2411   0.2452   0.2470   0.2573   0.2651   0.2685   0.2783   0.2850
  0.2921   0.2930   0.2995   0.3047   0.3058   0.3146   0.3179   0.3209
  0.3289   0.3399   0.3444   0.3461   0.3508   0.3612   0.3620   0.3681
  0.3732   0.3803   0.3837   0.3901   0.3974   0.4024   0.4066   0.4164
  0.4260   0.4303   0.4390   0.4511   0.4600   0.4646   0.4669   0.4789
  0.4838   0.4898   0.4909   0.4986   0.5030   0.5054   0.5206   0.5260
  0.5463   0.5668   0.5797   0.5890   0.5966   0.5986   0.6127   0.6176
  0.6236   0.6309   0.6370   0.6388   0.6510   0.6549   0.6645   0.6655
  0.6787   0.6871   0.6901   0.6958   0.7014   0.7054   0.7140   0.7190
  0.7248   0.7284   0.7328   0.7423   0.7450   0.7571   0.7641   0.7681
  0.7768   0.7895   0.7945   0.8068   0.8161   0.8230   0.8302   0.8350
  0.8460   0.8552   0.8598   0.8619   0.8685   0.8782   0.8900   0.8944
  0.9036   0.9100   0.9156   0.9210   0.9311   0.9343   0.9407   0.9586
  0.9668   0.9686   0.9816   0.9873   0.9888   0.9992   1.0076   1.0153
  1.0223   1.0361   1.0469   1.0560   1.0640   1.0681   1.0785   1.0881
  1.0925   1.1044   1.1122   1.1227   1.1298   1.1315   1.1472   1.1568
  1.1679   1.1709   1.1821   1.1917   1.1957   1.2021   1.2126   1.2258
  1.2361   1.2460   1.2569   1.2626   1.2779   1.2802   1.2893   1.2992
  1.3164   1.3196   1.3447   1.3488   1.3596   1.3666   1.3717   1.3759
  1.3941   1.4001   1.4055   1.4172   1.4271   1.4481   1.4634   1.4661
  1.4837   1.4928   1.5040   1.5130   1.5234   1.5445   1.5550   1.5656
  1.5732   1.5925   1.5946   1.6008   1.6168   1.6264   1.6408   1.6569
  1.6617   1.6749   1.6781   1.7034   1.7038   1.7195   1.7243   1.7352
  1.7409   1.7476   1.7549   1.7647   1.7763   1.7818   1.7914   1.8034
  1.8119   1.8270   1.8328   1.8409   1.8504   1.8613   1.8736   1.8908
  1.8993   1.9091   1.9159   1.9259   1.9385   1.9415   1.9655   1.9724
  1.9746   1.9809   1.9976   2.0107   2.0171   2.0198   2.0345   2.0492
  2.0563   2.0599   2.0684   2.0795   2.0831   2.0912   2.1078   2.1134
  2.1167   2.1234   2.1269   2.1334   2.1419   2.1508   2.1569   2.1599
  2.1730   2.1959   2.2015   2.2067   2.2258   2.2362   2.2376   2.2448
  2.2492   2.2664   2.2729   2.2763   2.2872   2.2912   2.2980   2.3155
  2.3181   2.3254   2.3404   2.3530   2.3624   2.3697   2.3853   2.3971
  2.4013   2.4219   2.4301   2.4360   2.4376   2.4612   2.4764   2.4852
  2.4947   2.5021   2.5159   2.5231   2.5357   2.5607   2.5631   2.5634
  2.5977   2.6170   2.6232   2.6295   2.6443   2.6516   2.6599   2.6851
  2.6991   2.7015   2.7158   2.7358   2.7556   2.7615   2.7700   2.7764
  2.7980   2.8272   2.8322   2.8458   2.8593   2.8655   2.8965   2.9016
  2.9134   2.9227   2.9296   2.9401   2.9581   2.9726   2.9768   2.9882
  3.0165   3.0187   3.0294   3.0429   3.0479   3.0520   3.0766   3.0789
  3.0930   3.1122   3.1226   3.1243   3.1380   3.1491   3.1664   3.1795
  3.1975   3.2103   3.2239   3.2286   3.2571   3.2704   3.2786   3.2861
  3.3001   3.3043   3.3254   3.3458   3.3652   3.3811   3.3984   3.4001
  3.4228   3.4365   3.4485   3.4813   3.4916   3.5128   3.5223   3.5325
  3.5642   3.5722   3.5854   3.5974   3.6157   3.6345   3.6547   3.6569
  3.6709   3.6913   3.7215   3.7268   3.7384   3.7641   3.7670   3.7866
  3.8146   3.8321   3.8392   3.8454   3.8575   3.8786   3.9078   3.9278
  3.9554   3.9697   3.9728   3.9922   4.0104   4.0209   4.0402   4.0498
  4.0622   4.0779   4.0947   4.1063   4.1315   4.1391   4.1608   4.1662
  4.1836   4.1852   4.1997   4.2135   4.2370   4.2438   4.2545   4.2725
  4.2813   4.3151   4.3201   4.3419   4.3521   4.3672   4.3983   4.4033
  4.4243   4.4304   4.4412   4.4528   4.4846   4.4888   4.4994   4.5103
  4.5246   4.5478   4.5665   4.5735   4.5791   4.6004   4.6123   4.6224
  4.6419   4.6491   4.6636   4.6811   4.6996   4.7048   4.7177   4.7424
  4.7491   4.7670   4.7897   4.7943   4.8235   4.8272   4.8430   4.8502
  4.8585   4.8744   4.8923   4.8950   4.9029   4.9422   4.9515   4.9857
  5.0095   5.0243   5.0475   5.0687   5.0855   5.1075   5.1343   5.1468
  5.1601   5.1863   5.1986   5.2064   5.2301   5.2431   5.2859   5.3102
  5.3157   5.3520   5.3790   5.4027   5.4275   5.4724   5.5071   5.5421
  5.5904   5.6175   5.6547   5.7021   5.7252   5.7794   5.8137   5.8239
  5.8558   5.8703   5.9140   5.9392   5.9636   6.0430   6.0824   6.1038
  6.1645   6.1972   6.2300   6.2629   6.2964   6.3288   6.3472   6.3832
  6.4104   6.4433   6.4559   6.4972   6.5078   6.5525   6.6301   6.6620
  6.6696   6.7242   6.7506   6.7717   6.7887   6.8382   6.8527   6.8607
  6.8921   6.9117   6.9256   6.9461   6.9605   6.9652   6.9787   7.0108
  7.0275   7.0404   7.0663   7.0923   7.1188   7.1410   7.1652   7.1751
  7.1972   7.2247   7.2398   7.2534   7.2600   7.2687   7.2710   7.2916
  7.3263   7.3440   7.3665   7.3874   7.4063   7.4411   7.4565   7.4805
  7.5012   7.5188   7.5419   7.5590   7.5702   7.6114   7.6205   7.6466
  7.6701   7.6933   7.7136   7.7358   7.7385   7.7787   7.7946   7.8108
  7.8571   7.8820   7.9026   7.9235   7.9475   7.9660   7.9952   8.0544
  8.0582   8.0941   8.1086   8.1246   8.1285   8.1883   8.1934   8.2216
  8.2275   8.2628   8.3061   8.3310   8.3575   8.3891   8.4149   8.4605
  8.4817   8.5100   8.5298   8.5412   8.5628   8.5769   8.6153   8.6461
  8.6499   8.6644   8.6916   8.7059   8.7495   8.7576   8.7841   8.8419
  8.8519   8.8618   8.8965   8.9132   8.9334   8.9487   8.9656   8.9967
  9.0231   9.0659   9.0925   9.1064   9.1449   9.1770   9.1792   9.2181
  9.2244   9.2708   9.3142   9.3234   9.3435   9.3683   9.4010   9.4160
  9.4375   9.4486   9.4750   9.5340   9.5544   9.5747   9.5943   9.6147
  9.6261   9.6375   9.6531   9.6770   9.7125   9.7355   9.7587   9.7846
  9.7973   9.8234   9.8491   9.8982   9.9130   9.9361   9.9554  10.0074
 10.0269  10.0526  10.0668  10.1150  10.1239  10.1824  10.2059  10.2474
 10.3110  10.3242  10.3504  10.3930  10.4047  10.4401  10.4837  10.5033
 10.5388  10.5681  10.5767  10.6073  10.6632  10.7000  10.8490  10.8731
 10.9285  10.9343  10.9484  10.9547  10.9834  10.9974  11.0116  11.0449
 11.0736  11.1153  11.1221  11.1544  11.1659  11.2061  11.2213  11.2587
 11.2677  11.2774  11.3118  11.3404  11.3550  11.3719  11.3864  11.4071
 11.4371  11.4560  11.5120  11.5636  11.5947  11.6370  11.6535  11.7967
 11.8090  11.9703  11.9995  12.0513  12.1435  12.2127  12.2643  12.2797
 12.3016  12.3243  12.4074  12.4362  12.5393  12.6153  12.6993  12.7350
 12.8012  12.8295  12.9516  12.9798  13.0039  13.0470  13.0505  13.0775
 13.0898  13.1420  13.2379  13.3167  13.3854  13.4239  13.4625  13.4854
 13.5813  13.7440  13.9311  13.9851  14.0480  14.0702  14.2746  14.4740
 14.7181  14.7554  15.0911  15.1516  15.1977  15.5748  15.6339  17.4405
 18.7472  18.9987  19.9469  21.0292  21.1142  21.3422  21.4969  21.5997
 21.6265  21.6940  22.2066  27.2594  27.2683  27.3717  27.4114  27.4740
 27.5048  27.5796  27.8039  27.8919  27.9474  28.1606  28.1984  28.2724
 28.3061  28.3957  28.4455  29.2675  29.3596  34.1574  34.3472  34.5392
 34.8695  35.1386  35.5346  37.9175  38.0115  38.1677  38.4012  38.5435
 38.6331  38.7616  39.2353  47.5092  47.5234  47.5968  47.6992  47.7789
 47.8765  47.9640  48.3625  48.5846  48.6960  52.0984  64.9532  65.1816
 67.2937  68.1540  68.2219  68.3672  68.4818  68.5666  68.5868  68.6584
 69.0484  93.2760  93.9741  94.0347  98.7489  98.7544  98.7746  98.7783
 98.7897  98.7945  98.7975  98.8039  98.8045  98.8087  98.8134  98.8260
 98.8337  98.8433  98.8539  98.8647  98.8658  98.8811  98.8818  98.8847
 98.9253 103.4980 103.5032 103.5065 103.5160 103.5310 103.5419 103.5499
103.5606 103.5658 103.5788 103.5879 103.6051 103.6363 103.6522 112.1860
112.2023 112.2047 112.2118 112.2203 112.2262 112.2675 115.5799 115.5953
115.6464 115.6703 115.7306 115.7387 115.7670 115.8668 115.9510 115.9805
116.0525 116.0726 116.1414 116.1619 116.1864 117.3651 117.5086 117.6635
117.9215 118.1328 118.4550 124.2535 124.7008 125.1679 157.3619 157.4119
157.6536 157.6948 157.7467 168.5747 198.8745 198.8817 198.9144 198.9704
199.0098 199.0698 199.1066 199.3288 199.4356 199.4911 217.3850 217.5889
225.6143 226.2882 226.3943 226.4791 226.5893 226.6703 226.6836 226.7359
227.0628 310.6053 311.1765 311.2303 395.7991 395.9282 396.0526 396.2515
396.4167 396.6741 510.4330 510.8227 511.2706 689.5701 896.2178 896.4266
