 Alpha MOs
 -- Occupied --
-20.5623 -11.2815 -11.2732 -11.2200  -1.4292  -1.0131  -0.9096  -0.8212
 -0.7058  -0.6520  -0.5916  -0.5663  -0.5287  -0.5207  -0.4450  -0.4342
 -- Virtual --
  0.0261   0.0334   0.0344   0.0423   0.0511   0.0578   0.0753   0.0886
  0.0916   0.1039   0.1095   0.1106   0.1196   0.1244   0.1271   0.1369
  0.1510   0.1739   0.1801   0.1941   0.2033   0.2058   0.2171   0.2189
  0.2219   0.2332   0.2465   0.2566   0.2619   0.2667   0.2806   0.2855
  0.2877   0.2964   0.2968   0.3017   0.3105   0.3173   0.3268   0.3320
  0.3399   0.3456   0.3521   0.3590   0.3674   0.3710   0.3800   0.3842
  0.3893   0.3963   0.3986   0.4029   0.4093   0.4150   0.4242   0.4259
  0.4358   0.4443   0.4502   0.4667   0.4801   0.4907   0.4965   0.5033
  0.5334   0.5491   0.5599   0.5657   0.5922   0.6019   0.6098   0.6128
  0.6365   0.6388   0.6445   0.6503   0.6693   0.6759   0.6834   0.6857
  0.7007   0.7086   0.7165   0.7219   0.7233   0.7428   0.7467   0.7582
  0.7694   0.7698   0.7836   0.7872   0.7887   0.7975   0.8149   0.8156
  0.8315   0.8372   0.8441   0.8507   0.8573   0.8695   0.8823   0.8991
  0.8996   0.9148   0.9175   0.9297   0.9383   0.9454   0.9520   0.9678
  0.9758   0.9956   1.0004   1.0199   1.0275   1.0441   1.0547   1.0611
  1.0754   1.0821   1.0912   1.1046   1.1108   1.1183   1.1292   1.1417
  1.1445   1.1571   1.1777   1.1949   1.2040   1.2110   1.2260   1.2274
  1.2441   1.2607   1.2689   1.2781   1.2842   1.2956   1.3106   1.3208
  1.3437   1.3578   1.3726   1.3841   1.3997   1.4144   1.4347   1.4492
  1.4547   1.4804   1.4840   1.4942   1.5212   1.5355   1.5475   1.5754
  1.5815   1.5944   1.6015   1.6265   1.6407   1.6543   1.6646   1.6804
  1.6849   1.7052   1.7141   1.7356   1.7521   1.7654   1.7851   1.7977
  1.8070   1.8226   1.8320   1.8594   1.8756   1.8824   1.9019   1.9114
  1.9258   1.9400   1.9475   1.9495   1.9614   1.9809   1.9821   1.9924
  1.9974   2.0136   2.0176   2.0252   2.0525   2.0576   2.0662   2.0840
  2.0892   2.0963   2.1025   2.1196   2.1270   2.1401   2.1475   2.1599
  2.1724   2.1795   2.1853   2.1959   2.2028   2.2138   2.2357   2.2388
  2.2408   2.2606   2.2687   2.2852   2.2916   2.3031   2.3054   2.3223
  2.3300   2.3374   2.3422   2.3739   2.3949   2.4112   2.4148   2.4243
  2.4545   2.4579   2.4644   2.4830   2.4957   2.5111   2.5318   2.5488
  2.5684   2.5748   2.5937   2.6325   2.6476   2.6532   2.6761   2.6905
  2.7049   2.7204   2.7507   2.7611   2.7943   2.7998   2.8073   2.8150
  2.8247   2.8391   2.8509   2.8807   2.8943   2.9031   2.9176   2.9298
  2.9392   2.9521   2.9658   2.9863   3.0076   3.0152   3.0263   3.0445
  3.0627   3.0735   3.0821   3.1067   3.1385   3.1477   3.1671   3.1778
  3.1937   3.2181   3.2330   3.2509   3.2655   3.2749   3.3000   3.3329
  3.3585   3.3915   3.3969   3.4193   3.4897   3.5009   3.5398   3.5616
  3.5913   3.6191   3.6313   3.6769   3.6911   3.7171   3.7227   3.7362
  3.7809   3.7898   3.8042   3.8200   3.8324   3.8736   3.9024   3.9396
  3.9540   3.9647   3.9742   4.0054   4.0119   4.0233   4.0459   4.0724
  4.0948   4.1090   4.1210   4.1298   4.1498   4.1764   4.1902   4.2051
  4.2344   4.2617   4.2715   4.2796   4.2921   4.3250   4.3416   4.3956
  4.4137   4.4315   4.4508   4.4528   4.4973   4.5066   4.5333   4.5457
  4.5894   4.6069   4.6201   4.6374   4.6588   4.6881   4.6968   4.7177
  4.7425   4.7701   4.7844   4.8082   4.8213   4.8609   4.8776   4.9076
  4.9353   4.9662   4.9978   5.0378   5.0556   5.0757   5.0918   5.1721
  5.1831   5.2098   5.2349   5.2622   5.3269   5.3818   5.4150   5.4589
  5.5251   5.5323   5.5903   5.6407   5.6998   5.7506   5.8317   5.9597
  6.0927   6.1868   6.2023   6.2293   6.2626   6.2973   6.3087   6.3743
  6.3864   6.4189   6.4669   6.4744   6.4888   6.5203   6.5437   6.5843
  6.6011   6.6579   6.6784   6.7337   6.7389   6.7819   6.7960   6.8182
  6.8576   6.8750   6.8970   6.9188   6.9250   6.9376   6.9573   6.9853
  7.0035   7.0129   7.0361   7.0469   7.0555   7.1084   7.1234   7.1429
  7.1718   7.1815   7.1896   7.2154   7.2528   7.2646   7.3001   7.3325
  7.3407   7.3643   7.3922   7.4140   7.4332   7.4558   7.4667   7.4897
  7.5384   7.5649   7.5876   7.6199   7.6569   7.6937   7.7260   7.7663
  7.7854   7.8167   7.8456   7.8648   7.9095   7.9213   7.9591   7.9782
  7.9875   8.0143   8.0629   8.1005   8.1664   8.2024   8.2368   8.2588
  8.2719   8.3356   8.3700   8.4103   8.4535   8.4628   8.5123   8.5545
  8.5705   8.6220   8.6278   8.6693   8.6840   8.6966   8.7159   8.7275
  8.7618   8.7943   8.8320   8.8358   8.8953   8.9327   8.9712   9.0309
  9.1322   9.1414   9.2126   9.2298   9.2505   9.2925   9.3253   9.3437
  9.3936   9.4207   9.4376   9.4568   9.4639   9.5405   9.5630   9.5987
  9.6410   9.6614   9.6645   9.6987   9.7576   9.7935   9.8239   9.8436
  9.8698   9.8848   9.9213   9.9879  10.0192  10.0402  10.0853  10.0938
 10.2017  10.2115  10.2528  10.3120  10.3366  10.4071  10.4561  10.4804
 10.4933  10.5182  10.5324  10.5647  10.5820  10.7370  10.7982  10.8273
 10.9195  10.9268  10.9741  11.0059  11.0648  11.1164  11.1569  11.2141
 11.2337  11.2803  11.3089  11.3519  11.3661  11.4391  11.4571  11.4919
 11.5432  11.6300  11.6780  11.6964  11.7927  11.8124  12.3562  12.3809
 12.5271  12.8620  12.9635  13.0156  13.0479  13.3050  13.3574  13.4115
 13.4502  13.4887  13.5688  13.8049  13.8364  13.9089  14.1913  14.2824
 14.5038  14.7398  14.8627  18.9517  20.3431  20.6165  21.2522  21.5184
 21.5466  21.6324  21.7013  21.7391  22.2741  27.2454  27.2910  27.4503
 27.5176  27.5394  27.7025  27.7518  27.9027  27.9388  27.9411  28.0242
 28.2531  28.2770  28.3220  28.3554  34.4538  34.8554  34.8729  38.2999
 38.6497  39.2264  47.5467  47.6552  47.6803  48.0222  48.2958  65.3081
 67.5683  67.7846  68.3204  68.4990  68.5420  68.5963  68.6657  68.6850
 69.1341  98.8018  98.8040  98.8077  98.8154  98.8199  98.8235  98.8271
 98.8308  98.8328  98.8442  98.8520  98.8550  98.8665  98.8800  98.8858
 98.8891  98.8929  98.9052  98.9065  98.9074  98.9469 103.4442 103.4571
103.4837 103.4946 103.5299 103.5383 103.5417 115.6055 115.6301 115.7175
115.7450 115.7746 115.8464 115.8670 115.9388 115.9578 115.9775 115.9871
116.1198 116.1567 116.1712 116.1846 117.5709 117.9015 117.9155 124.3199
124.6445 125.1816 198.8528 198.9087 198.9235 199.1064 199.2522 217.7554
225.8232 226.0114 226.4721 226.6228 226.6462 226.6968 226.7374 226.7619
227.0997 395.9571 396.2219 396.2338 510.4858 510.7758 511.2974 896.6290
