 Alpha MOs
 -- Occupied --
-15.5338 -11.2576 -11.2324 -11.2303 -11.2296 -11.2268 -11.2262 -11.2258
-11.2097  -1.1991  -1.1522  -1.0367  -1.0182  -0.9801  -0.8599  -0.8298
 -0.7883  -0.7062  -0.6733  -0.6456  -0.6298  -0.6088  -0.5903  -0.5827
 -0.5462  -0.5233  -0.5090  -0.5024  -0.4884  -0.4805  -0.3963  -0.3393
 -0.3288
 -- Virtual --
  0.0243   0.0282   0.0301   0.0364   0.0415   0.0417   0.0515   0.0562
  0.0608   0.0640   0.0711   0.0843   0.0906   0.0940   0.0959   0.0966
  0.1030   0.1055   0.1088   0.1133   0.1139   0.1178   0.1188   0.1202
  0.1240   0.1247   0.1341   0.1392   0.1409   0.1447   0.1466   0.1494
  0.1531   0.1569   0.1593   0.1596   0.1728   0.1820   0.1847   0.1966
  0.2077   0.2157   0.2204   0.2261   0.2314   0.2354   0.2390   0.2419
  0.2444   0.2528   0.2553   0.2591   0.2610   0.2681   0.2704   0.2730
  0.2738   0.2815   0.2862   0.2885   0.2956   0.2978   0.3008   0.3057
  0.3112   0.3116   0.3198   0.3216   0.3231   0.3267   0.3315   0.3325
  0.3369   0.3398   0.3445   0.3492   0.3534   0.3560   0.3597   0.3658
  0.3691   0.3786   0.3816   0.3865   0.3907   0.3933   0.3960   0.4004
  0.4008   0.4048   0.4089   0.4103   0.4165   0.4175   0.4245   0.4255
  0.4295   0.4355   0.4384   0.4429   0.4463   0.4493   0.4554   0.4584
  0.4615   0.4634   0.4672   0.4736   0.4768   0.4793   0.4809   0.4858
  0.4886   0.4995   0.5019   0.5049   0.5076   0.5093   0.5150   0.5221
  0.5281   0.5311   0.5375   0.5382   0.5422   0.5513   0.5540   0.5612
  0.5628   0.5663   0.5684   0.5727   0.5793   0.5905   0.5941   0.5975
  0.6003   0.6080   0.6148   0.6202   0.6259   0.6336   0.6356   0.6436
  0.6498   0.6543   0.6566   0.6641   0.6668   0.6698   0.6730   0.6795
  0.6823   0.6852   0.6909   0.7000   0.7040   0.7089   0.7114   0.7173
  0.7242   0.7379   0.7447   0.7475   0.7513   0.7566   0.7586   0.7654
  0.7691   0.7714   0.7744   0.7819   0.7844   0.7866   0.7950   0.7975
  0.8033   0.8077   0.8103   0.8178   0.8212   0.8241   0.8311   0.8348
  0.8400   0.8437   0.8469   0.8500   0.8539   0.8574   0.8634   0.8668
  0.8752   0.8772   0.8835   0.8893   0.8987   0.9014   0.9023   0.9082
  0.9155   0.9189   0.9225   0.9279   0.9324   0.9364   0.9389   0.9476
  0.9528   0.9558   0.9574   0.9656   0.9701   0.9782   0.9802   0.9885
  0.9920   0.9939   1.0004   1.0106   1.0141   1.0186   1.0205   1.0242
  1.0313   1.0374   1.0417   1.0420   1.0506   1.0542   1.0589   1.0658
  1.0746   1.0794   1.0833   1.0938   1.1024   1.1097   1.1185   1.1226
  1.1236   1.1243   1.1358   1.1447   1.1493   1.1598   1.1647   1.1692
  1.1758   1.1807   1.1864   1.1905   1.1967   1.2018   1.2061   1.2111
  1.2186   1.2218   1.2276   1.2335   1.2395   1.2447   1.2502   1.2530
  1.2620   1.2691   1.2739   1.2776   1.2811   1.2900   1.2978   1.3030
  1.3050   1.3170   1.3216   1.3288   1.3315   1.3418   1.3463   1.3522
  1.3575   1.3605   1.3639   1.3743   1.3849   1.3865   1.3914   1.3935
  1.4018   1.4052   1.4069   1.4178   1.4262   1.4291   1.4380   1.4389
  1.4520   1.4585   1.4753   1.4795   1.4862   1.4930   1.4990   1.5072
  1.5119   1.5215   1.5328   1.5351   1.5420   1.5450   1.5484   1.5589
  1.5636   1.5727   1.5761   1.5816   1.5863   1.5917   1.5958   1.6045
  1.6064   1.6109   1.6203   1.6236   1.6278   1.6316   1.6447   1.6509
  1.6608   1.6667   1.6711   1.6766   1.6797   1.6906   1.6991   1.7079
  1.7108   1.7197   1.7206   1.7231   1.7349   1.7428   1.7508   1.7562
  1.7633   1.7690   1.7800   1.7849   1.7919   1.8011   1.8038   1.8128
  1.8225   1.8280   1.8332   1.8382   1.8464   1.8514   1.8563   1.8621
  1.8723   1.8763   1.8816   1.8900   1.8932   1.9015   1.9047   1.9095
  1.9205   1.9405   1.9427   1.9483   1.9579   1.9659   1.9694   1.9794
  1.9835   1.9921   1.9953   1.9983   2.0075   2.0166   2.0204   2.0362
  2.0392   2.0502   2.0580   2.0611   2.0677   2.0699   2.0767   2.0866
  2.0890   2.0972   2.1011   2.1029   2.1087   2.1194   2.1307   2.1339
  2.1394   2.1468   2.1495   2.1551   2.1611   2.1682   2.1691   2.1787
  2.1861   2.1866   2.1948   2.1999   2.2087   2.2147   2.2213   2.2238
  2.2270   2.2347   2.2375   2.2446   2.2499   2.2590   2.2644   2.2694
  2.2703   2.2800   2.2828   2.2888   2.2964   2.3052   2.3129   2.3165
  2.3219   2.3252   2.3327   2.3384   2.3431   2.3500   2.3584   2.3669
  2.3734   2.3763   2.3845   2.3876   2.3925   2.3940   2.3968   2.4093
  2.4153   2.4174   2.4243   2.4312   2.4323   2.4386   2.4485   2.4519
  2.4564   2.4649   2.4713   2.4753   2.4796   2.4872   2.4928   2.4994
  2.5066   2.5134   2.5201   2.5241   2.5297   2.5330   2.5401   2.5505
  2.5559   2.5581   2.5631   2.5705   2.5789   2.5866   2.5922   2.5991
  2.6031   2.6129   2.6213   2.6257   2.6349   2.6457   2.6514   2.6576
  2.6611   2.6680   2.6719   2.6850   2.6884   2.6941   2.7085   2.7115
  2.7171   2.7263   2.7382   2.7431   2.7507   2.7625   2.7662   2.7766
  2.7826   2.7869   2.7939   2.7994   2.8139   2.8159   2.8299   2.8315
  2.8441   2.8465   2.8491   2.8615   2.8637   2.8725   2.8758   2.8814
  2.8878   2.8943   2.9042   2.9081   2.9121   2.9205   2.9271   2.9334
  2.9346   2.9456   2.9559   2.9708   2.9758   2.9839   2.9931   3.0023
  3.0036   3.0109   3.0178   3.0398   3.0435   3.0588   3.0589   3.0676
  3.0705   3.0827   3.0903   3.0995   3.1107   3.1206   3.1249   3.1382
  3.1391   3.1567   3.1687   3.1716   3.1832   3.1878   3.1976   3.2076
  3.2099   3.2174   3.2217   3.2362   3.2384   3.2451   3.2562   3.2586
  3.2662   3.2746   3.2838   3.2937   3.3030   3.3071   3.3129   3.3203
  3.3346   3.3463   3.3504   3.3591   3.3648   3.3737   3.3877   3.3884
  3.4007   3.4170   3.4204   3.4330   3.4395   3.4510   3.4587   3.4711
  3.4717   3.4833   3.4958   3.5209   3.5334   3.5363   3.5506   3.5555
  3.5700   3.5769   3.5790   3.5829   3.5954   3.6048   3.6175   3.6191
  3.6364   3.6467   3.6528   3.6592   3.6627   3.6742   3.6901   3.7100
  3.7142   3.7291   3.7476   3.7565   3.7657   3.7810   3.7849   3.7942
  3.7996   3.8281   3.8305   3.8439   3.8620   3.8690   3.8790   3.8905
  3.8944   3.9046   3.9200   3.9239   3.9330   3.9439   3.9497   3.9687
  3.9743   3.9823   3.9940   4.0051   4.0104   4.0155   4.0339   4.0445
  4.0540   4.0661   4.0704   4.0779   4.0817   4.0852   4.0942   4.1026
  4.1105   4.1137   4.1205   4.1347   4.1562   4.1617   4.1677   4.1750
  4.1946   4.2075   4.2204   4.2253   4.2373   4.2387   4.2425   4.2706
  4.2742   4.2803   4.2858   4.3009   4.3111   4.3175   4.3256   4.3351
  4.3426   4.3725   4.3828   4.3915   4.4025   4.4097   4.4159   4.4211
  4.4390   4.4415   4.4519   4.4572   4.4651   4.4723   4.4866   4.4942
  4.4981   4.5032   4.5196   4.5290   4.5389   4.5430   4.5511   4.5698
  4.5737   4.5807   4.5962   4.6151   4.6184   4.6297   4.6387   4.6505
  4.6529   4.6729   4.6760   4.6884   4.7095   4.7153   4.7303   4.7425
  4.7503   4.7777   4.7919   4.7997   4.8146   4.8240   4.8335   4.8613
  4.8696   4.8776   4.8935   4.9094   4.9182   4.9382   4.9566   4.9671
  4.9785   4.9931   5.0117   5.0180   5.0289   5.0570   5.0669   5.0925
  5.0959   5.1066   5.1206   5.1352   5.1525   5.1609   5.1756   5.1889
  5.1998   5.2181   5.2511   5.2687   5.2877   5.2972   5.3222   5.3802
  5.3840   5.4223   5.4412   5.4489   5.4745   5.4811   5.4990   5.5209
  5.5846   5.6026   5.6121   5.6733   5.6985   5.7119   5.7400   5.7494
  5.7692   5.7907   5.8032   5.8443   5.8700   5.8840   5.8935   5.9432
  5.9980   6.0119   6.0240   6.0332   6.0702   6.0915   6.1168   6.1317
  6.1770   6.1812   6.1875   6.2092   6.2191   6.2491   6.2875   6.2892
  6.3228   6.3329   6.3442   6.3471   6.3542   6.3647   6.3695   6.3797
  6.3935   6.4073   6.4163   6.4413   6.4478   6.4645   6.4756   6.4875
  6.5228   6.5289   6.5424   6.5624   6.5690   6.5880   6.6156   6.6330
  6.6417   6.6636   6.6727   6.6885   6.6913   6.7291   6.7459   6.7570
  6.7722   6.7804   6.7881   6.8060   6.8253   6.8282   6.8358   6.8528
  6.8616   6.8790   6.8834   6.8966   6.9035   6.9078   6.9216   6.9325
  6.9427   6.9630   6.9749   6.9857   6.9966   6.9974   7.0199   7.0330
  7.0372   7.0454   7.0650   7.0704   7.0840   7.0876   7.1009   7.1103
  7.1262   7.1295   7.1344   7.1410   7.1544   7.1594   7.1713   7.1926
  7.1978   7.2043   7.2101   7.2180   7.2374   7.2430   7.2487   7.2635
  7.2663   7.2788   7.2892   7.3004   7.3125   7.3148   7.3249   7.3296
  7.3331   7.3628   7.3697   7.3848   7.3903   7.3927   7.4033   7.4080
  7.4304   7.4465   7.4514   7.4663   7.4684   7.4760   7.4957   7.5092
  7.5160   7.5334   7.5410   7.5626   7.5655   7.5780   7.5897   7.5923
  7.6096   7.6215   7.6373   7.6547   7.6718   7.6826   7.7004   7.7084
  7.7196   7.7260   7.7387   7.7627   7.7656   7.7786   7.7844   7.8068
  7.8177   7.8224   7.8283   7.8428   7.8484   7.8626   7.8802   7.8880
  7.9016   7.9153   7.9330   7.9358   7.9415   7.9477   7.9703   7.9806
  8.0024   8.0183   8.0226   8.0357   8.0460   8.0599   8.0654   8.0905
  8.1095   8.1228   8.1331   8.1413   8.1557   8.1796   8.1848   8.2032
  8.2231   8.2367   8.2474   8.2621   8.2751   8.2902   8.3044   8.3429
  8.3465   8.3516   8.3730   8.3783   8.3922   8.4092   8.4251   8.4414
  8.4698   8.4772   8.4858   8.4936   8.5207   8.5369   8.5620   8.5697
  8.5974   8.5997   8.6055   8.6153   8.6338   8.6455   8.6548   8.6655
  8.6729   8.6847   8.7004   8.7129   8.7396   8.7460   8.7542   8.7612
  8.7731   8.7845   8.8051   8.8071   8.8420   8.8533   8.8716   8.8782
  8.8964   8.9033   8.9209   8.9351   8.9505   8.9531   8.9665   8.9738
  8.9814   8.9874   9.0055   9.0458   9.0582   9.0619   9.0795   9.1012
  9.1065   9.1305   9.1489   9.1694   9.1868   9.2209   9.2344   9.2489
  9.2726   9.2833   9.2871   9.2976   9.3347   9.3368   9.3660   9.3716
  9.3979   9.4083   9.4308   9.4431   9.4562   9.4856   9.4917   9.4987
  9.5106   9.5176   9.5266   9.5433   9.5644   9.5799   9.5889   9.5933
  9.6163   9.6214   9.6312   9.6447   9.6658   9.6794   9.6904   9.7093
  9.7264   9.7390   9.7689   9.7735   9.7755   9.8036   9.8193   9.8372
  9.8581   9.8917   9.9072   9.9174   9.9218   9.9561   9.9767   9.9852
 10.0008  10.0564  10.0668  10.0747  10.0954  10.1052  10.1131  10.1219
 10.1303  10.1374  10.1589  10.1842  10.1896  10.2148  10.2510  10.2586
 10.2631  10.2977  10.3104  10.3150  10.3179  10.3302  10.3443  10.3912
 10.3986  10.4145  10.4338  10.4401  10.4608  10.4698  10.4804  10.4954
 10.5111  10.5213  10.5257  10.5331  10.5766  10.5984  10.6151  10.6382
 10.7015  10.7150  10.7235  10.7421  10.7849  10.7978  10.8332  10.8384
 10.9008  10.9617  10.9872  11.0107  11.0476  11.0781  11.1094  11.1171
 11.1249  11.1574  11.1656  11.2139  11.2562  11.2845  11.3171  11.3215
 11.3530  11.3938  11.4099  11.4443  11.4844  11.5133  11.5549  11.5921
 11.6003  11.6529  11.7569  11.9006  12.1279  12.1697  12.2773  12.3221
 12.3875  12.4490  12.4789  12.5561  12.6164  12.7627  12.7964  13.1243
 13.2132  13.3172  13.4593  13.5242  14.0889  14.1205  14.1554  14.2068
 14.2640  14.3294  14.7737  14.9137  15.3128  16.9105  19.6856  19.7664
 19.7712  19.8446  19.9015  20.0772  21.0078  21.1711  21.2473  21.3663
 21.4778  21.5214  21.5634  21.6148  21.7386  21.7807  21.8114  21.8730
 22.0223  22.0891  22.1900  22.2401  22.5466  22.7376  27.0116  27.1000
 27.1115  27.1453  27.2557  27.3410  27.4482  27.4769  27.5207  27.5754
 27.5945  27.6130  27.6249  27.6352  27.6575  27.7025  27.7317  27.7605
 27.7785  27.7827  27.7997  27.8179  27.8614  27.8898  27.9059  27.9306
 27.9761  27.9997  28.1493  28.1721  28.2241  28.2897  28.3405  28.3560
 28.4210  28.4597  28.4666  28.4970  28.5197  28.5473  28.5508  28.8623
 29.4542  37.9358  38.0125  38.0263  38.0734  38.1978  38.3097  38.3200
 38.3883  38.4412  38.6064  38.8138  38.9359  39.2656  51.3560  67.1460
 67.1916  67.1953  67.2708  67.3188  67.4187  68.2988  68.3060  68.3738
 68.4746  68.5233  68.5559  68.6557  68.7016  68.7233  68.7345  68.8804
 68.8935  68.9824  69.0183  69.1035  69.1512  69.2902  69.5022  92.8303
 93.6510  94.1319  98.8289  98.8305  98.8318  98.8348  98.8366  98.8380
 98.8385  98.8392  98.8399  98.8406  98.8417  98.8425  98.8442  98.8447
 98.8470  98.8510  98.8530  98.8558  98.8562  98.8580  98.8592  98.8603
 98.8611  98.8647  98.8657  98.8666  98.8668  98.8713  98.8717  98.8732
 98.8739  98.8789  98.8828  98.8866  98.8872  98.8892  98.8916  98.8938
 98.8968  98.9011  98.9019  98.9027  98.9028  98.9084  98.9127  98.9133
 98.9166  98.9174  98.9190  98.9213  98.9401  98.9507  98.9568  98.9594
 98.9607  98.9800 112.3154 112.3270 112.3349 112.3460 112.3601 112.3792
112.4101 115.4969 115.5486 115.5566 115.5724 115.6295 115.6735 115.7396
115.7572 115.7673 115.8021 115.8172 115.8322 115.8382 115.8430 115.8615
115.8704 115.8765 115.8897 115.9068 115.9197 115.9227 115.9276 115.9684
115.9805 115.9898 116.0076 116.0371 116.0913 116.1027 116.1286 116.1574
116.1925 116.2049 116.2623 116.2640 116.2778 116.2883 116.3084 116.3175
116.3217 124.0604 124.1203 124.2221 124.3475 124.4268 124.4539 124.8670
125.2015 157.4668 157.4873 157.6346 157.8285 157.9159 167.9065 225.5153
225.5468 225.5497 225.6156 225.6537 225.7244 226.4569 226.4720 226.5004
226.5984 226.6308 226.6618 226.7611 226.8004 226.8376 226.8413 226.9575
226.9680 227.0196 227.0542 227.1157 227.1455 227.2674 227.4157 310.2725
310.9453 311.3419 510.2158 510.3345 510.3479 510.4669 510.5745 510.5996
510.9637 511.3032 688.8548
