-321.8861530769
-321.62165258
-321.60746065
-321.60292950
-321.59066783
-321.58591031
-321.57902948
-321.57640534
-321.57610121
-321.56865769
-321.56771506
-321.56343582
-321.55693614
-321.55109109
-321.55039459
-321.54544173
-321.54049712
-321.53799498
-321.53667010
-321.53533654
-321.53394563
-321.53046737
-321.52805916
-321.52674891
-321.52383061
-321.51905211
-321.51635089
-321.51252828
-321.51025113
-321.50456455
-321.50125872
-321.49993714
-321.49796452
-321.49514781
-321.49312322
-321.48997587
-321.48678352
-321.48627257
-321.48541303
-321.48137709
-321.47962830
-321.47935638
-321.47732124
-321.47562798
-321.47266571
-321.47001938
-321.46970781
-321.46814870
-321.46572850
-321.46426746
-321.46259694
-321.46011146
-321.45758772
-321.45649039
-321.45522740
-321.45116985
-321.45089326
-321.45001954
-321.44782779
-321.44749181
-321.44641667
-321.44417041
-321.44292082
-321.44232710
-321.44118598
-321.43819456
-321.43719840
-321.43527570
-321.43373355
-321.43284648
-321.43114289
-321.43037672
-321.42860171
-321.42719776
-321.42513710
-321.42414620
-321.42235218
-321.42170922
-321.42029527
-321.41973451
-321.41895161
-321.41716317
-321.41589573
-321.41386304
-321.41332259
-321.41101831
-321.40971538
-321.40935524
-321.40773865
-321.40493809
-321.40285967
-321.40136712
-321.40024777
-321.39908103
-321.39814876
-321.39527600
-321.39501676
-321.39297285
-321.39242754
-321.39073431
-321.38925732
-321.38859156
-321.38711921
-321.38643831
-321.38562302
-321.38439045
-321.38248827
-321.38225771
-321.38088486
-321.37977082
-321.37903651
-321.37709761
-321.37656632
-321.37469601
-321.37269706
-321.37165857
-321.37102490
-321.36986013
-321.36916468
-321.36814161
-321.36691022
-321.36632439
-321.36462041
-321.36398958
-321.36294302
-321.36238529
-321.36114929
-321.35967792
-321.35882500
-321.35836845
-321.35663813
-321.35451356
-321.35329923
-321.35200719
-321.35142323
-321.35006574
-321.34955835
-321.34952418
-321.34818623
-321.34668586
-321.34623498
-321.34506310
-321.34485696
-321.34423561
-321.34332066
-321.34237454
-321.34167348
-321.34104680
-321.33854807
-321.33792373
-321.33754138
-321.33681106
-321.33601715
-321.33568288
-321.33404499
-321.33217087
-321.33144885
-321.32981927
-321.32862514
-321.32798169
-321.32750383
-321.32660079
-321.32558316
-321.32528940
-321.32420128
-321.32354688
-321.32249933
-321.32183577
-321.32091875
-321.32020186
-321.31963901
-321.31898627
-321.31709436
-321.31640307
-321.31534313
-321.31521039
-321.31424687
-321.31263230
-321.31172828
-321.31103060
-321.31053638
-321.30864322
-321.30764213
-321.30705053
-321.30660897
-321.30546914
-321.30454019
-321.30342922
-321.30251301
-321.30228255
-321.30153813
-321.30095195
-321.30026023
-321.30003834
-321.29850695
-321.29766040
-321.29671471
-321.29565189
-321.29507503
-321.29458974
-321.29383325
-321.29265653
-321.29218402
-321.29149516
-321.28991357
-321.28881432
-321.28828985
-321.28794287
-321.28684921
-321.28570602
-321.28451278
-321.28389766
-321.28328552
-321.28254985
-321.28090537
-321.28026890
-321.27978475
-321.27885557
-321.27756350
-321.27737761
-321.27653109
-321.27552664
-321.27502088
-321.27380495
-321.27334990
-321.27278214
-321.27205648
-321.27087099
-321.27040906
-321.27014315
-321.26897040
-321.26805469
-321.26625317
-321.26516348
-321.26497541
-321.26439825
-321.26351186
-321.26298285
-321.26209647
-321.26144035
-321.26105274
-321.26003774
-321.25970197
-321.25904426
-321.25761676
-321.25668422
-321.25560326
-321.25504207
-321.25383819
-321.25303990
-321.25149700
-321.25123413
-321.25033237
-321.24941940
-321.24897124
-321.24828565
-321.24714868
-321.24660875
-321.24582068
-321.24505843
-321.24475315
-321.24369511
-321.24292924
-321.24261192
-321.24155708
-321.24100085
-321.24004156
-321.23906190
-321.23858080
-321.23748846
-321.23689178
-321.23651560
-321.23501368
-321.23444415
-321.23323702
-321.23200402
-321.23172681
-321.23126506
-321.22971009
-321.22860140
-321.22833166
-321.22723947
-321.22659266
-321.22558808
-321.22400677
-321.22318569
-321.22209796
-321.22116010
-321.22064145
-321.21935525
-321.21900512
-321.21799840
-321.21769084
-321.21671731
-321.21633889
-321.21575584
-321.21504223
-321.21419810
-321.21405399
-321.21281554
-321.21181916
-321.21127878
-321.21095086
-321.20960615
-321.20951560
-321.20849365
-321.20730041
-321.20665367
-321.20591930
-321.20571019
-321.20447863
-321.20432115
-321.20332210
-321.20238119
-321.20140450
-321.20025803
-321.19931473
-321.19771098
-321.19702096
-321.19683289
-321.19565013
-321.19465411
-321.19378848
-321.19271268
-321.19227280
-321.19187292
-321.19146444
-321.19086225
-321.18968959
-321.18869684
-321.18715162
-321.18679790
-321.18548048
-321.18478306
-321.18407309
-321.18283633
-321.18256428
-321.18166479
-321.18124946
-321.18085139
-321.17896258
-321.17862674
-321.17751051
-321.17671705
-321.17611568
-321.17502955
-321.17416980
-321.17378519
-321.17267219
-321.17200498
-321.17152783
-321.17079021
-321.16931990
-321.16920149
-321.16878638
-321.16755507
-321.16721200
-321.16647478
-321.16619571
-321.16594950
-321.16525919
-321.16420191
-321.16342730
-321.16296344
-321.16214255
-321.16132270
-321.16062311
-321.15988004
-321.15933960
-321.15842475
-321.15807138
-321.15643779
-321.15608963
-321.15552362
-321.15440558
-321.15385585
-321.15367704
-321.15279237
-321.15220760
-321.15142528
-321.15073344
-321.14999964
-321.14954150
-321.14854329
-321.14820510
-321.14742971
-321.14695999
-321.14606795
-321.14508210
-321.14444251
-321.14389768
-321.14332707
-321.14248975
-321.14176067
-321.14114118
-321.14031746
-321.13972427
-321.13922011
-321.13886786
-321.13813918
-321.13759385
-321.13684055
-321.13626676
-321.13565256
-321.13433250
-321.13318714
-321.13291212
-321.13147830
-321.13110011
-321.13060337
-321.12988444
-321.12934970
-321.12854660
-321.12792289
-321.12759876
-321.12654033
-321.12556172
-321.12536072
-321.12506095
-321.12458447
-321.12331532
-321.12314595
-321.12238755
-321.12197406
-321.12094810
-321.12037387
-321.11902542
-321.11745925
-321.11700355
-321.11603655
-321.11571480
-321.11506574
-321.11488269
-321.11465634
-321.11350541
-321.11285074
-321.11274472
-321.11126609
-321.11077589
-321.11065872
-321.10977632
-321.10842577
-321.10795663
-321.10728156
-321.10647377
-321.10630521
-321.10587227
-321.10467663
-321.10388526
-321.10262929
-321.10186262
-321.10159562
-321.09982350
-321.09959273
-321.09845416
-321.09836305
-321.09763910
-321.09664581
-321.09577665
-321.09499556
-321.09405742
-321.09394794
-321.09285525
-321.09245123
-321.09201125
-321.09147362
-321.08979050
-321.08955830
-321.08872859
-321.08726988
-321.08664003
-321.08580826
-321.08519808
-321.08498184
-321.08471350
-321.08327480
-321.08242936
-321.08186682
-321.08167217
-321.08072630
-321.08022198
-321.07991386
-321.07932036
-321.07856205
-321.07836703
-321.07688056
-321.07665470
-321.07558044
-321.07460008
-321.07429839
-321.07333383
-321.07318674
-321.07174574
-321.07129363
-321.07088774
-321.07064366
-321.06923735
-321.06832229
-321.06778417
-321.06763728
-321.06701386
-321.06670487
-321.06559345
-321.06517003
-321.06392049
-321.06362375
-321.06309636
-321.06197587
-321.06150505
-321.06062441
-321.06049320
-321.05932623
-321.05884211
-321.05802744
-321.05738467
-321.05649615
-321.05572522
-321.05511821
-321.05374849
-321.05350370
-321.05191355
-321.05160695
-321.05030279
-321.04953537
-321.04927500
-321.04816795
-321.04757560
-321.04731731
-321.04707819
-321.04545399
-321.04527565
-321.04437738
-321.04378467
-321.04278278
-321.04175661
-321.04110739
-321.04065427
-321.03999731
-321.03952703
-321.03908262
-321.03833999
-321.03777044
-321.03691747
-321.03636697
-321.03572185
-321.03529113
-321.03453334
-321.03404742
-321.03289939
-321.03254009
-321.03211973
-321.03090736
-321.03047721
-321.02939897
-321.02929170
-321.02877591
-321.02776724
-321.02635361
-321.02621127
-321.02547698
-321.02488862
-321.02356877
-321.02274510
-321.02243810
-321.02219772
-321.02131800
-321.01978571
-321.01949167
-321.01885251
-321.01809619
-321.01761449
-321.01681052
-321.01633581
-321.01432353
-321.01400345
-321.01377805
-321.01320049
-321.01211004
-321.01155403
-321.01027595
-321.00949604
-321.00883707
-321.00826410
-321.00764726
-321.00729125
-321.00644372
-321.00626020
-321.00464562
-321.00388414
-321.00376335
-321.00253438
-321.00220565
-321.00164263
-320.99988307
-320.99908945
-320.99860370
-320.99789825
-320.99694415
-320.99595907
-320.99567327
-320.99411004
-320.99335543
-320.99253460
-320.99195323
-320.99120329
-320.99024764
-320.98973873
-320.98867685
-320.98798471
-320.98773132
-320.98636171
-320.98603456
-320.98559961
-320.98494907
-320.98412407
-320.98348769
-320.98279248
-320.98161724
-320.98081206
-320.98044292
-320.97973309
-320.97865482
-320.97844074
-320.97742200
-320.97641653
-320.97560187
-320.97496155
-320.97419754
-320.97392219
-320.97282691
-320.97220308
-320.97146690
-320.97102998
-320.97028199
-320.96929664
-320.96900582
-320.96789378
-320.96747090
-320.96717597
-320.96678479
-320.96631969
-320.96602411
-320.96503347
-320.96484570
-320.96420041
-320.96394199
-320.96329660
-320.96208008
-320.96163878
-320.96043208
-320.95978696
-320.95885372
-320.95826074
-320.95758736
-320.95660602
-320.95607399
-320.95547395
-320.95468115
-320.95372129
-320.95333081
-320.95226889
-320.95151897
-320.95074575
-320.95012948
-320.94947346
-320.94917488
-320.94821368
-320.94746997
-320.94707834
-320.94577850
-320.94563091
-320.94463955
-320.94409736
-320.94377862
-320.94335802
-320.94226575
-320.94071321
-320.94007479
-320.93977763
-320.93941093
-320.93827547
-320.93810855
-320.93781028
-320.93708611
-320.93601621
-320.93589861
-320.93549985
-320.93429967
-320.93325567
-320.93278845
-320.93199872
-320.93110630
-320.93079086
-320.92998998
-320.92986270
-320.92863813
-320.92846376
-320.92813185
-320.92777617
-320.92684902
-320.92591953
-320.92490370
-320.92408478
-320.92344567
-320.92220934
-320.92211930
-320.92101270
-320.92029946
-320.91974492
-320.91925870
-320.91814119
-320.91743731
-320.91722079
-320.91657296
-320.91584392
-320.91541895
-320.91471530
-320.91322990
-320.91266625
-320.91240955
-320.91178661
-320.91118021
-320.91085203
-320.90980829
-320.90934448
-320.90849780
-320.90661146
-320.90633994
-320.90561259
-320.90527367
-320.90474442
-320.90347129
-320.90249227
-320.90182821
-320.90169771
-320.90096973
-320.90088673
-320.90065777
-320.90018904
-320.89863843
-320.89791993
-320.89735228
-320.89662056
-320.89592373
-320.89501125
-320.89419912
-320.89316151
-320.89214456
-320.89179560
-320.89130115
-320.89007685
-320.88958783
-320.88880028
-320.88756281
-320.88695402
-320.88675064
-320.88564058
-320.88545245
-320.88456994
-320.88384768
-320.88221092
-320.88154411
-320.88069147
-320.88049050
-320.87972211
-320.87952227
-320.87830663
-320.87767746
-320.87668701
-320.87577663
-320.87472888
-320.87390440
-320.87340030
-320.87217403
-320.87200855
-320.87158905
-320.87031859
-320.86954906
-320.86901451
-320.86866011
-320.86757908
-320.86738803
-320.86612998
-320.86527926
-320.86429503
-320.86401547
-320.86249914
-320.86055814
-320.86023748
-320.85968985
-320.85868817
-320.85695449
-320.85646885
-320.85549116
-320.85511921
-320.85460508
-320.85362928
-320.85332327
-320.85203321
-320.85106729
-320.85043570
-320.85023779
-320.84998356
-320.84919674
-320.84905444
-320.84789063
-320.84645865
-320.84579768
-320.84540886
-320.84485500
-320.84294462
-320.84246525
-320.84213575
-320.84105072
-320.84061200
-320.83986525
-320.83930148
-320.83709847
-320.83589124
-320.83558368
-320.83511305
-320.83391545
-320.83335508
-320.83302406
-320.83202551
-320.83133338
-320.83063524
-320.83023275
-320.82905430
-320.82842718
-320.82789452
-320.82691688
-320.82607888
-320.82569572
-320.82527711
-320.82416003
-320.82283191
-320.82278420
-320.82122322
-320.82088539
-320.82055481
-320.81997538
-320.81972640
-320.81803555
-320.81769682
-320.81717340
-320.81653158
-320.81529803
-320.81498554
-320.81429184
-320.81315490
-320.81222925
-320.81181402
-320.81100822
-320.81037223
-320.80985810
-320.80938988
-320.80878612
-320.80701123
-320.80683501
-320.80590981
-320.80568939
-320.80447858
-320.80392779
-320.80339688
-320.80201587
-320.80145475
-320.80073521
-320.79982240
-320.79954451
-320.79839630
-320.79808866
-320.79695606
-320.79644428
-320.79589270
-320.79519952
-320.79417212
-320.79397212
-320.79350233
-320.79293282
-320.79196497
-320.79023432
-320.78970427
-320.78916165
-320.78841397
-320.78770182
-320.78703415
-320.78647240
-320.78554150
-320.78411710
-320.78370215
-320.78302331
-320.78248685
-320.78181584
-320.78129355
-320.78104198
-320.78010205
-320.77911845
-320.77850006
-320.77803610
-320.77718662
-320.77606966
-320.77587149
-320.77449153
-320.77426934
-320.77301016
-320.77240036
-320.77184775
-320.77073111
-320.76986735
-320.76949069
-320.76896591
-320.76754578
-320.76685134
-320.76618278
-320.76585678
-320.76487527
-320.76408346
-320.76383016
-320.76286383
-320.76156475
-320.76072053
-320.76023483
-320.75942158
-320.75821413
-320.75752504
-320.75567080
-320.75473511
-320.75461453
-320.75412783
-320.75354486
-320.75279429
-320.75164975
-320.75122499
-320.75032851
-320.74838144
-320.74792776
-320.74775700
-320.74665988
-320.74623519
-320.74539028
-320.74485246
-320.74417319
-320.74294434
-320.74212725
-320.74091260
-320.73975382
-320.73936203
-320.73822393
-320.73755356
-320.73624902
-320.73527966
-320.73480627
-320.73452430
-320.73396527
-320.73250153
-320.73201775
-320.73165216
-320.73019921
-320.72997581
-320.72865728
-320.72765546
-320.72734036
-320.72648571
-320.72558776
-320.72513452
-320.72273468
-320.72229302
-320.72096281
-320.72068605
-320.71973840
-320.71883961
-320.71808836
-320.71758261
-320.71738818
-320.71634437
-320.71606403
-320.71444487
-320.71319831
-320.71272121
-320.71228962
-320.71140143
-320.71002779
-320.70905900
-320.70725011
-320.70697670
-320.70623278
-320.70472024
-320.70454565
-320.70367735
-320.70345811
-320.70227501
-320.70195925
-320.70075372
-320.70030760
-320.69998688
-320.69943219
-320.69850962
-320.69692705
-320.69672638
-320.69518270
-320.69430132
-320.69312018
-320.69238914
-320.69169765
-320.69119133
-320.68999442
-320.68897394
-320.68857625
-320.68766809
-320.68701948
-320.68570876
-320.68510617
-320.68483055
-320.68359105
-320.68213443
-320.68119287
-320.68096842
-320.68037642
-320.67974296
-320.67954840
-320.67799590
-320.67774039
-320.67656605
-320.67519280
-320.67480546
-320.67426759
-320.67392832
-320.67359280
-320.67259812
-320.67227124
-320.67083582
-320.67027755
-320.66898330
-320.66861721
-320.66792670
-320.66766526
-320.66564510
-320.66543729
-320.66382055
-320.66339667
-320.66257038
-320.66104193
-320.65951054
-320.65854504
-320.65833982
-320.65726855
-320.65588315
-320.65564397
-320.65514089
-320.65439860
-320.65371080
-320.65260307
-320.65212746
-320.65177282
-320.65096237
-320.65024801
-320.65005351
-320.64894461
-320.64792390
-320.64600563
-320.64548084
-320.64493803
-320.64451477
-320.64372228
-320.64336097
-320.64256300
-320.64130473
-320.64117077
-320.63913055
-320.63878162
-320.63812941
-320.63728253
-320.63648654
-320.63597648
-320.63564389
-320.63437598
-320.63326498
-320.63238641
-320.63212717
-320.63100202
-320.63025508
-320.62871581
-320.62831123
-320.62746292
-320.62626904
-320.62545857
-320.62511928
-320.62452311
-320.62268752
-320.62236485
-320.62177894
-320.62103788
-320.61925510
-320.61845612
-320.61810897
-320.61721315
-320.61680560
-320.61600906
-320.61482287
-320.61339711
-320.61308939
-320.61184565
-320.61128746
-320.61019162
-320.60887726
-320.60838373
-320.60720342
-320.60713581
-320.60656418
-320.60614866
-320.60561478
-320.60408060
-320.60378931
-320.60196837
-320.60135764
-320.59875207
-320.59835134
-320.59797728
-320.59721623
-320.59631019
-320.59508801
-320.59489570
-320.59422559
-320.59370054
-320.59218103
-320.59193430
-320.59105163
-320.58994887
-320.58949371
-320.58866944
-320.58796302
-320.58762301
-320.58691384
-320.58626978
-320.58583005
-320.58500482
-320.58438744
-320.58334422
-320.58257086
-320.58150710
-320.58083592
-320.58012062
-320.57961068
-320.57873573
-320.57739571
-320.57699029
-320.57567421
-320.57484460
-320.57433997
-320.57345306
-320.57202683
-320.57169377
-320.57107052
-320.57026037
-320.56985852
-320.56942026
-320.56907444
-320.56774884
-320.56655362
-320.56593227
-320.56522353
-320.56400946
-320.56373936
-320.56367024
-320.56345924
-320.56247234
-320.56207768
-320.56112279
-320.56068039
-320.56000950
-320.55941287
-320.55902720
-320.55883021
-320.55761919
-320.55603695
-320.55571857
-320.55406401
-320.55279546
-320.55241167
-320.55124748
-320.55067570
-320.55062568
-320.55032164
-320.54966904
-320.54854339
-320.54835921
-320.54656803
-320.54563886
-320.54473039
-320.54386942
-320.54317019
-320.54257977
-320.54149285
-320.54101341
-320.53986677
-320.53864761
-320.53832712
-320.53737938
-320.53689869
-320.53640588
-320.53537505
-320.53512908
-320.53432256
-320.53302753
-320.53277969
-320.53261327
-320.53074639
-320.53024397
-320.52899830
-320.52861847
-320.52812917
-320.52728724
-320.52650643
-320.52620130
-320.52607034
-320.52507172
-320.52397991
-320.52345439
-320.52225776
-320.52115777
-320.52037584
-320.51958544
-320.51895195
-320.51829785
-320.51764935
-320.51740497
-320.51625173
-320.51419475
-320.51396838
-320.51315640
-320.51297450
-320.51257505
-320.51194822
-320.51058584
-320.51045156
-320.50984379
-320.50898862
-320.50779199
-320.50733721
-320.50625611
-320.50490121
-320.50463043
-320.50368652
-320.50239611
-320.50204360
-320.50136019
-320.50065357
-320.50012235
-320.49964321
-320.49872776
-320.49845745
-320.49667685
-320.49647976
-320.49576914
-320.49451985
-320.49353147
-320.49305759
-320.49168288
-320.49034474
-320.48912620
-320.48837264
-320.48705275
-320.48665898
-320.48486397
-320.48453131
-320.48379081
-320.48266454
-320.48214743
-320.48118062
-320.48045294
-320.47971138
-320.47894018
-320.47821113
-320.47763303
-320.47667104
-320.47651785
-320.47594608
-320.47493087
-320.47358783
-320.47335973
-320.47269382
-320.47209680
-320.47174276
-320.47105958
-320.47017484
-320.46992589
-320.46909385
-320.46766721
-320.46656300
-320.46612301
-320.46425815
-320.46308929
-320.46253156
-320.46134415
-320.46054665
-320.45960907
-320.45878094
-320.45802861
-320.45736411
-320.45635140
-320.45546642
-320.45513376
-320.45457290
-320.45381097
-320.45263727
-320.45173863
-320.45140893
-320.44953334
-320.44900307
-320.44735273
-320.44704840
-320.44593356
-320.44556018
-320.44461227
-320.44395724
-320.44304105
-320.44217916
-320.44169849
-320.44062190
-320.44042637
-320.43944418
-320.43886257
-320.43810288
-320.43788090
-320.43448479
-320.43381514
-320.43290933
-320.43209171
-320.43177251
-320.43001922
-320.42816637
-320.42768067
-320.42720783
-320.42485424
-320.42421095
-320.42287986
-320.42228886
-320.42159687
-320.42016101
-320.41984593
-320.41914611
-320.41783145
-320.41708521
-320.41633625
-320.41564472
-320.41478147
-320.41398313
-320.41221918
-320.41184745
-320.41115479
-320.41041910
-320.40985794
-320.40849230
-320.40804053
-320.40625158
-320.40566799
-320.40483281
-320.40462028
-320.40285112
-320.40173012
-320.40116711
-320.39991402
-320.39872952
-320.39792676
-320.39720303
-320.39545525
-320.39407491
-320.39366995
-320.39296551
-320.39278302
-320.39128265
-320.39062993
-320.38996785
-320.38856977
-320.38793498
-320.38757325
-320.38689213
-320.38474078
-320.38396512
-320.38363779
-320.38340951
-320.38249131
-320.37958381
-320.37912076
-320.37845897
-320.37666762
-320.37553514
-320.37461388
-320.37363963
-320.37272161
-320.37091872
-320.36976249
-320.36906329
-320.36754218
-320.36619646
-320.36548260
-320.36518161
-320.36422354
-320.36260514
-320.36143016
-320.36129893
-320.36002162
-320.35893229
-320.35850277
-320.35630970
-320.35529215
-320.35382194
-320.35268629
-320.35133654
-320.35060490
-320.35008864
-320.34879292
-320.34791844
-320.34727732
-320.34722374
-320.34681563
-320.34582640
-320.34500278
-320.34450541
-320.34420272
-320.34372824
-320.34282641
-320.34198840
-320.34005978
-320.33934684
-320.33925189
-320.33764933
-320.33629863
-320.33596014
-320.33511592
-320.33484069
-320.33238426
-320.33185403
-320.33071900
-320.33010394
-320.32941057
-320.32815958
-320.32802346
-320.32667223
-320.32562869
-320.32444060
-320.32416386
-320.32336471
-320.32303609
-320.32108398
-320.31994678
-320.31937117
-320.31883338
-320.31764217
-320.31690317
-320.31582943
-320.31466036
-320.31366773
-320.31291450
-320.31093499
-320.30950934
-320.30861475
-320.30825125
-320.30673156
-320.30593005
-320.30434223
-320.30352945
-320.30291744
-320.30211756
-320.29986827
-320.29949404
-320.29817580
-320.29768883
-320.29747267
-320.29558453
-320.29496976
-320.29389928
-320.29354910
-320.29302729
-320.29208585
-320.29132775
-320.29039047
-320.28948717
-320.28893307
-320.28779266
-320.28679402
-320.28548021
-320.28481688
-320.28358041
-320.28265819
-320.28174148
-320.28091686
-320.27942637
-320.27924699
-320.27822181
-320.27710645
-320.27669812
-320.27586651
-320.27349830
-320.27298170
-320.27159319
-320.26953012
-320.26921656
-320.26870480
-320.26711730
-320.26671504
-320.26506514
-320.26467597
-320.26374035
-320.26174756
-320.26081910
-320.26050780
-320.26028233
-320.25839203
-320.25799218
-320.25710040
-320.25623021
-320.25433965
-320.25364251
-320.25310654
-320.25144129
-320.25072863
-320.25066475
-320.24963574
-320.24862810
-320.24777584
-320.24632050
-320.24533725
-320.24476894
-320.24418981
-320.24318660
-320.24224139
-320.24169950
-320.24073344
-320.23976475
-320.23944978
-320.23788282
-320.23726908
-320.23618449
-320.23467372
-320.23343419
-320.23322685
-320.23156771
-320.23071828
-320.23014999
-320.22827160
-320.22680319
-320.22623338
-320.22572590
-320.22529757
-320.22346538
-320.22140778
-320.22033833
-320.21893803
-320.21639756
-320.21434103
-320.21321633
-320.21296700
-320.21185715
-320.21117814
-320.21098756
-320.20963144
-320.20722162
-320.20676813
-320.20519945
-320.20436903
-320.20383795
-320.20244433
-320.20149596
-320.19981552
-320.19878307
-320.19847625
-320.19654227
-320.19456091
-320.19397323
-320.19342681
-320.19197168
-320.19096608
-320.19037510
-320.18919045
-320.18842957
-320.18704094
-320.18636114
-320.18554103
-320.18514264
-320.18398605
-320.18311575
-320.18126226
-320.18117107
-320.17960633
-320.17948748
-320.17886046
-320.17831637
-320.17724340
-320.17523557
-320.17503204
-320.17333463
-320.17237082
-320.17122476
-320.16976406
-320.16856355
-320.16788751
-320.16563691
-320.16475763
-320.16463513
-320.16258733
-320.16173495
-320.16055712
-320.15875317
-320.15794765
-320.15738558
-320.15656750
-320.15554203
-320.15429630
-320.15257507
-320.15216863
-320.15109845
-320.15055023
-320.14999639
-320.14779489
-320.14698888
-320.14667528
-320.14615043
-320.14321490
-320.14290919
-320.14139682
-320.14048446
-320.13960500
-320.13856980
-320.13743789
-320.13724441
-320.13594320
-320.13485436
-320.13224441
-320.13103090
-320.13048672
-320.12857903
-320.12726294
-320.12672334
-320.12591382
-320.12427305
-320.12382085
-320.12268659
-320.12167680
-320.11939568
-320.11773716
-320.11571511
-320.11393608
-320.11350564
-320.11277072
-320.11159431
-320.11067768
-320.10964152
-320.10877076
-320.10841652
-320.10765275
-320.10615404
-320.10560063
-320.10338364
-320.10247574
-320.10097292
-320.10072413
-320.09924556
-320.09804749
-320.09612312
-320.09495539
-320.09461788
-320.09349688
-320.09221207
-320.09146717
-320.09035015
-320.08930700
-320.08814767
-320.08730344
-320.08607572
-320.08554135
-320.08469436
-320.08282447
-320.08191318
-320.08115783
-320.08065757
-320.07967953
-320.07730959
-320.07576860
-320.07473095
-320.07323367
-320.07195475
-320.07166585
-320.07003583
-320.06810800
-320.06690676
-320.06660618
-320.06492371
-320.06453563
-320.06290103
-320.06190183
-320.06115099
-320.06066732
-320.05956779
-320.05849878
-320.05676216
-320.05573842
-320.05381711
-320.05360233
-320.05268716
-320.05133532
-320.05049929
-320.05007445
-320.04868022
-320.04603008
-320.04592532
-320.04483325
-320.04364217
-320.04297076
-320.04163946
-320.04029139
-320.03866785
-320.03735314
-320.03701924
-320.03577564
-320.03460995
-320.03342788
-320.03293606
-320.03271965
-320.03159369
-320.03016025
-320.02892040
-320.02658977
-320.02617435
-320.02337586
-320.02255464
-320.02242073
-320.02023738
-320.01965180
-320.01764661
-320.01661439
-320.01438600
-320.01339980
-320.01320829
-320.01006946
-320.00950375
-320.00882359
-320.00683088
-320.00658579
-320.00426726
-320.00392328
-320.00327074
-320.00209393
-320.00048527
-319.99952179
-319.99828813
-319.99732626
-319.99563913
-319.99399343
-319.99306537
-319.99160993
-319.99084258
-319.98945453
-319.98815689
-319.98777513
-319.98600347
-319.98425778
-319.98243324
-319.98137689
-319.97957622
-319.97866266
-319.97798753
-319.97752624
-319.97570120
-319.97408386
-319.97282983
-319.97126994
-319.97066018
-319.96934082
-319.96768484
-319.96685210
-319.96457837
-319.96414011
-319.96336758
-319.96230366
-319.96038908
-319.95952943
-319.95872570
-319.95765118
-319.95631335
-319.95554589
-319.95451088
-319.95325525
-319.95241363
-319.95140285
-319.95048403
-319.94794826
-319.94766674
-319.94717803
-319.94445430
-319.94344153
-319.94179228
-319.94094784
-319.93962193
-319.93865746
-319.93770138
-319.93469079
-319.93345340
-319.93281068
-319.93148852
-319.93044436
-319.92978355
-319.92912491
-319.92701407
-319.92650858
-319.92424382
-319.92199836
-319.92146709
-319.92041365
-319.91879960
-319.91769303
-319.91677640
-319.91518923
-319.91272718
-319.91228849
-319.91107244
-319.90886594
-319.90777629
-319.90600801
-319.90530628
-319.90314504
-319.90273324
-319.90079869
-319.90000721
-319.89850474
-319.89759161
-319.89593333
-319.89484067
-319.89343481
-319.89201576
-319.89061228
-319.88922061
-319.88809292
-319.88513557
-319.88434584
-319.88375348
-319.88193035
-319.88125164
-319.88004653
-319.87697508
-319.87628067
-319.87464485
-319.87226260
-319.87182098
-319.87086493
-319.86775468
-319.86697883
-319.86613548
-319.86508894
-319.86330156
-319.86267386
-319.86216059
-319.86019370
-319.85866224
-319.85689747
-319.85624311
-319.85498739
-319.85456839
-319.85240261
-319.85177778
-319.85047883
-319.84748110
-319.84574140
-319.84413792
-319.84366809
-319.84239952
-319.84174542
-319.84061367
-319.83932531
-319.83792484
-319.83719206
-319.83514681
-319.83372074
-319.83271214
-319.83114968
-319.82986810
-319.82845046
-319.82660583
-319.82591469
-319.82548283
-319.82429625
-319.82268211
-319.82154733
-319.82042048
-319.81877065
-319.81804320
-319.81632225
-319.81579115
-319.81402102
-319.81323325
-319.81307660
-319.81093104
-319.80988359
-319.80867575
-319.80721294
-319.80636658
-319.80547275
-319.80365465
-319.80169829
-319.80036271
-319.79889854
-319.79752000
-319.79719539
-319.79562250
-319.79431919
-319.79219131
-319.79167795
-319.79084128
-319.78928299
-319.78787393
-319.78650316
-319.78516060
-319.78258453
-319.78244836
-319.78095225
-319.78036934
-319.77747935
-319.77590612
-319.77363577
-319.77248067
-319.77031630
-319.77028047
-319.76969891
-319.76830189
-319.76756839
-319.76566614
-319.76485276
-319.76433821
-319.76352839
-319.76200156
-319.76067738
-319.75900725
-319.75724615
-319.75543779
-319.75444461
-319.75193308
-319.74967903
-319.74899845
-319.74670820
-319.74476902
-319.74375328
-319.74212917
-319.73987335
-319.73848157
-319.73763275
-319.73609748
-319.73499853
-319.73196675
-319.73137858
-319.72929658
-319.72816228
-319.72706362
-319.72607793
-319.72552688
-319.72261812
-319.72165930
-319.72012373
-319.71811991
-319.71728269
-319.71492322
-319.71377183
-319.71295708
-319.71055410
-319.70922003
-319.70779872
-319.70455223
-319.70287174
-319.70251475
-319.70131118
-319.70089645
-319.69945875
-319.69877303
-319.69770213
-319.69518401
-319.69411224
-319.69337756
-319.69183127
-319.68987876
-319.68848054
-319.68744627
-319.68546475
-319.68397580
-319.68282255
-319.68093455
-319.67897666
-319.67540622
-319.67488430
-319.67414552
-319.67215713
-319.67069111
-319.66853338
-319.66824125
-319.66661521
-319.66583922
-319.66542602
-319.66374817
-319.66336636
-319.66192494
-319.66078758
-319.65819850
-319.65763798
-319.65689820
-319.65465590
-319.65287770
-319.65158715
-319.65084647
-319.64970448
-319.64818875
-319.64775962
-319.64702225
-319.64475325
-319.64361014
-319.64198953
-319.64105274
-319.63918355
-319.63650655
-319.63534531
-319.63394810
-319.63095721
-319.63055875
-319.62821341
-319.62765789
-319.62661950
-319.62545617
-319.62452376
-319.62132842
-319.62065576
-319.62028456
-319.61906487
-319.61760446
-319.61646023
-319.61367849
-319.61249111
-319.61085830
-319.60970425
-319.60882203
-319.60806388
-319.60635027
-319.60485391
-319.60383463
-319.60239153
-319.60032822
-319.59889702
-319.59830243
-319.59772671
-319.59649803
-319.59437161
-319.59259358
-319.59184279
-319.59063652
-319.58884997
-319.58699594
-319.58578123
-319.58528250
-319.58492593
-319.58309762
-319.58190853
-319.58038785
-319.57947228
-319.57818474
-319.57556409
-319.57481800
-319.57427226
-319.57187267
-319.57112683
-319.57055412
-319.56885260
-319.56777427
-319.56694830
-319.56612259
-319.56483928
-319.56395744
-319.56321155
-319.56218567
-319.56138697
-319.55978010
-319.55814805
-319.55732573
-319.55595252
-319.55502428
-319.55383682
-319.55230051
-319.55145424
-319.54949174
-319.54591330
-319.54485781
-319.54246350
-319.54239734
-319.54177192
-319.54044437
-319.53998418
-319.53578466
-319.53512735
-319.53402003
-319.53294531
-319.53144190
-319.52998711
-319.52770827
-319.52644815
-319.52502274
-319.52207559
-319.52174714
-319.52034804
-319.51891409
-319.51829351
-319.51723512
-319.51649658
-319.51277914
-319.51038128
-319.50921742
-319.50661521
-319.50578531
-319.50477564
-319.50443061
-319.50315068
-319.50182848
-319.49836619
-319.49804672
-319.49736285
-319.49585216
-319.49514494
-319.49352023
-319.49306794
-319.49121306
-319.48941143
-319.48852007
-319.48594612
-319.48532222
-319.48408193
-319.48259925
-319.48188514
-319.48077591
-319.47875393
-319.47808154
-319.47648216
-319.47491943
-319.47347445
-319.47222319
-319.46844926
-319.46795068
-319.46661691
-319.46544299
-319.46408179
-319.46301225
-319.46186008
-319.46127773
-319.46002720
-319.45859605
-319.45797125
-319.45778218
-319.45608711
-319.45508424
-319.45369623
-319.45145967
-319.44969834
-319.44687265
-319.44507296
-319.44410739
-319.44295710
-319.44272416
-319.44048273
-319.43839176
-319.43761118
-319.43664101
-319.43527982
-319.43445454
-319.43400755
-319.43274924
-319.43160166
-319.43008768
-319.42938640
-319.42821094
-319.42580826
-319.42565775
-319.42502860
-319.42436877
-319.42329801
-319.42210602
-319.42119503
-319.41964039
-319.41879150
-319.41782581
-319.41659778
-319.41462424
-319.41430276
-319.41247581
-319.41039606
-319.40970620
-319.40787391
-319.40560311
-319.40197587
-319.40010823
-319.39914513
-319.39901800
-319.39718573
-319.39588997
-319.39503979
-319.39309478
-319.38895063
-319.38857269
-319.38758403
-319.38607311
-319.38458686
-319.38335052
-319.38088900
-319.38055249
-319.37944380
-319.37738679
-319.37563645
-319.37486241
-319.37298862
-319.37234048
-319.37043456
-319.36982031
-319.36862138
-319.36638020
-319.36568587
-319.36467976
-319.36160958
-319.36107877
-319.36051461
-319.35716165
-319.35663268
-319.35592396
-319.35442099
-319.35324392
-319.35126514
-319.35102501
-319.34795942
-319.34732786
-319.34645361
-319.34447476
-319.34276675
-319.34138500
-319.33900612
-319.33712624
-319.33681457
-319.33486553
-319.33376661
-319.33272208
-319.33059694
-319.32862877
-319.32717470
-319.32627535
-319.32448243
-319.32374474
-319.32169780
-319.32146335
-319.32036446
-319.31871741
-319.31738930
-319.31658984
-319.31564244
-319.31514433
-319.31424999
-319.31363239
-319.31077038
-319.30918370
-319.30802173
-319.30748695
-319.30494926
-319.30446656
-319.30255339
-319.30098360
-319.30002167
-319.29788474
-319.29695969
-319.29618092
-319.29535303
-319.29347066
-319.29250262
-319.29058673
-319.28959619
-319.28792840
-319.28759735
-319.28575177
-319.28423255
-319.28239893
-319.28168309
-319.27968960
-319.27807859
-319.27696764
-319.27596796
-319.27426026
-319.27258073
-319.27232815
-319.27065292
-319.26923438
-319.26757863
-319.26614063
-319.26471307
-319.26285287
-319.26140026
-319.26095829
-319.25874947
-319.25788572
-319.25620158
-319.25495366
-319.25426179
-319.25228249
-319.25138487
-319.24914733
-319.24792467
-319.24572505
-319.24466376
-319.24353501
-319.24237261
-319.24119883
-319.23920367
-319.23884288
-319.23490846
-319.23386274
-319.23293962
-319.23068323
-319.22886103
-319.22872091
-319.22706901
-319.22531727
-319.22455913
-319.22226194
-319.22085409
-319.21909059
-319.21693637
-319.21641055
-319.21503993
-319.21373061
-319.21280126
-319.21071801
-319.21058401
-319.20970061
-319.20642851
-319.20552220
-319.20421639
-319.20210527
-319.20112362
-319.19905100
-319.19730518
-319.19641694
-319.19392773
-319.19339731
-319.19242505
-319.18920310
-319.18861875
-319.18806038
-319.18502046
-319.18377151
-319.18257855
-319.18146191
-319.18006306
-319.17685919
-319.17531235
-319.17294808
-319.17249322
-319.17080538
-319.16875761
-319.16793435
-319.16780766
-319.16637928
-319.16553256
-319.16311611
-319.16191898
-319.16107647
-319.15893165
-319.15790381
-319.15777159
-319.15647536
-319.15576327
-319.15457292
-319.15232992
-319.15127105
-319.15006871
-319.14906721
-319.14773082
-319.14711690
-319.14448982
-319.14341142
-319.14207047
-319.14091128
-319.13916828
-319.13853735
-319.13614194
-319.13397112
-319.13321271
-319.13162791
-319.12994965
-319.12878830
-319.12791498
-319.12633010
-319.12457822
-319.12428848
-319.12313170
-319.12203666
-319.12024480
-319.11865979
-319.11770150
-319.11643387
-319.11504321
-319.11226809
-319.11130155
-319.10995195
-319.10791932
-319.10604105
-319.10434120
-319.10406277
-319.10211522
-319.10159240
-319.09890902
-319.09824820
-319.09626522
-319.09423220
-319.09344254
-319.09232616
-319.09080087
-319.08961994
-319.08843324
-319.08657054
-319.08511704
-319.08320691
-319.08183966
-319.08100565
-319.07909266
-319.07721418
-319.07526232
-319.07465515
-319.06996914
-319.06894071
-319.06742506
-319.06435046
-319.06249484
-319.06071422
-319.05950564
-319.05771801
-319.05691096
-319.05539604
-319.05439964
-319.05313414
-319.05096770
-319.04720779
-319.04680147
-319.04368539
-319.04137690
-319.04000325
-319.03975132
-319.03732849
-319.03651439
-319.03306567
-319.03229320
-319.02924816
-319.02745315
-319.02656138
-319.02351204
-319.02146255
-319.01966979
-319.01853519
-319.01676704
-319.01569128
-319.01395866
-319.01254098
-319.01231952
-319.01155486
-319.00891297
-319.00657211
-319.00615462
-319.00466994
-319.00179178
-319.00094898
-318.99937917
-318.99857724
-318.99610429
-318.99440408
-318.99170848
-318.99127250
-318.98927893
-318.98729147
-318.98665807
-318.98302179
-318.98116630
-318.97989933
-318.97778793
-318.97650389
-318.97617889
-318.97287448
-318.97114848
-318.96902410
-318.96815981
-318.96632057
-318.96387471
-318.96224668
-318.96101815
-318.96010267
-318.95932987
-318.95785907
-318.95615457
-318.95522991
-318.95311870
-318.95196633
-318.94938266
-318.94875543
-318.94537144
-318.94435827
-318.94296440
-318.94136394
-318.93918938
-318.93869514
-318.93787601
-318.93494947
-318.93403959
-318.93310972
-318.93169813
-318.93073434
-318.92995768
-318.92940173
-318.92788449
-318.92564239
-318.92431282
-318.92202387
-318.91809860
-318.91784746
-318.91671836
-318.91360158
-318.91215855
-318.91152662
-318.90931685
-318.90920584
-318.90731688
-318.90666806
-318.90197212
-318.90085236
-318.89919485
-318.89841365
-318.89644084
-318.89520387
-318.89230941
-318.89076632
-318.88722756
-318.88680425
-318.88429473
-318.88270160
-318.88076295
-318.87868650
-318.87722368
-318.87645598
-318.87318197
-318.87258064
-318.87023888
-318.86711851
-318.86572234
-318.86455098
-318.86195462
-318.86054883
-318.85887130
-318.85686220
-318.85550339
-318.85444450
-318.84988062
-318.84936110
-318.84809005
-318.84685287
-318.84474682
-318.84385895
-318.84295537
-318.84042040
-318.83906304
-318.83821304
-318.83486362
-318.83440360
-318.83336468
-318.83208386
-318.83092078
-318.82958095
-318.82753577
-318.82679672
-318.82571923
-318.82508846
-318.82314082
-318.82159194
-318.81873399
-318.81629734
-318.81471026
-318.81203929
-318.81084346
-318.81033299
-318.80935814
-318.80715327
-318.80525786
-318.80342364
-318.80109663
-318.80078496
-318.80034708
-318.79727671
-318.79459017
-318.79384763
-318.79138773
-318.78981681
-318.78892449
-318.78720470
-318.78534819
-318.78297428
-318.78059812
-318.77809357
-318.77747441
-318.77689363
-318.77596790
-318.77391079
-318.77160316
-318.76890207
-318.76771658
-318.76656456
-318.76536740
-318.76426763
-318.76220467
-318.75964821
-318.75919153
-318.75770250
-318.75477567
-318.75216079
-318.75160103
-318.75048258
-318.74939145
-318.74671509
-318.74441337
-318.74225040
-318.74120448
-318.73928951
-318.73738089
-318.73603480
-318.73260135
-318.73156906
-318.73105515
-318.72982308
-318.72638078
-318.72496304
-318.72241578
-318.72119166
-318.72111151
-318.71768612
-318.71585553
-318.71555530
-318.71342785
-318.71092370
-318.70845290
-318.70829547
-318.70720576
-318.70548251
-318.70273334
-318.70012093
-318.69792988
-318.69440998
-318.69281439
-318.69077831
-318.68920702
-318.68764131
-318.68681179
-318.68316679
-318.68149459
-318.68130254
-318.67702924
-318.67567173
-318.67142843
-318.67016553
-318.66804796
-318.66499080
-318.66319061
-318.66275221
-318.66033919
-318.65890339
-318.65411801
-318.65326299
-318.65113289
-318.64909006
-318.64595719
-318.64295196
-318.64219960
-318.64039947
-318.63657624
-318.63513754
-318.63343913
-318.63086650
-318.62909046
-318.62764497
-318.62649268
-318.62481051
-318.62415228
-318.62170929
-318.62089847
-318.61993950
-318.61858019
-318.61626700
-318.61341880
-318.61148146
-318.60670521
-318.60469291
-318.60369510
-318.60192590
-318.60024168
-318.59960259
-318.59600041
-318.59496518
-318.59270517
-318.59188131
-318.59061658
-318.58931486
-318.58601041
-318.58514412
-318.58196342
-318.58073002
-318.57861594
-318.57746228
-318.57506059
-318.57465395
-318.57262248
-318.57111223
-318.56758794
-318.56311687
-318.56156605
-318.56069177
-318.55839842
-318.55793725
-318.55586703
-318.55481788
-318.55317533
-318.54870330
-318.54703287
-318.54619807
-318.54366294
-318.54299861
-318.54180605
-318.53797654
-318.53697146
-318.53535540
-318.53298768
-318.53193893
-318.52459396
-318.52390977
-318.52059332
-318.51904893
-318.51616360
-318.51475384
-318.51178601
-318.51019373
-318.50782557
-318.50522624
-318.50261616
-318.50131130
-318.49690796
-318.49467663
-318.49460236
-318.48998923
-318.48864933
-318.48561008
-318.48381973
-318.48228230
-318.48106594
-318.48038829
-318.47841926
-318.47769374
-318.47553350
-318.47355907
-318.47200246
-318.46861612
-318.46594984
-318.46389346
-318.46272041
-318.45962151
-318.45836534
-318.45674000
-318.45276531
-318.45135315
-318.45091170
-318.44801992
-318.44747560
-318.44457257
-318.44153696
-318.43848026
-318.43659398
-318.43004005
-318.42949035
-318.42652576
-318.42629180
-318.41867462
-318.41708268
-318.41470301
-318.41297761
-318.41140393
-318.40987420
-318.40835389
-318.40616246
-318.40466546
-318.40110392
-318.39468479
-318.39320216
-318.39069247
-318.38773989
-318.38668924
-318.38327420
-318.38148650
-318.38051530
-318.37823422
-318.37619880
-318.37330304
-318.37158030
-318.36745986
-318.36420512
-318.36160720
-318.35973145
-318.35647243
-318.35545465
-318.35203007
-318.34908482
-318.34304742
-318.34125171
-318.34049828
-318.33929952
-318.33834219
-318.33234994
-318.32888857
-318.32601339
-318.32300532
-318.31751936
-318.31649738
-318.31597269
-318.31249554
-318.31138925
-318.30767263
-318.30473465
-318.30250398
-318.30147980
-318.29972191
-318.29456311
-318.29444284
-318.29136486
-318.28569674
-318.28423498
-318.28209126
-318.27620253
-318.27360343
-318.27025798
-318.26682147
-318.26582582
-318.26535005
-318.25954575
-318.25863447
-318.25597215
-318.24928548
-318.24509058
-318.24074661
-318.23746108
-318.23410833
-318.23204004
-318.23127136
-318.22830116
-318.22712307
-318.22635364
-318.22398929
-318.22027512
-318.21807520
-318.21675943
-318.21338777
-318.21009483
-318.20607544
-318.20450894
-318.20252131
-318.19968565
-318.19577648
-318.19186964
-318.18857417
-318.18738096
-318.18520475
-318.18094164
-318.17677779
-318.17411592
-318.16844539
-318.16465977
-318.16172691
-318.15979730
-318.15355233
-318.15268464
-318.14980383
-318.14608267
-318.14400982
-318.14336626
-318.14080526
-318.13978796
-318.13369797
-318.13220881
-318.13021403
-318.12777910
-318.12495229
-318.12227489
-318.12065762
-318.11107820
-318.10807257
-318.10225412
-318.09862786
-318.09772539
-318.09276926
-318.09043564
-318.08751008
-318.08413161
-318.08112420
-318.07737948
-318.07447782
-318.07253598
-318.07078446
-318.06685162
-318.06493225
-318.06261269
-318.05744319
-318.05572628
-318.05165236
-318.04578948
-318.04440534
-318.04151991
-318.03833369
-318.03696099
-318.03468558
-318.03356577
-318.03017305
-318.02845398
-318.02533407
-318.02489880
-318.02078353
-318.01985378
-318.01675412
-318.01221280
-318.00593592
-318.00375944
-317.99978680
-317.99469178
-317.99367471
-317.98816434
-317.98506691
-317.97878662
-317.97641454
-317.97429431
-317.96727687
-317.96209200
-317.95898120
-317.95512814
-317.95401340
-317.95254815
-317.95005466
-317.94523296
-317.94447424
-317.94196065
-317.93758869
-317.93445373
-317.92815019
-317.92763425
-317.92340385
-317.91695420
-317.91223057
-317.90842106
-317.90633704
-317.89635291
-317.89499729
-317.89253208
-317.88647898
-317.88361718
-317.88302561
-317.87904330
-317.87317232
-317.87026262
-317.86900765
-317.86684413
-317.86162029
-317.86025205
-317.85232248
-317.84698715
-317.84527500
-317.84319547
-317.84036632
-317.83549666
-317.83275667
-317.82730374
-317.82203420
-317.82073369
-317.81948771
-317.81876457
-317.81370913
-317.81151798
-317.80843673
-317.80686009
-317.79809630
-317.79625386
-317.79501945
-317.78977211
-317.78898957
-317.78059883
-317.77988631
-317.77833687
-317.77529835
-317.76951583
-317.76841572
-317.76417036
-317.75542164
-317.75377217
-317.74742852
-317.74668373
-317.74543790
-317.74283749
-317.74028792
-317.73684048
-317.73333063
-317.72647134
-317.72270809
-317.71893001
-317.71555512
-317.71215157
-317.70893659
-317.70685190
-317.70097193
-317.69702859
-317.69541033
-317.69149434
-317.69099405
-317.68664868
-317.68467534
-317.68139657
-317.67705163
-317.67392537
-317.66646146
-317.66021989
-317.65508113
-317.65457573
-317.65355994
-317.64776663
-317.64594063
-317.64453900
-317.63873792
-317.63864732
-317.63580370
-317.63270134
-317.63143011
-317.62936967
-317.62877589
-317.62352361
-317.61491627
-317.61319974
-317.60967413
-317.60487206
-317.60371555
-317.59976123
-317.59644086
-317.59250390
-317.59133732
-317.59117158
-317.58900235
-317.58711249
-317.58426399
-317.58191521
-317.57478197
-317.57315702
-317.57069578
-317.56798612
-317.56066989
-317.55884515
-317.55785981
-317.55393047
-317.54871746
-317.54292055
-317.53955012
-317.53880636
-317.53514620
-317.53388813
-317.53044195
-317.52313614
-317.52163477
-317.51967322
-317.51692680
-317.51280532
-317.51042523
-317.50109131
-317.49845923
-317.48732488
-317.48462293
-317.48130797
-317.47970242
-317.47160781
-317.46786948
-317.46667325
-317.46184344
-317.45618713
-317.45254732
-317.44439564
-317.44125747
-317.44061507
-317.43786165
-317.43498409
-317.42929154
-317.42237512
-317.41437406
-317.40979099
-317.40461152
-317.39774340
-317.39356650
-317.39138069
-317.38198080
-317.37745661
-317.37139685
-317.36975740
-317.36840451
-317.36670500
-317.35695337
-317.35315031
-317.34867431
-317.34795453
-317.34075496
-317.33783736
-317.32815647
-317.32381409
-317.31725643
-317.31597871
-317.30383150
-317.30151867
-317.29826580
-317.29686007
-317.28788763
-317.28753980
-317.28444959
-317.28048148
-317.27745135
-317.26448462
-317.26161145
-317.25934832
-317.25873091
-317.25139331
-317.23949375
-317.23832616
-317.21617020
-317.21224147
-317.21093215
-317.20630112
-317.20135683
-317.19686734
-317.19477776
-317.19015035
-317.18709059
-317.18514742
-317.16998439
-317.15208623
-317.14150741
-317.13526334
-317.12698678
-317.12290365
-317.11346519
-317.11034912
-317.10228599
-317.09726747
-317.09501095
-317.07281810
-317.06188449
-317.05738902
-317.05044992
-317.04332063
-317.01499140
-316.99700181
-316.98131682
-316.96831037
-316.96390802
-316.95404988
-316.95313098
-316.94920600
-316.94377594
-316.94027512
-316.93567679
-316.92964967
-316.92129316
-316.91497707
-316.88533139
-316.86966103
-316.86116371
-316.83887495
-316.82668751
-316.81495135
-316.80868928
-316.80020922
-316.76696226
-316.73002063
-316.71215239
-316.69577828
-316.68153920
-316.59317456
-316.54605292
-316.53160798
-316.42563238
-310.96389437
-310.91475814
-310.86225589
-310.85487069
-310.82623030
-310.81959015
-310.79087826
-310.75091225
-310.74745349
-310.74205551
-310.71367503
-310.71061261
-310.70469500
-310.70185849
-310.69170300
-310.68778868
-310.68324864
-310.67895248
-310.67622692
-310.67431718
-310.67255951
-310.66626126
-310.66184331
-310.65556689
-310.65119846
-310.64753960
-310.64269338
-310.64217668
-310.63872107
-310.63622462
-310.63289455
-310.62830305
-310.62585727
-310.62308183
-310.62215605
-310.61402857
-310.61258709
-310.60853486
-310.60588692
-310.60292933
-310.59843100
-310.59673620
-310.59144344
-310.59076055
-310.59028870
-310.58953831
-310.58387695
-310.58271127
-310.58206314
-310.57985790
-310.57507255
-310.57487194
-310.57278378
-310.56263591
-310.55880437
-310.55794667
-310.55741143
-310.55385010
-310.55042194
-310.54801992
-310.54602355
-310.54573426
-310.54398291
-310.54294049
-310.54035391
-310.53869991
-310.53593536
-310.53521671
-310.53350429
-310.53106125
-310.52689750
-310.52400560
-310.52353194
-310.52291744
-310.51679707
-310.51593627
-310.50475614
-310.50433605
-310.50073974
-310.50032858
-310.49876711
-310.49376671
-310.49130896
-310.48798094
-310.48589069
-310.48443016
-310.48337948
-310.47375733
-310.47016077
-310.46595708
-310.46544715
-310.46244905
-310.45805977
-310.44832400
-310.44728704
-310.43991872
-310.43558504
-310.42952713
-310.42929101
-310.42818524
-310.42667263
-310.42113825
-310.41712597
-310.41362414
-310.41237669
-310.41123289
-310.40856821
-310.40758825
-310.40606268
-310.40175759
-310.39633021
-310.39204245
-310.39006424
-310.38486441
-310.38226199
-310.37664497
-310.37409495
-310.37332098
-310.37235327
-310.37158341
-310.36994952
-310.36708325
-310.35534437
-310.35328053
-310.35311581
-310.35117896
-310.35040791
-310.34045668
-310.33595348
-310.33510224
-310.32395823
-310.32318161
-310.32265946
-310.32200419
-310.32048933
-310.32023273
-310.31458554
-310.31304430
-310.31216498
-310.30398743
-310.30177216
-310.28960386
-310.28783246
-310.28702063
-310.28350998
-310.27927477
-310.27637520
-310.27250185
-310.27234276
-310.26311507
-310.26260182
-310.26093863
-310.25605664
-310.25200860
-310.25120790
-310.24160761
-310.23899644
-310.23592524
-310.23471243
-310.23108982
-310.22431509
-310.22152872
-310.21931961
-310.21224076
-310.21106558
-310.20944405
-310.20875781
-310.20759083
-310.20671239
-310.20239033
-310.19516193
-310.19188229
-310.18745678
-310.18657632
-310.17684562
-310.17641489
-310.17403905
-310.16903174
-310.16473907
-310.16343487
-310.15898538
-310.15811090
-310.15361446
-310.15049884
-310.14631452
-310.13294572
-310.13149882
-310.12399612
-310.12268223
-310.12227355
-310.11191415
-310.11165805
-310.10701059
-310.10371339
-310.09692302
-310.09351507
-310.09100106
-310.08822896
-310.08377875
-310.07754095
-310.07376166
-310.07157861
-310.06665330
-310.06192785
-310.06073046
-310.05732531
-310.05094728
-310.04836549
-310.04311210
-310.04179800
-310.04050927
-310.03802983
-310.03360639
-310.03235619
-310.03216091
-310.02487582
-310.01814978
-310.01267540
-310.00770694
-310.00573815
-310.00157009
-309.99477688
-309.99260862
-309.97608202
-309.97473495
-309.97348117
-309.96503031
-309.96151820
-309.95258414
-309.95146289
-309.94865222
-309.93532415
-309.92866974
-309.92760669
-309.92094781
-309.91878944
-309.91314436
-309.90568508
-309.89657003
-309.89640853
-309.89598156
-309.88115989
-309.88051850
-309.86934779
-309.85598869
-309.85103932
-309.84304043
-309.83876734
-309.83721525
-309.82933343
-309.81580384
-309.81505782
-309.81352973
-309.79965871
-309.79436709
-309.79006278
-309.78315528
-309.77756524
-309.77259590
-309.77010634
-309.76595559
-309.74883435
-309.74165049
-309.72933344
-309.71372053
-309.70162291
-309.70075258
-309.69879449
-309.69053340
-309.66776722
-309.65802854
-309.65706892
-309.65031862
-309.62929538
-309.62273825
-309.61573794
-309.60943106
-309.59991182
-309.59464864
-309.58994913
-309.58786849
-309.57738642
-309.57533194
-309.55654895
-309.55364121
-309.55080278
-309.54705883
-309.54410860
-309.53651558
-309.53060356
-309.52291709
-309.51223788
-309.49708600
-309.49406348
-309.48772587
-309.48266147
-309.47672594
-309.47315292
-309.45965658
-309.44605989
-309.44368192
-309.44270725
-309.43253608
-309.41691678
-309.40451055
-309.40315990
-309.39983531
-309.39757952
-309.38851183
-309.38609407
-309.37340895
-309.37245112
-309.34559611
-309.34488113
-309.33533708
-309.32804614
-309.32602969
-309.32341149
-309.30567149
-309.30250595
-309.30102422
-309.29459067
-309.28686105
-309.28612292
-309.27248559
-309.24988472
-309.24782752
-309.24145998
-309.22685151
-309.22302840
-309.21174744
-309.20407558
-309.18571446
-309.18367681
-309.18246034
-309.17617076
-309.15709835
-309.15407745
-309.14621576
-309.12358843
-309.12343216
-309.10016588
-309.09984943
-309.08816682
-309.08350704
-309.08113594
-309.05155097
-309.04874778
-309.04785999
-309.03680896
-309.01698535
-309.00421824
-308.99624693
-308.99512619
-308.98606343
-308.98279946
-308.97072987
-308.96290612
-308.96077534
-308.94952341
-308.94117121
-308.93828749
-308.92439000
-308.91969991
-308.90501398
-308.89955613
-308.89555114
-308.89270255
-308.89154450
-308.88194789
-308.87586257
-308.87239450
-308.86938757
-308.85321943
-308.85184720
-308.84106812
-308.83099000
-308.81528360
-308.81489320
-308.80178192
-308.79906207
-308.77693023
-308.76419645
-308.74644405
-308.74253008
-308.73797294
-308.73759128
-308.71555711
-308.70443525
-308.70286671
-308.68669053
-308.67554000
-308.67082531
-308.66684605
-308.66457675
-308.64220588
-308.63532270
-308.63040311
-308.62162403
-308.59638200
-308.57766474
-308.57531884
-308.57372726
-308.56955989
-308.56940578
-308.55050968
-308.54611559
-308.54065296
-308.53446765
-308.52459421
-308.51688145
-308.49728092
-308.49422658
-308.49334101
-308.47855386
-308.46757336
-308.45902574
-308.45891432
-308.44192315
-308.43122902
-308.41566969
-308.41335148
-308.40294441
-308.39676475
-308.39528043
-308.38532577
-308.38073266
-308.37386926
-308.36684206
-308.35893183
-308.35833686
-308.33477155
-308.32808842
-308.31558501
-308.30373100
-308.30034690
-308.29389443
-308.28789851
-308.27599936
-308.26964319
-308.25172427
-308.23614920
-308.22350832
-308.21625610
-308.21091428
-308.19683192
-308.18788689
-308.16583068
-308.16308451
-308.14642652
-308.12694154
-308.11395076
-308.11326143
-308.09733544
-308.09687126
-308.07802646
-308.07339648
-308.05317281
-308.04118201
-308.01922812
-308.01145918
-307.96822593
-307.95886157
-307.94821633
-307.93799767
-307.91831889
-307.90583600
-307.89114807
-307.88899570
-307.86378439
-307.86129372
-307.85723085
-307.85258509
-307.82293509
-307.80138708
-307.79028069
-307.77067704
-307.75658477
-307.72236688
-307.70403804
-307.67769684
-307.67434114
-307.64562088
-307.62450410
-307.58887294
-307.57908126
-307.54119333
-307.51867815
-307.49774838
-307.42254156
-307.40707766
-307.38153302
-307.33017556
-307.30750739
-307.30604318
-307.26877611
-307.21666180
-307.16161599
-307.14150996
-307.12569683
-307.12028638
-307.08930865
-307.07982893
-307.07444166
-307.04851293
-307.03290796
-307.01173717
-306.99760778
-306.99635588
-306.98676352
-306.98545879
-306.98536031
-306.94096870
-306.93502710
-306.91825578
-306.91352996
-306.89311434
-306.88834356
-306.88138724
-306.87088802
-306.85214273
-306.84638007
-306.84143048
-306.79132815
-306.73320728
-306.71886384
-306.68744757
-306.60079169
-306.58746903
-306.51356112
-306.51039414
-306.50570914
-306.49523332
-306.43948291
-306.38527219
-306.31518364
-306.30898546
-306.28640981
-306.27887667
-306.25615671
-306.24672562
-306.23931742
-306.23216734
-306.22649443
-306.20693687
-306.19501202
-306.19188272
-306.18162551
-306.17725819
-306.15635587
-306.15320162
-306.14676447
-306.14433764
-306.13758349
-306.13287483
-306.12748126
-306.11110296
-306.10137603
-306.09620848
-306.08703044
-306.06228626
-306.05055490
-306.03844883
-306.03214880
-306.02091753
-306.01406023
-306.00484304
-306.00342803
-305.99948793
-305.98274080
-305.97679161
-305.96415826
-305.95801795
-305.94274466
-305.92892905
-305.92677300
-305.92192761
-305.90145060
-305.89781744
-305.89486761
-305.88304991
-305.87423220
-305.85638544
-305.85030170
-305.83324114
-305.83256267
-305.80916124
-305.78804487
-305.78312639
-305.76601863
-305.75564213
-305.75299213
-305.73061367
-305.70510889
-305.69837539
-305.69380981
-305.68388999
-305.67214946
-305.66293392
-305.64481676
-305.63669656
-305.62533421
-305.60942765
-305.59435700
-305.57006586
-305.55771584
-305.54509453
-305.53354453
-305.51565927
-305.50823175
-305.48542885
-305.48315584
-305.47139018
-305.44270972
-305.43350222
-305.40024431
-305.37909851
-305.36147528
-305.34292876
-305.30675307
-305.27996817
-305.27520998
-305.22349178
-305.20684502
-305.20168520
-305.17478959
-305.15147061
-305.10531240
-305.07415347
-305.06281069
-305.04359772
-304.99617532
-304.98765959
-304.95793459
-304.94308780
-304.92265060
-304.90526060
-304.88094428
-304.85307905
-304.79987029
-304.78398093
-304.77273390
-304.76625942
-304.73811730
-304.71801045
-304.69059641
-304.66436352
-304.61230931
-304.59266149
-304.56817110
-304.56170982
-304.52107097
-304.49929559
-304.49095657
-304.47543352
-304.46352695
-304.43121127
-304.39348887
-304.38675992
-304.36426854
-304.34174599
-304.31797923
-304.29549128
-304.27613410
-304.22773985
-304.21321522
-304.19511590
-304.14915245
-304.12151079
-304.11338744
-304.08107349
-304.03689610
-304.01053939
-303.99251685
-303.97407019
-303.94522758
-303.91290887
-303.87094002
-303.86269835
-303.83229820
-303.78556820
-303.76649902
-303.71493002
-303.66200429
-303.62908259
-303.61252964
-303.55746128
-303.51674466
-303.46703620
-303.43624050
-303.30586747
-303.29585411
-303.22559383
-303.19700050
-303.17146692
-303.14715525
-302.93756261
-302.79922962
-302.58094079
-302.56532529
-302.50319070
-302.47612271
-302.46246445
-302.44481378
-302.39603278
-302.32221673
-302.16881353
-302.06076885
-301.69154804
-301.64713579
-301.53678930
-301.51432810
-301.48831763
-301.48046915
-301.47981063
-301.47548271
-301.47255914
-301.46542426
-301.45536149
-301.45275142
-301.44564180
-301.44279181
-301.43575854
-301.43418340
-301.42885361
-301.42625743
-301.42318580
-301.42017910
-301.41591763
-301.41477883
-301.40722974
-301.39645047
-301.39464054
-301.38507825
-301.38100865
-301.38074644
-301.37710708
-301.36893553
-301.36847768
-301.36801894
-301.36511084
-301.36394586
-301.35905803
-301.35725603
-301.34981093
-301.34838417
-301.34475652
-301.34246940
-301.33840918
-301.33380909
-301.33158529
-301.33036434
-301.32643360
-301.32062430
-301.31832314
-301.31329527
-301.31268562
-301.30245433
-301.29490131
-301.29358309
-301.28694780
-301.28423312
-301.28340260
-301.28087395
-301.27343990
-301.26368102
-301.26207999
-301.25170117
-301.25160883
-301.24665790
-301.24655315
-301.23754860
-301.22929251
-301.22699411
-301.21395916
-301.21066569
-301.20849841
-301.20404107
-301.20170338
-301.19608377
-301.18614095
-301.18283167
-301.16650603
-301.16218067
-301.16028000
-301.15407125
-301.15284349
-301.14577147
-301.13752748
-301.13166041
-301.13108588
-301.12476260
-301.11604364
-301.11029504
-301.10505035
-301.09971237
-301.09615210
-301.09224875
-301.08674588
-301.07984677
-301.07569607
-301.07534100
-301.06781073
-301.06512193
-301.06125271
-301.05357355
-301.04391538
-301.04298924
-301.03963207
-301.03440922
-301.03356306
-301.02501567
-301.01943004
-301.01843228
