-230.488318089294381
-230.482116520738856
-230.465236784224913
-230.461396337672909
-230.447994445972881
-230.440613050785998
-230.439915738220037
-230.431416542414723
-230.426967623770764
-230.426874097410121
-230.420458557233360
-230.419328938818097
-230.414751802353578
-230.413733524947389
-230.404214792853907
-230.403192110295464
-230.401883766452130
-230.397618893591584
-230.397157661526762
-230.392463369138710
-230.378271253429119
-230.375654453437249
-230.374308049345188
-230.371192529283491
-230.369968305806850
-230.365859560851391
-230.362905650891832
-230.361550406755100
-230.358154372264806
-230.356282156387834
-230.354715572223881
-230.352954444647224
-230.352698978772821
-230.346132025548627
-230.345614711378261
-230.342402616714111
-230.341774745540562
-230.340297658832668
-230.339586835234712
-230.337462884816858
-230.336692144997784
-230.336222160767903
-230.335099193084716
-230.329105000297488
-230.325546253979951
-230.323688490273298
-230.321918134366484
-230.321154285520663
-230.319637200804294
-230.317111270189372
-230.316820089959009
-230.311119086431887
-230.308966321019227
-230.307533965201088
-230.305611643234386
-230.304746560484574
-230.302170997168872
-230.301534374265827
-230.300160906910406
-230.298885533864507
-230.297595908159224
-230.295167456969466
-230.293490934661435
-230.291735381372462
-230.290006016658509
-230.288063254437844
-230.287565214167159
-230.284962041072731
-230.282031111142715
-230.275246738075793
-230.270327094098462
-230.268487245429270
-230.265672827284476
-230.263050818541302
-230.259179870259828
-230.257201523324738
-230.255903678100054
-230.253954159571293
-230.251911741044268
-230.250434036768411
-230.249658703058373
-230.247352631008141
-230.244042729062755
-230.243371920771324
-230.240999195198299
-230.239581506361361
-230.238746038080933
-230.237846963492643
-230.236019662603837
-230.235493521479043
-230.233802553541352
-230.232013099052182
-230.231275554758895
-230.230931871732622
-230.229231795016005
-230.229029509748926
-230.226640179238501
-230.225643141552098
-230.223712081468705
-230.222054705798172
-230.221632819586347
-230.220801960418328
-230.219804761191824
-230.218493135200987
-230.217999742786049
-230.217737270615345
-230.216514441753077
-230.215610457602025
-230.213787508613336
-230.213612335340002
-230.211572655837273
-230.210854182544409
-230.209364940950991
-230.208555451239249
-230.207924097612818
-230.207483617966574
-230.203883135192996
-230.203343182804872
-230.202507090197969
-230.200099744652107
-230.199100888144585
-230.198038946456109
-230.197638746188062
-230.196624915844012
-230.193972319573334
-230.193653871673206
-230.193420062992061
-230.192125465210438
-230.191623404835724
-230.190264564288753
-230.189930004064792
-230.189427706933486
-230.188861564245286
-230.187295674955720
-230.187049835439552
-230.186007722726174
-230.184182334945092
-230.184042940560715
-230.182523522084495
-230.182284102796444
-230.181406395238980
-230.179916555240140
-230.179457617659750
-230.178932315080431
-230.178042105372498
-230.177373813689456
-230.175996853127913
-230.175403818530782
-230.174856042377399
-230.173775449197535
-230.173237011370730
-230.170549846346972
-230.169799651893754
-230.167920280139839
-230.167466513234842
-230.166645284988846
-230.165787784542260
-230.164428286691191
-230.162619097887529
-230.160413431808990
-230.159605676650074
-230.158681982800800
-230.157673113130357
-230.156189893019331
-230.155985772336834
-230.155295843216635
-230.154450382299530
-230.153435590516807
-230.152851531578193
-230.152280808770001
-230.151583394187071
-230.151242991177440
-230.150475238044379
-230.147893557317190
-230.146955618412335
-230.146352505488977
-230.145877926994842
-230.145222255368566
-230.144443855658750
-230.143701093511083
-230.141611394264999
-230.140716991283057
-230.139543040380005
-230.136290715632299
-230.135755872622383
-230.135200701437526
-230.133295180171729
-230.131802425818677
-230.129116542698569
-230.127895044209652
-230.127073341881953
-230.126037939060126
-230.125020696283116
-230.123736557612347
-230.123469768512336
-230.121474150703165
-230.120479540305212
-230.119171119518427
-230.118147307438733
-230.117356980716465
-230.117044032529151
-230.115665891292849
-230.114339542495003
-230.113436571636839
-230.112285102987244
-230.111825526548898
-230.111196597944371
-230.110443140516054
-230.109277472283537
-230.108855638988132
-230.107347727019743
-230.107264732484111
-230.106521861026550
-230.106178604074699
-230.105583019642324
-230.104197285341030
-230.103778752607212
-230.102585488586215
-230.102384437252226
-230.101621743858146
-230.098021302429572
-230.096798573760225
-230.096396374401991
-230.096232598963041
-230.094996144430041
-230.094108601534145
-230.092622531753591
-230.092160028377265
-230.091443795929251
-230.090465321315946
-230.089872945906734
-230.088958038580643
-230.088067136119463
-230.087230643777843
-230.086633451562477
-230.085942856755707
-230.085488903297403
-230.084623730143335
-230.083993961325234
-230.083560638076875
-230.082428877583510
-230.080901759683115
-230.080337697632274
-230.080130184851271
-230.078140663812576
-230.077296416859099
-230.076588245473602
-230.075622067983090
-230.075122666201906
-230.074588193604995
-230.072926410682811
-230.072264768327386
-230.070513766598935
-230.069910920834729
-230.069119619635529
-230.068202099371518
-230.066896738264205
-230.066559346654259
-230.065081674257925
-230.064546259568573
-230.062859429748926
-230.062634731903330
-230.062094807205028
-230.061464720881389
-230.061215922436105
-230.060319054480743
-230.060141764244264
-230.058905464642976
-230.058223372555318
-230.057617627097216
-230.057207234951903
-230.056894947753420
-230.056177365923759
-230.055615287902555
-230.055352097203780
-230.054237970779667
-230.053690134117971
-230.053176122483791
-230.052323620122081
-230.051825065037747
-230.051378613710227
-230.050804108295608
-230.050182529642171
-230.048989941317757
-230.048103220077792
-230.047751195207667
-230.047165370543809
-230.046426727559094
-230.045682140459348
-230.044839091019639
-230.043787446668262
-230.043062099719577
-230.041287742853910
-230.040847602556312
-230.040310625766580
-230.039426983001533
-230.038240450327720
-230.037171436253402
-230.036906537803674
-230.036118998278397
-230.035808360777111
-230.034855560106053
-230.034693508032944
-230.031974021429789
-230.031305249344712
-230.030524608224425
-230.030177381296227
-230.029255222338634
-230.028198008874085
-230.027423394595928
-230.027073691921544
-230.026587454965380
-230.025444662300998
-230.025327494506200
-230.023660802579684
-230.023463307256549
-230.021919897017142
-230.021749995186667
-230.020962374001215
-230.019810727404945
-230.019062643896490
-230.018836644750877
-230.018189872669836
-230.017164205424194
-230.016156342023379
-230.014967773158958
-230.013681707513115
-230.012859233575540
-230.011349633754776
-230.010692183308777
-230.010514419009695
-230.009019116820440
-230.008486520664093
-230.007057018865481
-230.006024009302649
-230.004021169242037
-230.003635336550076
-230.002363581688684
-230.001774934163194
-230.000389738516787
-229.999981193442153
-229.999469399775620
-229.996180675240225
-229.995130382277921
-229.994384582815968
-229.993694620046199
-229.993200921946396
-229.992919531611960
-229.991733057489341
-229.990963169683624
-229.990706463548378
-229.990465267373565
-229.989811946187245
-229.988620592448427
-229.988099930410272
-229.986767103765459
-229.986155722867267
-229.985446544164802
-229.984730321114426
-229.982906835618195
-229.982605411955859
-229.981394848578475
-229.980646576007871
-229.980039334750074
-229.979055154754946
-229.978923027091099
-229.977103784312163
-229.976243550793441
-229.975437736370964
-229.973517217988444
-229.972661430721331
-229.971948111845109
-229.970772128802935
-229.970365616273426
-229.970234370747221
-229.969512305145457
-229.969052492379888
-229.968280752002443
-229.966717341354467
-229.965812556569688
-229.965061590824121
-229.964180431234013
-229.963051494594140
-229.962442529883930
-229.961837709949151
-229.961406205965801
-229.959867817044540
-229.958822877750919
-229.957541558550787
-229.955853742535481
-229.954810995369485
-229.954253208703989
-229.953016082485931
-229.951458118007452
-229.950446555150791
-229.949715888774676
-229.949482424159328
-229.948873183334939
-229.948487154636325
-229.948162501384047
-229.947226270838541
-229.946909103154326
-229.945477471100986
-229.945147676167750
-229.944235317000619
-229.943883177594586
-229.943521677375060
-229.943358848608852
-229.942618661227215
-229.942040064690360
-229.940956769705650
-229.940301852328787
-229.939382054703685
-229.936677203426456
-229.935871606276521
-229.935262630901462
-229.933601664976976
-229.932712844763216
-229.931930422830646
-229.931587213134975
-229.930293524353630
-229.929908769766229
-229.929258139356307
-229.927615341560397
-229.927138267649497
-229.926693508350326
-229.925876511424832
-229.925688616136682
-229.924703832223287
-229.924359667323074
-229.923602571183864
-229.922422332636927
-229.922350538001638
-229.921484370655946
-229.920691475806137
-229.919843230875216
-229.919573868890723
-229.918193144495604
-229.917584406773017
-229.916884546436194
-229.916198668101032
-229.915631008940863
-229.915138922504667
-229.913999115301749
-229.913465447265679
-229.912664406109030
-229.911545565353492
-229.910837304338628
-229.909375774502422
-229.908821623593354
-229.907848964483804
-229.907383141320338
-229.906879150478517
-229.905843847489649
-229.904593121297864
-229.904141107065698
-229.903721297129209
-229.902965623265459
-229.901909879860796
-229.901292857663066
-229.900597859827485
-229.899305449232287
-229.898697845238843
-229.897358493400020
-229.896434523210843
-229.895826878463566
-229.894256345160159
-229.893947392354534
-229.893127060792523
-229.891794524738572
-229.891006576029042
-229.890556419551530
-229.889996063989685
-229.889694759401607
-229.888526475206419
-229.887308378676096
-229.886487728359185
-229.885136944484657
-229.884647079286879
-229.883391356140379
-229.882575479338215
-229.881116418524641
-229.880756242007976
-229.879482867189779
-229.878977638444894
-229.878221930585255
-229.878002969285092
-229.877198348850698
-229.875412019198279
-229.874787575230414
-229.874099391754299
-229.873413803515689
-229.872395460649898
-229.871685836868465
-229.870073756374353
-229.869363011399287
-229.868365083101423
-229.867280339062290
-229.867104057012938
-229.866559323513314
-229.865900002015621
-229.865277256959871
-229.864965793883613
-229.864587215965742
-229.863853018606278
-229.863019555699481
-229.862372426377419
-229.862094727282738
-229.861568200005649
-229.859939490747905
-229.859522633733548
-229.859060534807526
-229.858392753577192
-229.857289000478772
-229.856778406201414
-229.856429108638821
-229.856078311630000
-229.855419904430107
-229.855205826869536
-229.854353637999566
-229.853698862234893
-229.852700699539014
-229.852651190235491
-229.851742382216997
-229.851202489638894
-229.850542157896683
-229.850132626884516
-229.849976122010389
-229.849546831615640
-229.848813162846341
-229.847919264802556
-229.847693438587555
-229.846760571851064
-229.846492769134841
-229.845463312793726
-229.844704026538494
-229.844423389474969
-229.843050560228676
-229.842547727423266
-229.842050045084449
-229.841408709461319
-229.840868477494752
-229.840268955998908
-229.839181555054438
-229.837760597509003
-229.836555552495327
-229.836185290817070
-229.835738069583272
-229.835606336216415
-229.835119806229557
-229.834423039730581
-229.833563945655754
-229.833215906122376
-229.832428705074705
-229.831698495577825
-229.830309054790831
-229.829924694020661
-229.829607719614188
-229.828080117607499
-229.827254958635280
-229.826624277657686
-229.826230222673303
-229.825221888223183
-229.825020206583332
-229.824016636552074
-229.823471734982405
-229.822944918998786
-229.821429778543148
-229.821340039545788
-229.820348376470321
-229.819578401320683
-229.818114272518073
-229.817852451524516
-229.816973353655982
-229.815219402484644
-229.814415930099585
-229.813140880092988
-229.811921088598240
-229.811760711783251
-229.811054737229227
-229.810658209643947
-229.809601530682215
-229.808879487623585
-229.808161705020552
-229.807612866399325
-229.806860615093512
-229.806271511361871
-229.805443240046316
-229.804476096936838
-229.803605203184645
-229.803127432285635
-229.801983627528500
-229.801572066866100
-229.800590383373020
-229.799174005121301
-229.798254789814109
-229.797319963226727
-229.796320015241605
-229.795950978444807
-229.794100939479591
-229.793451122374648
-229.792720314596323
-229.791416890696155
-229.790550621010794
-229.789869651002363
-229.788777062729793
-229.787315305816321
-229.786936139779300
-229.785377494950296
-229.784347657961916
-229.783497287667643
-229.782379417367224
-229.781308211544058
-229.780397493494291
-229.780141286691048
-229.779247756104155
-229.778321883032049
-229.777816180041100
-229.776696978952032
-229.775343069002247
-229.774234634688526
-229.773289820966596
-229.771565018671339
-229.770461616637505
-229.770000121613350
-229.769052266413638
-229.767196908762088
-229.766964199735952
-229.765990575242142
-229.763823030343076
-229.763706750888019
-229.762232775591059
-229.761248079396580
-229.760445803044689
-229.758370591577204
-229.757721874317838
-229.756427464545681
-229.755788101114661
-229.755224642373634
-229.753900775342117
-229.753106896166912
-229.752747860644178
-229.752578012947623
-229.751313952648900
-229.750035121775312
-229.749625295536617
-229.748529192872553
-229.748208018583767
-229.747388829300832
-229.746894668728089
-229.746396958629731
-229.745747587735821
-229.744685615498298
-229.743931325833557
-229.743157328980402
-229.742839765389817
-229.742646114468926
-229.741714569186541
-229.741056683824866
-229.740811845192070
-229.739979479611122
-229.738816885256654
-229.738496248592469
-229.737748339702051
-229.737162112777895
-229.736549655102039
-229.735777764132592
-229.735527477546583
-229.734416227633233
-229.734267129817169
-229.733781506422019
-229.733187205468823
-229.732327653417514
-229.731997609738698
-229.731400265897946
-229.730797224014196
-229.729849676969792
-229.729428009887897
-229.728900762990264
-229.728409339768376
-229.728167956661366
-229.727220304977266
-229.727129372872611
-229.726746483427775
-229.725797974766607
-229.725481614499529
-229.725220987794415
-229.724204871337804
-229.723649529591910
-229.722482815807382
-229.722152894495679
-229.721009483750294
-229.720583133102991
-229.719543301981588
-229.719357726807175
-229.718402662332863
-229.717916057387328
-229.716641437547764
-229.716405767436015
-229.715965872294362
-229.715723735938582
-229.714994120281062
-229.714605471438432
-229.714076516588733
-229.713212263041072
-229.712563402316192
-229.711359380205892
-229.711125694463988
-229.710749573269396
-229.709169989685336
-229.708139271541597
-229.707663232485714
-229.706981793472067
-229.706044049999662
-229.704502900047117
-229.704043715433414
-229.703304839405718
-229.702860111653735
-229.701435595494075
-229.700771492996807
-229.700235544773875
-229.699015213897752
-229.698448100489600
-229.697330063951767
-229.696895237289425
-229.696362098502874
-229.695449226186014
-229.694924686754774
-229.693937325580805
-229.693130590159740
-229.692991641233164
-229.691964000837373
-229.691469349313991
-229.690298528234024
-229.689578961486774
-229.688788157210951
-229.688296203032763
-229.687465145018791
-229.687161831789666
-229.686911902325079
-229.686420163048950
-229.685486890611912
-229.684848249916229
-229.684678323065583
-229.683442217429757
-229.682698421301779
-229.682113860119358
-229.681615663784129
-229.680891472550400
-229.680499894618038
-229.679000293965913
-229.678260040201508
-229.677800601318779
-229.677329534917220
-229.676658600034301
-229.675769254109554
-229.675456677605638
-229.674163182505112
-229.673403602623864
-229.673073388462427
-229.672593940499780
-229.671375253190917
-229.670709539335803
-229.669681712464524
-229.669023845346658
-229.668389486595544
-229.667678429593224
-229.666410375680414
-229.665762600953627
-229.664752018367437
-229.664045355456665
-229.663381664091162
-229.663042933162501
-229.662407030273187
-229.661409691973546
-229.661270864194250
-229.660109450362057
-229.659842537271771
-229.659719807227390
-229.659007450113080
-229.658442000553777
-229.657889763678753
-229.657409233615027
-229.657166393849394
-229.656314319640785
-229.655973995198224
-229.655411283366618
-229.655297360131698
-229.653785083093481
-229.652688050156883
-229.651525032195480
-229.651350499436660
-229.650672096946607
-229.650157944969493
-229.649862651728711
-229.649329798524718
-229.648680753809799
-229.648145331687260
-229.647500050212273
-229.646294432164012
-229.645802993935092
-229.645366159098046
-229.644639106455145
-229.644357067892457
-229.642985273233109
-229.642107019356871
-229.641330869950707
-229.641194311074258
-229.640367156307207
-229.640113541002137
-229.639451424790224
-229.638208631661684
-229.637489223428616
-229.636488981275278
-229.635844688596052
-229.635388146968552
-229.634933944303725
-229.633349092547519
-229.632772708749854
-229.632170339817577
-229.631714508208944
-229.630018093148522
-229.629584101319153
-229.629051333193104
-229.627955639470656
-229.627018719615108
-229.625890533322206
-229.625590732051734
-229.625091673843713
-229.624697736046699
-229.623583246625174
-229.623261439742237
-229.621862077607602
-229.621255738798425
-229.620511290963861
-229.620058306284932
-229.619545459673958
-229.618956724478636
-229.618699260573834
-229.617827105385231
-229.617518145993955
-229.616413715535629
-229.616146409474425
-229.615922969006448
-229.614589954567833
-229.614225453121264
-229.613802058761053
-229.613214303050711
-229.612440148386469
-229.611396538609114
-229.610836424671675
-229.610498895645179
-229.609605812511347
-229.609535943150519
-229.609137351340564
-229.608278897717611
-229.608102371667655
-229.607776599110309
-229.606969821636426
-229.606207462291763
-229.605300472424460
-229.604520371374207
-229.602504804464331
-229.602324042704623
-229.602066588405876
-229.601631301588611
-229.600581396193689
-229.599734797999702
-229.599036444358205
-229.598229990425921
-229.597032416502316
-229.596332586852185
-229.596174471369295
-229.595280650094821
-229.593645044907703
-229.592484004574118
-229.592362476963530
-229.591843609207899
-229.591451373181002
-229.589782460558922
-229.589216878202677
-229.588981337726182
-229.588322945323370
-229.587571006391414
-229.586667718204836
-229.586104486136122
-229.585419431613246
-229.583872081414114
-229.583668499907901
-229.582808640434195
-229.581880192480611
-229.581369771297631
-229.580287188771905
-229.579330141527379
-229.579188591264540
-229.577846779845942
-229.576720357987995
-229.575590946297922
-229.575168228916169
-229.574542552557631
-229.573376454524009
-229.572935379277880
-229.571263919639591
-229.570941188932153
-229.570768530955718
-229.569732706132754
-229.568952870501903
-229.567079637903390
-229.565951133966166
-229.565488138062562
-229.564174933115652
-229.563776299399620
-229.561915012301142
-229.560622132905024
-229.559835228593755
-229.559330771011446
-229.558570784035368
-229.558210130630613
-229.557324925602842
-229.556185766924273
-229.554153066972276
-229.553129273569112
-229.552323101767030
-229.551809099508858
-229.551593676649219
-229.551020341935498
-229.549565539246146
-229.548772240975950
-229.547713637906554
-229.547324700167962
-229.546831822906881
-229.546200597702750
-229.545817053155872
-229.544925569592294
-229.544286085765322
-229.543627379514447
-229.543057901048968
-229.542409024530343
-229.540844738376222
-229.540084864655370
-229.539669815058545
-229.539341531406080
-229.538846464716187
-229.538348110709137
-229.537621965818516
-229.536866470390862
-229.536341312655878
-229.536104698429909
-229.534916028115362
-229.534732591760530
-229.533663552943381
-229.533025927329305
-229.532613147512023
-229.532076220548788
-229.531650161631461
-229.531251367652061
-229.529778992469971
-229.529482458989094
-229.528434798251681
-229.527461504097971
-229.526683885722605
-229.525837247357316
-229.524928558064374
-229.524235607114548
-229.523632597416764
-229.523232998570876
-229.522379941303200
-229.521791818450168
-229.521287012618245
-229.520002825323331
-229.518917079894976
-229.518081792172637
-229.517690126872367
-229.516753885045176
-229.515706642693090
-229.514763958559769
-229.514579469047817
-229.513015367085870
-229.512297951447522
-229.512030384439896
-229.511534193232279
-229.510659630942826
-229.510069118436832
-229.510007726038111
-229.508905554353646
-229.508756540471609
-229.508399544020136
-229.507541583702931
-229.506318214258073
-229.505737640715267
-229.505446317688779
-229.504451436439467
-229.503378036359067
-229.503060295164261
-229.502601668592774
-229.501476711442024
-229.500708077577997
-229.500249667781475
-229.500048096417316
-229.499353213585152
-229.498715377471086
-229.498605417718522
-229.497646087083467
-229.497373181525660
-229.496799264926949
-229.495756602259462
-229.495406071176234
-229.494797363021888
-229.494290457945539
-229.493583951076062
-229.492513102513243
-229.492368775461415
-229.491737329010704
-229.491017194647924
-229.490479071751821
-229.490403344676196
-229.489285398293674
-229.488937655725067
-229.488236755929648
-229.487653591365728
-229.486846048601564
-229.484339073323497
-229.484183147212178
-229.483275080243203
-229.483091054040244
-229.481693529848656
-229.481021655080951
-229.480524850356119
-229.479846534305238
-229.479360086767031
-229.478870528521838
-229.478067257592272
-229.476526175934509
-229.475875325260432
-229.475552788648599
-229.475167499649473
-229.474160341297903
-229.473333556093706
-229.472718825559156
-229.472232027695867
-229.471934347648158
-229.471537197993797
-229.470588451823687
-229.469394796469146
-229.467829392196904
-229.467193206451583
-229.466592437254945
-229.466065257874192
-229.464960287511190
-229.464155574628506
-229.463299567575774
-229.462031419278105
-229.461724994047785
-229.460900177972604
-229.459330637811064
-229.458147710880553
-229.457342052804108
-229.457173620779429
-229.455539548754672
-229.454657996000179
-229.453327703151132
-229.452220455877523
-229.451930275211453
-229.450712784614836
-229.449895859615168
-229.448384016793341
-229.447791169357430
-229.446250399585182
-229.445775641285422
-229.444525297036677
-229.444118591467145
-229.440944201306223
-229.440163671133178
-229.440056606489577
-229.439738368874202
-229.438527689638022
-229.437165236865155
-229.436019369673829
-229.435423065437220
-229.434929914634722
-229.433198492938914
-229.432132823756035
-229.430200431853933
-229.428629161904041
-229.427993314179560
-229.427159695830426
-229.426524649542472
-229.425758274673825
-229.425223563153793
-229.424513634960903
-229.423663927064950
-229.422447695900274
-229.421082839324697
-229.420605338575086
-229.420153449963124
-229.418675173092453
-229.417774892227186
-229.417443386480329
-229.416639135129287
-229.416133121608425
-229.414997410676392
-229.413884575900369
-229.412939494203812
-229.412123558533750
-229.411356511190974
-229.410340963751111
-229.408805742267674
-229.408042175378313
-229.407155186758104
-229.406615357673132
-229.405946520220454
-229.405396880624153
-229.404075387083225
-229.403565638593648
-229.402222171089335
-229.401268951028044
-229.400248931795375
-229.399929338139970
-229.399043842902387
-229.398673831936662
-229.397816287464764
-229.397488400237791
-229.396428608025531
-229.396009770773759
-229.395416413709597
-229.394120026392812
-229.393237308609997
-229.392108949775235
-229.391526816959924
-229.391357349817781
-229.389854046015870
-229.389522037225532
-229.387390746292823
-229.387156918731250
-229.386276394146279
-229.385170678051963
-229.384465154578152
-229.382969959968392
-229.382303059128731
-229.381507207684905
-229.381158027467450
-229.380473577562555
-229.380071459130818
-229.378973139545053
-229.377520301651970
-229.377280248821762
-229.376830313474841
-229.376635565629243
-229.375256987592905
-229.374277426289723
-229.373247879155514
-229.372708161824363
-229.371671193882918
-229.371117771774607
-229.370172208398117
-229.369300897854828
-229.368538339688513
-229.367285807806724
-229.366311375335755
-229.365480532331219
-229.364484294640022
-229.363280098931284
-229.363247752740847
-229.361902028693805
-229.361394917298412
-229.359318301318638
-229.359157473035452
-229.358705249926686
-229.357092331860287
-229.356028450186187
-229.355671332491340
-229.355223571732608
-229.354452092984673
-229.353866490380000
-229.352231205218459
-229.351354963357693
-229.349202220915771
-229.348124141710741
-229.347068416597864
-229.346177959515018
-229.345192216550572
-229.343459456967366
-229.342540163298708
-229.341708183125462
-229.341330110330773
-229.340644385422365
-229.339456739516208
-229.338743742724432
-229.338149945538390
-229.336579626218537
-229.335977247115466
-229.335652692242491
-229.334319148198034
-229.333170085558237
-229.332765317417511
-229.331652502517130
-229.330495417763018
-229.329918176470386
-229.329176691367934
-229.326676058887301
-229.325931606193052
-229.325494858223550
-229.323735613378204
-229.322139952549264
-229.321751378923494
-229.321375171871324
-229.319628169405661
-229.318266372589733
-229.316580248240854
-229.316393332502543
-229.314934840056935
-229.314244828219017
-229.313631512939452
-229.312772315880153
-229.311556903010143
-229.311019513348128
-229.310462352090553
-229.308708730740051
-229.307099221767089
-229.306461286652961
-229.305897349326784
-229.304664363197986
-229.303455287514907
-229.302814998011769
-229.302236001546646
-229.301153006063487
-229.300876151017519
-229.299963757446307
-229.298885821105614
-229.297683338552503
-229.297285452717546
-229.297000519488563
-229.296039676544467
-229.294967295263660
-229.293423892894083
-229.291638995181245
-229.289605655240138
-229.289165491372046
-229.287906213862271
-229.286987562673914
-229.286027244053230
-229.283870128643144
-229.283624206726785
-229.282686022339675
-229.281375477063875
-229.281095667773371
-229.279415082963340
-229.278754561287030
-229.278485030728802
-229.277074248571097
-229.277008261722841
-229.275621895617718
-229.273506014378540
-229.272440005514056
-229.271293177660624
-229.270892625925171
-229.269531941890449
-229.267637556248701
-229.266498721718165
-229.264411296494728
-229.264266660827360
-229.262692457848232
-229.261726738074515
-229.260925625747547
-229.260390929830635
-229.257307031996021
-229.257181741272774
-229.254876694987644
-229.254519853648020
-229.252834822299178
-229.251279646574972
-229.248453066664894
-229.247919068694813
-229.247497468921267
-229.246948136471019
-229.244068877857245
-229.243182067707210
-229.242882922469988
-229.240133024924233
-229.238709182479937
-229.236898796130220
-229.236019582448989
-229.233236409475921
-229.232869824364144
-229.231970333957690
-229.230248578058337
-229.227468973690634
-229.226167252556991
-229.225624554406721
-229.223446212705369
-229.223065907921267
-229.220734987318139
-229.219365399592675
-229.217503886219959
-229.216035768460074
-229.213272659079450
-229.213047655611632
-229.212820546252800
-229.210573388143501
-229.209922787880600
-229.209181223976856
-229.207629015120631
-229.206933444122399
-229.205509377453751
-229.204094422179850
-229.202088660371118
-229.201106746977075
-229.199901514515744
-229.199557287030302
-229.198499458932872
-229.198217708235035
-229.196542184646688
-229.194446525287049
-229.193962491733714
-229.193247647893372
-229.191407999794677
-229.190113071525673
-229.188936930674117
-229.188620360106256
-229.187808765563318
-229.186264525746253
-229.183152052050787
-229.181875878020207
-229.180828525781010
-229.179355246803112
-229.178056027490612
-229.177965797947650
-229.177228657138016
-229.176773729912952
-229.174065832665519
-229.173722770745400
-229.172237239616720
-229.171214742100119
-229.168964188617394
-229.168426593361488
-229.167195436950493
-229.165498417248045
-229.165075376220614
-229.164011912005890
-229.161572134473943
-229.160831212135122
-229.159329813789469
-229.157635317889714
-229.156729240625026
-229.156046678500587
-229.154846424394208
-229.153355319366085
-229.152979634610546
-229.151828154356707
-229.148997260425432
-229.148137158062582
-229.147389066386836
-229.146383559063082
-229.144541744844929
-229.142759857631603
-229.141252347328162
-229.139858670846507
-229.138498873667118
-229.137793035142749
-229.136958088885137
-229.135934784213703
-229.134687290452945
-229.133452166195184
-229.131079006461903
-229.130339893804205
-229.129631961080122
-229.127929275815347
-229.126997679524948
-229.126148477638196
-229.124358131773420
-229.121690285740556
-229.120547409575124
-229.118898276517655
-229.118138712569305
-229.117502134278084
-229.115948937460217
-229.115252825979297
-229.114127053861210
-229.111460560141438
-229.111275514232403
-229.109333361901093
-229.107955438619484
-229.105809006017921
-229.104692267912753
-229.104028411544164
-229.102492194242188
-229.101019597684115
-229.099053195402405
-229.098355261924269
-229.094207829891104
-229.092976007498919
-229.092582586285005
-229.089463690077650
-229.088733707210253
-229.087430047636047
-229.086524104612295
-229.085839150805128
-229.082583872987612
-229.081215922489491
-229.078858194195874
-229.077919536558852
-229.074385879080239
-229.072929536987289
-229.071426436304193
-229.069752255199148
-229.069139062937353
-229.066241236451845
-229.065764284228948
-229.063894671371628
-229.062019668572333
-229.061162856338882
-229.061044048170146
-229.058226866818870
-229.056997654897515
-229.055437159530726
-229.054898597617409
-229.052568479326453
-229.050375863314230
-229.049635870179543
-229.047952779480170
-229.046578879213598
-229.046274781170268
-229.044788046964584
-229.044490762648110
-229.041070301816035
-229.039501505135149
-229.039297509055785
-229.037792983881218
-229.036339799211618
-229.034779574199433
-229.033667084774180
-229.032182736445804
-229.031014696164760
-229.030883101465832
-229.027762940289165
-229.026158640975524
-229.023640706376625
-229.021376367813218
-229.019761893312108
-229.015241585790875
-229.013326284958595
-229.012156393021002
-229.010013698562062
-229.008036579097194
-229.005943067358601
-229.004395813811414
-229.003542724458867
-229.002348254805128
-229.001425052066281
-229.000590160453470
-228.999240012710032
-228.997669011111270
-228.995813011053770
-228.995065439092514
-228.994026487828961
-228.992895608196079
-228.990264076465706
-228.988372968172200
-228.986499218782058
-228.985172901251559
-228.984447031192474
-228.981891326422215
-228.981378170534725
-228.981303714422836
-228.979333744387702
-228.978957262438030
-228.977425704479742
-228.975814597545082
-228.974739138270621
-228.973548182150694
-228.971810436233454
-228.970669271390193
-228.968388723628010
-228.967888545132638
-228.966800935510747
-228.965878183517617
-228.965308708308584
-228.963257294125356
-228.961727041565467
-228.960110743195742
-228.959141933470875
-228.958031343063652
-228.956297763420395
-228.955343978674051
-228.952935617499236
-228.951914333340852
-228.950515269985573
-228.947945711646526
-228.947750086801818
-228.945212614135244
-228.943723407238622
-228.940435348301833
-228.939205201548106
-228.938965530049160
-228.937415543737785
-228.937106607054687
-228.931465818758284
-228.930109715153833
-228.928186270218930
-228.926924042400316
-228.925082164509405
-228.924001986016407
-228.923093198712678
-228.922623135978455
-228.921389048527402
-228.919703804311922
-228.919073300782912
-228.918321119181741
-228.918015893332210
-228.916745400072614
-228.915251055753174
-228.912927010928797
-228.912294216109387
-228.911171059732368
-228.910043086517106
-228.909186996013261
-228.908338611550136
-228.907579912880806
-228.906310564108139
-228.904824759006715
-228.902883008920526
-228.901613588211575
-228.900214333484143
-228.898677877009334
-228.895525724787007
-228.894635868307887
-228.893273545005059
-228.890688318905944
-228.890173183953266
-228.888824873899893
-228.886678216604679
-228.885639915248845
-228.883098503790109
-228.880702172245947
-228.880443395990142
-228.877542198522008
-228.876917527127404
-228.874759529340963
-228.872083128726729
-228.871051376780031
-228.869396749998998
-228.866934811827775
-228.866358217279753
-228.865503896084363
-228.865337974331936
-228.863922793286605
-228.862794623675455
-228.861456477574535
-228.861240062882842
-228.859890998911851
-228.857958652236334
-228.852451815269490
-228.851739143548173
-228.849953715614220
-228.848177408530546
-228.845572118488519
-228.844685194559389
-228.843574046404768
-228.842527010615839
-228.840688287031071
-228.839972804390669
-228.838421345122981
-228.836704995105009
-228.835921992693414
-228.834554065400198
-228.833868056286121
-228.832585053268502
-228.830835455124117
-228.830629549753837
-228.830305984447421
-228.828739611355275
-228.828116933109300
-228.826811889009292
-228.826559534952679
-228.826179998215025
-228.824283312745678
-228.824138853627488
-228.822126922665490
-228.820577513112141
-228.819517816174965
-228.818587732210375
-228.817454629073268
-228.817140792701821
-228.815785312198130
-228.813499155317345
-228.812955123486717
-228.811881805706037
-228.810458292988784
-228.809909781679011
-228.808662624266020
-228.807338389927367
-228.807047906826853
-228.806462138332876
-228.804908132369633
-228.802549132307917
-228.801981568452305
-228.800187346748231
-228.799814354689261
-228.798753391522013
-228.797044124366693
-228.796837594838564
-228.796045418905152
-228.794504973294409
-228.793062621971245
-228.791157733383130
-228.790336588431671
-228.786546681991268
-228.785393914145118
-228.784502328603054
-228.782858701083910
-228.781492438671137
-228.777653361175055
-228.775133175010467
-228.773052061855935
-228.772802094482955
-228.769888207208822
-228.769619792565976
-228.767951878116833
-228.766861905530845
-228.764432217728029
-228.762875063536001
-228.762225239802177
-228.760653973592895
-228.757619030407284
-228.757400384222137
-228.755634975399460
-228.753648833240305
-228.752378295665892
-228.750147863063148
-228.748288394399168
-228.746619802871066
-228.743568399815956
-228.742813916362422
-228.742117148992918
-228.740059249195269
-228.738563189640985
-228.738134980070299
-228.736669050278749
-228.735794140202216
-228.734289493926411
-228.733356861208676
-228.731423160788125
-228.729729792789840
-228.728842060859137
-228.724938828992066
-228.724400565569056
-228.722620543417122
-228.722208410719901
-228.721654527647786
-228.718233252467172
-228.716453000458358
-228.714804562077518
-228.713326247431269
-228.712580056280501
-228.710718682136360
-228.709678702672107
-228.707830568194481
-228.707166152594596
-228.705827678451669
-228.705064665152520
-228.704457630362981
-228.703095695558289
-228.701802022432503
-228.701343772764858
-228.700205773002978
-228.698600804322126
-228.697521592211672
-228.695321375052089
-228.694868530427527
-228.692770013732144
-228.692352974473607
-228.688576546367528
-228.687561941795593
-228.686387820725741
-228.684774790939031
-228.683342449592573
-228.682766769783086
-228.680295542293976
-228.678664045784274
-228.677323528272240
-228.675135351377861
-228.673129413129885
-228.672612417698218
-228.671739154581189
-228.671470859393452
-228.669173286211446
-228.668147611906647
-228.667061505214150
-228.666387010311070
-228.665882123555178
-228.664389959591659
-228.663732766630204
-228.662349612290853
-228.660265547617229
-228.659363701542532
-228.658165606906294
-228.656126342537704
-228.655563557697945
-228.654680277926133
-228.654370828141367
-228.653151020471626
-228.651434990615172
-228.648554924545294
-228.647807816675680
-228.647641082587199
-228.644173798036633
-228.643664147909618
-228.641885593635180
-228.640681318955757
-228.639465872717551
-228.639234415315116
-228.637109126227074
-228.636006054004582
-228.634502872827738
-228.634305241545178
-228.633315229215214
-228.632170002609456
-228.630726187066387
-228.630003778678571
-228.627315377248209
-228.626806521545234
-228.623202301016789
-228.622769287536158
-228.620453852691810
-228.620021244375323
-228.619068010404050
-228.617475495098091
-228.616616534510115
-228.616493333582923
-228.615091939755104
-228.614624071068874
-228.610762615974750
-228.609128227810032
-228.606829838056541
-228.603730531030124
-228.602372505489001
-228.601376087780068
-228.599988388978488
-228.597607230771985
-228.595179055814469
-228.594425015993664
-228.592731087313240
-228.592416081221245
-228.590988518552564
-228.589138356885286
-228.586396639374613
-228.585157435561371
-228.584299925170768
-228.583850984739911
-228.582330971487607
-228.578252237133825
-228.577431510131248
-228.576494418544542
-228.573803351671955
-228.572479336255014
-228.571600052192309
-228.570882980470998
-228.569621788737663
-228.567748494502041
-228.566941632834215
-228.565602438460616
-228.564828146021057
-228.563489780061133
-228.562683316156352
-228.561333168548828
-228.561030132088689
-228.559806712221189
-228.557212219072710
-228.556350050322237
-228.556208549842324
-228.553136404136751
-228.550514919336763
-228.550186435402338
-228.548948750095803
-228.547582535674763
-228.545818773791098
-228.544290677551942
-228.542121627753687
-228.540475071309913
-228.540138472932540
-228.537657230599336
-228.537328568626720
-228.534729212250909
-228.534220920769627
-228.532539579867176
-228.531086542452556
-228.530014967784268
-228.528945745569558
-228.527614554041520
-228.523496467019584
-228.519702185734843
-228.519209329719814
-228.518408287490416
-228.516151195367542
-228.515522994198335
-228.514157149548396
-228.512908338449819
-228.511004137487760
-228.510772470001370
-228.509189055807639
-228.507959756728638
-228.504104783762102
-228.501675894518797
-228.501488951930014
-228.498775727703901
-228.497647181051093
-228.496159179104779
-228.495888853659409
-228.493754239213217
-228.492367332113986
-228.491275253298539
-228.490734891788378
-228.490017296645050
-228.488246114244760
-228.486568412794213
-228.484461365736394
-228.482351414908180
-228.480417207515728
-228.479849262938927
-228.478489728417003
-228.476371793704004
-228.475147101078960
-228.474586304803893
-228.472679711741534
-228.470431861661154
-228.469390047256127
-228.469213353652009
-228.467428329945790
-228.466202844706459
-228.464434420685706
-228.462032566946448
-228.461085226251129
-228.460148219068572
-228.459393798683749
-228.458375464324291
-228.456708777919829
-228.452344189897900
-228.450608164790538
-228.450072592836250
-228.449101431906513
-228.448677090465452
-228.446837498082829
-228.444160797088642
-228.443865904839726
-228.442235321086997
-228.441688113055790
-228.439933884411346
-228.438593799138147
-228.437614921505627
-228.436687299915008
-228.435777796902386
-228.434486315249131
-228.432847972615178
-228.432177864702936
-228.429074376553672
-228.428479264323414
-228.426843107720146
-228.425904370613836
-228.425379787431410
-228.423553214640236
-228.420668208172884
-228.420259733506441
-228.417960405352545
-228.417547214724891
-228.416879213109212
-228.415813209243197
-228.414414307633081
-228.413914340112711
-228.412493750355964
-228.410975817750966
-228.410171818899499
-228.408009379179134
-228.407815927548938
-228.406381283228740
-228.405992210914434
-228.404976797121748
-228.403182656567736
-228.402268010049909
-228.401106120463879
-228.399876794622088
-228.399178879313922
-228.395868162764998
-228.393401401343311
-228.392341927085084
-228.392171690608933
-228.390827645516481
-228.390432048266916
-228.387820159277055
-228.386528442942307
-228.385265996802275
-228.384615849008725
-228.383465373162892
-228.382441219753190
-228.381319804301370
-228.380875911179317
-228.378160366874056
-228.376707080064193
-228.373249569900793
-228.372470517423409
-228.371129194602901
-228.369397443548536
-228.367861312595920
-228.366529569818937
-228.365698103711424
-228.365205898968441
-228.363787873724021
-228.363013854324237
-228.361164273832571
-228.359088143355052
-228.357461550449528
-228.355920510430991
-228.354128579306405
-228.352168283406115
-228.349680547383429
-228.348112566865495
-228.346005547841088
-228.344275325752392
-228.343180803488195
-228.342493416472308
-228.341337054253216
-228.340564796182008
-228.339894202349967
-228.337478435334162
-228.335455814178658
-228.335119957716671
-228.332428248688586
-228.330650469257705
-228.328649308809446
-228.327522500588259
-228.326483901685037
-228.324063144135351
-228.322115061975694
-228.321593655560861
-228.319993347912799
-228.319012215929291
-228.318316306232390
-228.316863340063634
-228.314846218714706
-228.313125919082779
-228.311719812438696
-228.308214745047593
-228.306454255294227
-228.305216686322666
-228.303861001899378
-228.303087139065411
-228.302113055451855
-228.298821275391390
-228.297850149253264
-228.295870083216698
-228.294539199276954
-228.292957307540632
-228.292594156277119
-228.291809932319183
-228.291445557444376
-228.288516248398821
-228.287321634753710
-228.286457292969061
-228.285926228769853
-228.283224059432769
-228.282748065246381
-228.281306947593976
-228.280263802950742
-228.278913118794435
-228.277282526343299
-228.276425946024489
-228.274669105012151
-228.272739629591825
-228.271889182568202
-228.269698835131891
-228.268741929015704
-228.267229951201699
-228.266246423117394
-228.264096351888469
-228.263509113140515
-228.262512814183253
-228.260284105979821
-228.259424037257077
-228.258375506499789
-228.256101310811744
-228.254663345929117
-228.254001364803457
-228.252429459435575
-228.251685576267079
-228.249029333858942
-228.246625184351359
-228.245680972983422
-228.244326024357065
-228.243711146565460
-228.242932001883986
-228.241435923387968
-228.240092019501049
-228.239185571852090
-228.238236479072754
-228.236207958995550
-228.234822167917088
-228.232307982064953
-228.230592214251999
-228.229722557653673
-228.228011052198525
-228.226992036765580
-228.225823237240462
-228.224104752623759
-228.223071364521616
-228.221382389548637
-228.218291338001308
-228.217683383517311
-228.216706586236228
-228.214396881841424
-228.212257033749438
-228.211390814444741
-228.209045804821159
-228.207673653380567
-228.206711417129100
-228.205233888736529
-228.204440955816210
-228.202847917048160
-228.202502048826915
-228.201259050681955
-228.199860493823053
-228.199039166736583
-228.197742665235893
-228.195149805346091
-228.194475523674811
-228.192535585795696
-228.191538889940716
-228.190439150554880
-228.189097234275039
-228.188582574437987
-228.187304058549330
-228.187132824536036
-228.185775037628645
-228.184379257034948
-228.182593637838465
-228.181897132792528
-228.178487502077871
-228.177756148410026
-228.176095670373940
-228.174531480119725
-228.172667096233369
-228.171260870381786
-228.169977310201375
-228.168295997078104
-228.167471787982294
-228.164724235439280
-228.164348236069742
-228.162167725483329
-228.159197486964018
-228.158999477830349
-228.157944708763523
-228.156244761499693
-228.154023844334972
-228.151231877731050
-228.150925354284368
-228.148946139567357
-228.147434454066428
-228.146526303788562
-228.144426818263412
-228.143013159607364
-228.141301644925335
-228.140373940677563
-228.139480820042593
-228.136926225866205
-228.135020639770744
-228.134113060502699
-228.131969407911072
-228.130831268219993
-228.129748034735655
-228.128538221875004
-228.126836768655238
-228.125390471778132
-228.124146050270980
-228.121648337416474
-228.120115542472405
-228.118799453817815
-228.117677645854656
-228.114533995198997
-228.113819609968004
-228.109161176425374
-228.107206003459339
-228.105335515317535
-228.104852079009589
-228.103632748365413
-228.100298855396858
-228.099530816744249
-228.098692621939222
-228.096681405450738
-228.095246010699299
-228.092822594688641
-228.091844756374968
-228.090389280281869
-228.088493851254498
-228.085905432139782
-228.084664988326665
-228.082472817095095
-228.081520110639616
-228.080805958063166
-228.077135547514672
-228.076609478431834
-228.076087781522773
-228.073174953946449
-228.072332209093304
-228.069668096272835
-228.066904998786299
-228.064107751406368
-228.062573693611967
-228.059878861570866
-228.058926981720901
-228.058409739662380
-228.056680908689884
-228.055256321703382
-228.054137440742522
-228.052795669416042
-228.050125097061482
-228.048618164514892
-228.047217617332706
-228.041977579159152
-228.041603442674642
-228.041037896792659
-228.039149912734388
-228.038612284092750
-228.036565599184598
-228.033731804662324
-228.032652911085904
-228.029700202470622
-228.027881798457884
-228.024509451717506
-228.024253042436385
-228.022992333165661
-228.021359890218861
-228.019330189237195
-228.018773805118400
-228.015976930000903
-228.014203467536959
-228.012480621019307
-228.010361787389570
-228.010048659487353
-228.006573995466823
-228.004144947164377
-228.002369302291925
-228.000050028725752
-227.999034258222935
-227.996590800000405
-227.993892312063792
-227.990778506118971
-227.990258972728981
-227.988688927435476
-227.987574969982489
-227.986026597443242
-227.984571520530807
-227.983001212230363
-227.981091731852104
-227.979836879298091
-227.979542066041404
-227.977612449006216
-227.975618635558391
-227.974247424007160
-227.971061629614383
-227.968581640287766
-227.966037619611541
-227.965648001866072
-227.964319830679983
-227.961280574428599
-227.960425551448651
-227.958177884861215
-227.957001064408871
-227.954257092162237
-227.951121705791792
-227.948972185719185
-227.947518274262904
-227.944388752941592
-227.942457254607632
-227.940885700816779
-227.939801970983552
-227.938894166577882
-227.938128078396915
-227.935144503410527
-227.934530688600489
-227.932509327277359
-227.929708718919187
-227.927395589645130
-227.926628133341438
-227.922334709777687
-227.921689941990650
-227.920249273811635
-227.918683318797861
-227.917128773484620
-227.916534382585525
-227.914785015815994
-227.914294537772435
-227.911556271254909
-227.907935418114704
-227.904940382943408
-227.903991098043832
-227.901615763628683
-227.899042166557507
-227.896367765286556
-227.892913450391404
-227.890976803013757
-227.888201252053904
-227.887088534028550
-227.884057593346427
-227.882550268478298
-227.880291568900248
-227.877065824574714
-227.875991920402726
-227.874360085808888
-227.873527849538760
-227.872124157968273
-227.870019009543768
-227.865172244963759
-227.862796422154304
-227.861107102056224
-227.858805132418723
-227.854515389661771
-227.849979620636532
-227.849536531303755
-227.847402324896166
-227.847163607735723
-227.843777848800528
-227.842365681150312
-227.840620396187461
-227.839550675251900
-227.833973403636634
-227.832548628786981
-227.828193087719768
-227.825837279373161
-227.823621970273393
-227.819200788943220
-227.817377219559177
-227.812235236273011
-227.810411308506787
-227.809579424984491
-227.809338079521496
-227.807467335849623
-227.803768973320103
-227.802933431343462
-227.800120531147286
-227.798584630631836
-227.795615391887765
-227.795437119156247
-227.792372306473993
-227.792087001273899
-227.789604076400281
-227.787597816513028
-227.785014606231897
-227.784030265490344
-227.780001396680120
-227.775200061367258
-227.768087882602458
-227.766681187756404
-227.764055620474437
-227.761987614319082
-227.760565905149861
-227.754722383061392
-227.753522173026482
-227.750453108114044
-227.748038489638787
-227.744133824945891
-227.743250730157371
-227.742421125096030
-227.739547820662807
-227.738252899400607
-227.734593613593802
-227.733786584560931
-227.731774504743441
-227.728880934570185
-227.728168359414241
-227.725054232350402
-227.723637835483885
-227.721416332655707
-227.717734224679276
-227.716159000653818
-227.714477124638563
-227.711431604501740
-227.709488118583522
-227.708853808519734
-227.705962119151707
-227.704097054159092
-227.701203900597108
-227.699164899704186
-227.693929620488092
-227.692785150313682
-227.690817499116065
-227.688720981045122
-227.685306407100910
-227.680023069834050
-227.677329087180595
-227.676615823341962
-227.675086692661608
-227.668520530867028
-227.666733172663470
-227.664526249227379
-227.661238076657753
-227.654891805492809
-227.653443342067192
-227.648973013200504
-227.646645087155406
-227.644579996316196
-227.639620958558112
-227.638157740096830
-227.636095572390701
-227.634914261713476
-227.632353758157990
-227.630727378816971
-227.627346577939562
-227.625278424724854
-227.622007647691788
-227.620206593695258
-227.618480270301745
-227.617040731483797
-227.615240647104201
-227.610227753286750
-227.607636954448793
-227.605536072562813
-227.603637388683154
-227.601524739420768
-227.599975672958607
-227.595373350920113
-227.592594188946265
-227.587751810546280
-227.586828929182445
-227.585069078110791
-227.582323866295013
-227.579593819107913
-227.576524367199568
-227.574663321545728
-227.570190173512572
-227.569383849611683
-227.566763942973949
-227.566041842937295
-227.562436156163557
-227.560306777734866
-227.557600470369181
-227.557300669588983
-227.551882419429091
-227.550570034117584
-227.546370259619295
-227.541289618220901
-227.536778016285268
-227.535423096703653
-227.531872701121216
-227.531099528883516
-227.525726388811364
-227.524311680713623
-227.521734109492229
-227.518827881442348
-227.515433270457635
-227.512832343859884
-227.507777215778361
-227.503730271374167
-227.500342464412569
-227.493135912436259
-227.492697935040638
-227.489501125615618
-227.485540603419850
-227.484175893127173
-227.481793104642264
-227.474356670094380
-227.470298272209590
-227.467611790851890
-227.465042927117878
-227.462043159366715
-227.461445047693729
-227.459401405777697
-227.452566232937102
-227.450708296320926
-227.447139256523116
-227.444144920318564
-227.440462807270478
-227.438095439776532
-227.436365167044272
-227.434295242733441
-227.432748566775132
-227.431069220717148
-227.426427140679607
-227.425250776059357
-227.420650141519303
-227.418554708557366
-227.417629484689570
-227.411561096435548
-227.407855320921243
-227.401887150800832
-227.398626416173272
-227.397799071989311
-227.395107420908403
-227.391639392670015
-227.389871480866049
-227.385820659157474
-227.384073137237920
-227.381455524238675
-227.379713253783706
-227.376356639892322
-227.373489547577236
-227.372028265477837
-227.368979455379900
-227.364764653879746
-227.361503726285406
-227.351540283922247
-227.346069932684372
-227.345413826458554
-227.340235664887956
-227.332165898221575
-227.326334899391753
-227.324973319297186
-227.322802718591390
-227.318233948463927
-227.314270282296775
-227.312269896326995
-227.303240591011701
-227.301037135291295
-227.298685138560387
-227.296800386744252
-227.294365396643485
-227.292315096698644
-227.288443467193304
-227.284383743501365
-227.282557189205704
-227.281297378936728
-227.274886083727296
-227.267084305604413
-227.263587330929511
-227.257268173652392
-227.256273846228112
-227.251403869789755
-227.247218281754641
-227.244296498129444
-227.239390629588570
-227.237139798863780
-227.229949540361304
-227.226418748088491
-227.221583850954175
-227.214846628834522
-227.208676992731625
-227.205415636679930
-227.200499932642430
-227.199624300932612
-227.197468674845595
-227.191394054507725
-227.186695222168993
-227.184932836241444
-227.182605046073661
-227.175425831350566
-227.174550484150160
-227.172213528885237
-227.169641186832763
-227.162060224595535
-227.154989811681844
-227.153174662840854
-227.152266375268937
-227.145263272179733
-227.141503045049120
-227.135772123038834
-227.132016839396272
-227.130313807255732
-227.127774638306306
-227.125426369559847
-227.111141958451839
-227.107038584724251
-227.106361307211529
-227.100107765419125
-227.098526921490674
-227.091470101164617
-227.082691946119326
-227.080582980141827
-227.074614865801493
-227.073619173722477
-227.071664593839756
-227.066196942789901
-227.063565390821822
-227.055791548416323
-227.047107921060785
-227.046305443315163
-227.044725484594778
-227.033668294010539
-227.032406278119197
-227.029962039527760
-227.021454713142106
-227.010643081152296
-227.009035821628174
-226.992518554231197
-226.979083391038898
-226.965404281739126
-226.960296488403003
-226.958814836411875
-226.956925454206925
-226.945356085206754
-226.944490390398812
-226.938889847072062
-226.935418042421247
-226.930505784071357
-226.929080663931330
-226.912008662632928
-226.907683910170618
-226.900561866971287
-226.898168774720574
-226.894022537078342
-226.887411294786602
-226.881039547128125
-226.879220508447389
-226.873007747937436
-226.853709470718371
-226.853125641336447
-226.849234200481021
-226.845055153891792
-226.843764203682895
-226.837866382256777
-226.831863439653915
-226.827125523994226
-226.823936834019804
-226.812313996907392
-226.798306480382962
-226.790565153698395
-226.778197277511140
-226.772811209579459
-226.765115080100543
-226.747290011927390
-226.743922616385845
-226.736261472951156
-226.734927524452218
-226.724202099614416
-226.713635365497311
-226.707032259062657
-226.696043120080645
-226.684264658590564
-226.680500399908169
-226.659672481885480
-226.655121231616391
-226.623627709803117
-226.619081398888312
-226.616894403807720
-226.597082384243350
-226.593522714461898
-226.588133973263666
-226.585449622050930
-226.577326450284005
-226.560354589313192
-226.529154222259081
-226.511173562474625
-226.468424748626461
-226.453703400244706
-226.436152019170805
-226.408263607265042
-226.392678552686647
-226.352412851054538
-226.347953781864732
-226.320309881605482
-226.279066759898200
-226.176823500357671
-226.169614199946380
-226.047961938391410
-226.016978696694849
-226.013154283023624
-225.876559751995757
-225.852288690823968
-225.828198404971999
-225.766047082177721
-225.755974150486566
-225.740153591777528
-225.683815066668245
-225.636829093599857
-225.523713526244677
-225.518875929213351
-225.345809165092419
-225.334897412732715
-225.214235150212261
-219.847898979594703
-219.841436001015808
-219.837844186021130
-219.835815858366175
-219.833737987771400
-219.832162162779724
-219.677789719394070
-219.672848715621484
-219.672612887833509
-219.671395829092518
-219.667146215582932
-219.644312096654232
-219.624730579449476
-219.622008154186915
-219.615376327266830
-219.614055883437118
-219.612725141331964
-219.604617354065169
-219.554751452198730
-219.554509615910348
-219.553079073494644
-219.552209166575153
-219.549655559418852
-219.548465534201171
-219.548229032728045
-219.547153122022422
-219.546056784629826
-219.542645678165030
-219.541300494084737
-219.540740280528382
-219.540568317808152
-219.538428679937482
-219.535283188297200
-219.534935536750027
-219.534677622975039
-219.533325258022074
-219.531366745109807
-219.526592437358573
-219.525918627667409
-219.525632411551584
-219.522472882628506
-219.519764981999373
-219.519147985296371
-219.517685415957885
-219.516952479275687
-219.513926804448261
-219.512890655224339
-219.511342215822964
-219.510625765038384
-219.508606350889124
-219.508216327149199
-219.507496852503948
-219.505967224690664
-219.504937135589927
-219.500763773894789
-219.500008172970695
-219.498802648393252
-219.496245342829724
-219.493344361834886
-219.492846752416227
-219.492418705243210
-219.490776231477668
-219.490423564809987
-219.487561226082363
-219.484842674199314
-219.483696334370194
-219.483330462054511
-219.482544309617992
-219.481908070574320
-219.481676261442914
-219.480359095201635
-219.479503371813792
-219.477823108350037
-219.476829029001294
-219.476545815498099
-219.475478226267768
-219.475104328756629
-219.473498806505432
-219.471046193806416
-219.471009314018971
-219.470817020457702
-219.470224486141262
-219.468705826915539
-219.466431500951614
-219.465080240492341
-219.464471336493091
-219.462744446904139
-219.462240859067151
-219.461426505869696
-219.460831762568660
-219.460355270445802
-219.459793566723988
-219.457190426068706
-219.457050372511304
-219.454528493336625
-219.454131076002682
-219.447150768228227
-219.445224941923954
-219.444005631493127
-219.442220858652718
-219.441578605545089
-219.439802754783415
-219.439116351639541
-219.437357900114762
-219.436758985349968
-219.436523384262216
-219.435609351309552
-219.435318247188661
-219.434340923681333
-219.433201288429331
-219.433100452707066
-219.432266832893561
-219.431027026813354
-219.430608078081576
-219.430162739334719
-219.429525234822705
-219.429005406401103
-219.427340347090620
-219.425028207433741
-219.424451906838897
-219.423972797583190
-219.423299279360975
-219.422669514119093
-219.422423827185412
-219.421206561708402
-219.420332898495815
-219.420298317052982
-219.419568111991794
-219.417514221006257
-219.414755362098362
-219.414306728842291
-219.412877035476015
-219.412799182917240
-219.412659221780160
-219.412565606459452
-219.409384674697037
-219.408180970709537
-219.407777674980025
-219.407222207813192
-219.405600958303239
-219.405137161057354
-219.404154113757045
-219.402518851518153
-219.402204555172943
-219.399958178186836
-219.399832277775914
-219.399385626839717
-219.398527033077869
-219.398264185310552
-219.395579408732658
-219.394112756007075
-219.393517342024126
-219.392918644431376
-219.392341183205758
-219.390621207099997
-219.390535486154391
-219.389945211553083
-219.387662983645612
-219.387439618430193
-219.386592929384676
-219.385372118320362
-219.384434088150329
-219.383701310724803
-219.383280303301348
-219.382454325914580
-219.381904339068114
-219.378104645049234
-219.377511639504462
-219.376092970514435
-219.374750502840527
-219.374073073962535
-219.372344249129100
-219.369764419232411
-219.368812003798496
-219.367450331530193
-219.366860792308728
-219.361415894531518
-219.359319489687550
-219.358284977643478
-219.351742100417255
-219.351166121247218
-219.350459814080608
-219.349564265762183
-219.349395914341613
-219.347015817649918
-219.346527654535066
-219.343149674316606
-219.342868364093903
-219.341902879508780
-219.339933980669883
-219.339823028071606
-219.339346826061927
-219.339013663931098
-219.336634529361220
-219.334472448803098
-219.333597283135020
-219.332636150996052
-219.326338211035136
-219.322759816438975
-219.318117547026276
-219.314195760861821
-219.311621515695123
-219.311091228872357
-219.310590345851580
-219.309608033625892
-219.308050538615788
-219.306195833570769
-219.305774348473449
-219.305077430540337
-219.303078788077556
-219.302486731510271
-219.300533461210733
-219.299130684265833
-219.298578149138052
-219.298426781987331
-219.295082999002460
-219.293740586452429
-219.293290853461741
-219.292154865441717
-219.291436722415085
-219.290347536829245
-219.288807532161343
-219.285613506362722
-219.284927058965309
-219.283152946115450
-219.282783608193455
-219.279358980653058
-219.278852340770840
-219.278502809195118
-219.277549708581120
-219.276424534426667
-219.272859419627054
-219.268671033604505
-219.268472142225988
-219.264771542267653
-219.262900559024899
-219.262090869445302
-219.260963226785321
-219.256735045076425
-219.256517655684149
-219.255156301044877
-219.252842535641832
-219.246455659555664
-219.246086049752307
-219.245745879455399
-219.244957468817745
-219.244493929683244
-219.243232828636167
-219.242334398259487
-219.240445053972110
-219.237975870483211
-219.236479790601408
-219.233304104068111
-219.231710870988536
-219.226682744110235
-219.223314752395794
-219.221839881489075
-219.217083900614398
-219.216925011866010
-219.216501568493499
-219.213404720943885
-219.212345979036286
-219.208034122642090
-219.207960083780961
-219.207185837592476
-219.206334970155496
-219.206188882291599
-219.201572402499096
-219.201364476433355
-219.200010216556905
-219.199188474057735
-219.196172634356628
-219.195772646460995
-219.195354142245890
-219.194776799076521
-219.193840705317342
-219.191384764050326
-219.187818074080326
-219.187495897815893
-219.187090841643709
-219.186571111232837
-219.184112554638773
-219.180681603295454
-219.180253514479517
-219.179596209798859
-219.179122066527810
-219.178460683991915
-219.176743048784317
-219.175958164805905
-219.172703150647351
-219.172039940093356
-219.170518616442394
-219.170026649944361
-219.169825219560039
-219.168987498854790
-219.166459310923443
-219.162483531921026
-219.162360802130138
-219.160587864732463
-219.159784688878773
-219.154422821152252
-219.154179592722272
-219.153879893671785
-219.151757961672814
-219.149331880867265
-219.148675020248930
-219.142965946462709
-219.142640316747446
-219.140021190749394
-219.137978894564895
-219.135144720782165
-219.134336812677475
-219.126436123415402
-219.119657396245657
-219.115821099466643
-219.115522903911199
-219.113290029106679
-219.112311239831314
-219.110805050804828
-219.109776356494706
-219.109559220822064
-219.108224280913817
-219.106099960193376
-219.105582451369401
-219.104700806996107
-219.104479617248955
-219.103318791232226
-219.103000260403377
-219.101871765690902
-219.095767522288668
-219.094599158495186
-219.092278485949606
-219.090909387595730
-219.088625429651700
-219.086511406388070
-219.080650553073212
-219.079842055760025
-219.076908452314598
-219.075659747453500
-219.073608115368444
-219.073081974090115
-219.072275733645881
-219.070258906074685
-219.070084606656991
-219.068707762156833
-219.068667232335713
-219.068170714980567
-219.066861898820349
-219.065812959846539
-219.064357070993452
-219.062253029261910
-219.061468347619666
-219.061027568571888
-219.060054126581576
-219.059802766428021
-219.058518263402078
-219.054157424314894
-219.053250258449140
-219.052411862911924
-219.049569287228593
-219.049245263440014
-219.046366026213718
-219.042754231929820
-219.042432126479355
-219.039486815739167
-219.038862788269682
-219.023981744202672
-219.022005852746815
-219.019085816575057
-219.016407863214511
-219.016122297360823
-219.014599984562864
-219.012576523713193
-219.012254641303912
-219.012129578963396
-219.010315051787074
-219.009924669505949
-219.008485536788839
-219.007917587066515
-219.005910827820173
-219.005525496302823
-219.002871582557901
-219.002365486378523
-219.001930326253557
-219.001402979993145
-218.998463385981978
-218.996485744004787
-218.995031576341773
-218.992321411845637
-218.991009573642145
-218.990048737861343
-218.989254325920882
-218.989161001419745
-218.988865401940217
-218.983954988135082
-218.981752976442664
-218.980757812563184
-218.975921859633985
-218.975370922451503
-218.972254066798371
-218.970316301558910
-218.966485484627583
-218.961572588362998
-218.960677074344062
-218.959883148317743
-218.958984287977302
-218.952620950526097
-218.952531931176225
-218.952058348140724
-218.951894452095303
-218.949046353912024
-218.948366191401675
-218.947288364987571
-218.946074196797269
-218.945796757336041
-218.944827334753711
-218.941468997947737
-218.939302668927866
-218.938635998105212
-218.937593667357248
-218.937482508967207
-218.936462645574068
-218.936447403586527
-218.932675155978018
-218.930942673903246
-218.929692659320409
-218.929001952230379
-218.927334147723542
-218.926395260333408
-218.921936200090556
-218.919340563577663
-218.917422304841466
-218.914051202348816
-218.912228530223587
-218.909777403036003
-218.907682275360997
-218.904974735231747
-218.904090119418214
-218.897755678072457
-218.897348225615360
-218.896206749699985
-218.892596874346850
-218.891923015307754
-218.889535633384781
-218.889276843188469
-218.888463949188804
-218.888164830586618
-218.887889253510423
-218.886532485038686
-218.884800588559159
-218.880536244228580
-218.876291374336432
-218.875100349437275
-218.873496448659324
-218.869732003826783
-218.864341639551924
-218.855670540511483
-218.853798269065578
-218.851689278298835
-218.850479482377892
-218.849321135252410
-218.846498821557333
-218.845014762432555
-218.844214057027074
-218.843912628190793
-218.841238485875465
-218.838131783922734
-218.837607330086200
-218.834221251415926
-218.828395146421059
-218.825239095859587
-218.823631202492777
-218.823010556011809
-218.822480300697094
-218.818478694997538
-218.814710828642035
-218.813254435408510
-218.811618537352899
-218.811108345015327
-218.808921142913931
-218.808353640369234
-218.804989802176578
-218.804875592150381
-218.803405757600274
-218.794638842595646
-218.794019988485957
-218.794000638876042
-218.793571000146017
-218.788242195728884
-218.787845821991567
-218.787178069886011
-218.786974468600732
-218.785885331012821
-218.781833179659088
-218.777884520961351
-218.777411739243519
-218.776066413226715
-218.773390829275939
-218.772263476832364
-218.771661281066372
-218.764613925061695
-218.762961661045438
-218.762086060933598
-218.761563070216255
-218.760449739925264
-218.760295606662595
-218.757721963955362
-218.755350853097724
-218.751882105336193
-218.751174585745787
-218.749623585579371
-218.748083019482181
-218.747744984939459
-218.745286045163112
-218.745163936997130
-218.741917843214566
-218.741331812185820
-218.737594275639481
-218.737570847243205
-218.730390437930168
-218.730165693668283
-218.725490406830716
-218.724571171115713
-218.722291646551213
-218.719769362285774
-218.718810062403662
-218.717436055163176
-218.715481274887111
-218.714522636489647
-218.714312012981992
-218.712248194234348
-218.708386171773981
-218.706694276784049
-218.705877821078246
-218.705616618182347
-218.704704949429072
-218.701924759370172
-218.700395101225837
-218.697986567084143
-218.693062576909455
-218.692667884687182
-218.692276116138544
-218.692221004169340
-218.691201311177451
-218.683690190234699
-218.682953071229122
-218.678636000029485
-218.677599113119157
-218.672907539036402
-218.670960746661706
-218.664323131572388
-218.662083155033088
-218.654708460196673
-218.653245065384823
-218.648867997143981
-218.647560767943759
-218.645038501135389
-218.642921021201971
-218.622637271214074
-218.622291977876841
-218.619744920771439
-218.619202158391886
-218.616123062050406
-218.613723084747335
-218.610220776260888
-218.607420624346702
-218.601874238056951
-218.600529105866400
-218.586797582725296
-218.575750159751379
-218.572051671555698
-218.570252190749187
-218.567281184720798
-218.566120490130629
-218.563379970830908
-218.563166857738224
-218.562181472113707
-218.560135641563875
-218.558428803315252
-218.555386508248006
-218.552577538383019
-218.551728072521740
-218.548727726044177
-218.543445562342185
-218.541653867287494
-218.540382764733749
-218.526697856187070
-218.520390190562892
-218.482841445385674
-218.481276296691476
-218.476570180631740
-218.469540418591095
-218.467481315085820
-218.464988247626536
-218.453063088169017
-218.448667005880793
-218.442476072216635
-218.440505521016860
-218.437780558111029
-218.431169473454617
-218.430796160167148
-218.422970706082367
-218.418685581779926
-218.408576218517823
-218.401921710835069
-218.397999026076889
-218.359378227579498
-218.351852073519780
-218.349119418755521
-218.347218933263946
-218.332247441650082
-218.325323688792849
-218.318274684916503
-218.309269464538232
-218.306286799330366
-218.299728036685821
-218.298001067527423
-218.295608911173787
-218.294679583008815
-218.292330645237541
-218.289943309919892
-218.288848558332802
-218.287341245016137
-218.284520371207776
-218.270565806155361
-218.270336737754974
-218.270307193090446
-218.267092297285330
-218.264877096540090
-218.261720723977390
-218.260208399835591
-218.255506897243635
-218.255472938490101
-218.246519343502740
-218.240307268992012
-218.232858015869198
-218.232390164257851
-218.232254414217664
-218.228594561591478
-218.227042347162723
-218.224241652168047
-218.223874339420718
-218.219798796380644
-218.214359587439816
-218.211798743247527
-218.207706952895933
-218.200689979909811
-218.191115881684027
-218.189797038013182
-218.188863535568203
-218.186678527542057
-218.184761685978657
-218.181845065257505
-218.173381805525509
-218.164010381715855
-218.163715285084464
-218.162723414830594
-218.157334210644649
-218.155884546080046
-218.154201668469653
-218.153116946605735
-218.152570846712820
-218.141218200681976
-218.140037450331931
-218.139249543466548
-218.133818924345263
-218.131932092199378
-218.130034360545267
-218.124291902809063
-218.121035329999813
-218.119494312027769
-218.116532432109722
-218.114174715427254
-218.107529724083349
-218.100766782421118
-218.098647318145396
-218.098089025004299
-218.087445367106199
-218.072228787389690
-218.071291747544564
-218.070249739049814
-218.067265328326414
-218.066036803189292
-218.061004095787069
-218.060732820628346
-218.059981626229558
-218.059180549209458
-218.059157686021848
-218.055233447331773
-218.050969987481267
-218.049840690028503
-218.049044481145984
-218.043822120402496
-218.042820412599127
-218.040092296121088
-218.038391539596290
-218.038095648186044
-218.037556689133453
-218.037154158559900
-218.030387830768746
-218.027964072795044
-218.027472260477623
-218.024961084851668
-218.023265474447328
-218.020381033794877
-218.019503330864723
-218.016658557750759
-218.006335175147029
-218.003478055937649
-218.001616487216296
-218.001209779339547
-217.999226381816385
-217.998395708269470
-217.991692670103731
-217.990743457450719
-217.990076293725338
-217.988493919589132
-217.987890068772003
-217.984593779913553
-217.983578606350648
-217.979858854138001
-217.979374960925526
-217.976991398207190
-217.975898718823942
-217.974827924716578
-217.971187670451314
-217.971130334265666
-217.970951201412902
-217.969299286849974
-217.967922545821040
-217.964766146742136
-217.959762205905719
-217.955315944618064
-217.941528798288203
-217.941046642904979
-217.940003795896757
-217.937932557267374
-217.936483557526884
-217.928149316230645
-217.927560579771267
-217.923712502352856
-217.910319422909453
-217.909451524495921
-217.906620183140859
-217.903832486287854
-217.903219504096199
-217.901573078898082
-217.899058392559539
-217.894739602066039
-217.892426960832836
-217.887683519131258
-217.884381318680227
-217.882217972995250
-217.877191398477294
-217.870362354973111
-217.866155347081758
-217.851709214990422
-217.849839728878607
-217.849322280699624
-217.849262274695491
-217.846745124843721
-217.843352565950340
-217.841963140321837
-217.833135137665494
-217.830878336702568
-217.829969153684033
-217.827841387190034
-217.821386822406907
-217.819108684517914
-217.815142146228482
-217.802522215922437
-217.797893982997607
-217.796274515203095
-217.794595538058388
-217.793143617315792
-217.790458204488033
-217.788891473661607
-217.785634962442799
-217.782715578608816
-217.769988297616749
-217.765871946815935
-217.764139947855028
-217.760139256161750
-217.758104827502336
-217.756984083988925
-217.756147055803041
-217.755497464185368
-217.754794365042159
-217.750844072060772
-217.745740026038675
-217.743659181364364
-217.739431828771700
-217.738576973644882
-217.738443073193878
-217.735017901016533
-217.726528972614034
-217.724757156508247
-217.720790055757334
-217.717307737391991
-217.716163758062208
-217.711551910371895
-217.709660008089173
-217.708304876019469
-217.706663540569366
-217.693180165817751
-217.691168719183224
-217.686514397328239
-217.686452929874918
-217.682919846297040
-217.673235823217993
-217.657937271359316
-217.655958191903636
-217.654674280078012
-217.653930424748921
-217.647785156942575
-217.645713016565708
-217.641758277074985
-217.624426775948422
-217.624307786476265
-217.622363246202241
-217.616663903619127
-217.612082682664493
-217.611330807654838
-217.607248883066575
-217.603670349943428
-217.601854119699283
-217.601708371118434
-217.600366361631700
-217.594987049821100
-217.594612269867838
-217.588140268048789
-217.586925152659973
-217.582521164226904
-217.580765881053679
-217.580082970451855
-217.574511733322254
-217.561190166429867
-217.558935567719686
-217.555430583246562
-217.552666530671928
-217.544188057396667
-217.541143206586867
-217.536876751410773
-217.535582722826177
-217.530794283142797
-217.529715740355499
-217.528508597305631
-217.524437177033036
-217.522583830537570
-217.522288965185624
-217.520514103379980
-217.515032178039093
-217.510089892950475
-217.507842641977334
-217.507747690335663
-217.499223267647750
-217.495900569715133
-217.482920087304365
-217.479228145087120
-217.467928530299957
-217.465244308566071
-217.460650039145605
-217.460236848369419
-217.457823277717921
-217.453495788950221
-217.450206241222816
-217.449399043780289
-217.448699247795702
-217.443900752206986
-217.438611291293398
-217.437803759036086
-217.435465307716925
-217.434236683520595
-217.430723847115388
-217.426159091065898
-217.411898652578003
-217.398135404480456
-217.391205025780351
-217.386599553134801
-217.385877805415674
-217.371144252822404
-217.362673644831290
-217.356070057457998
-217.341652166365805
-217.336974913203647
-217.334636538755916
-217.331424709854446
-217.328233261886311
-217.326207956038843
-217.325213846899800
-217.322870691425038
-217.312425911747454
-217.312159319387007
-217.308205232482635
-217.306747201816108
-217.305688734489195
-217.305681694985026
-217.299264153063547
-217.298415012572349
-217.298090079909400
-217.295872470293745
-217.292052238137671
-217.291901829247706
-217.290336090622930
-217.290221166018881
-217.289298465159220
-217.284471685374314
-217.282358891171384
-217.278603053906750
-217.276545245737680
-217.275515940537701
-217.273398157627440
-217.202522442886846
-217.194654991304446
-217.182168303594295
-217.175702439534319
-217.165903943901270
-217.111438712670349
-217.108551116516651
-217.104869442640762
-217.102177354864125
-217.100818706952538
-217.097715684142258
-217.096410160513159
-217.090602711066850
-217.083380092069945
-217.081912197553436
-217.077839048750434
-217.077014382906754
-217.068757435759181
-217.062896349951416
-217.058621017124949
-217.037635817564450
-217.034494272257831
-217.021749532526371
-217.007144728162984
-216.993849824234275
-216.991001837062129
-216.989394119708123
-216.988384636419084
-216.978527499861173
-216.968533858337480
-216.965817488604671
-216.959896773378830
-216.951074333875368
-216.944451376963286
-216.942137071638768
-216.932818910216866
-216.927593231386055
-216.926181513300321
-216.915469820330799
-216.888178482733991
-216.885041884690025
-216.876850349486261
-216.831703104159544
-216.830021663017675
-216.829602292062333
-216.822860563417606
-216.817193863349758
-216.797992216357414
-216.794659065790881
-216.793840377920361
-216.789521830132770
-216.778952191238147
-216.767367217278149
-216.754210782118605
-216.751397631955086
-216.749822164938166
-216.748717979211477
-216.746905908184715
-216.738275986430466
-216.735978170088117
-216.717675002345345
-216.701964313724091
-216.697619567484423
-216.690685492272252
-216.681936170888321
-216.680888219313118
-216.669656982724746
-216.660264257265737
-216.646844190372576
-216.620898899012531
-216.619929467914830
-216.608214083838419
-216.604121639367179
-216.601963204151474
-216.591138989607742
-216.588337842589823
-216.584638028854442
-216.571472748887402
-216.559427607428290
-216.534458333345441
-216.514612103760726
-216.512198701602216
-216.504830972526463
-216.501830497558160
-216.450219704120883
-216.447036938966392
-216.445948984175033
-216.434320199106111
-216.430113102616644
-216.411467258399711
-216.277142262690489
-216.264700421990511
-216.257928151690152
-216.252169714201983
-216.244130707998920
-216.235383276606711
-216.204606003878752
-216.197355530981866
-216.195727169885402
-216.191735163978251
-216.176028598656501
-216.167955727787131
-216.006456018625443
-215.985568079054445
-215.974126972008634
-215.965046527690561
-215.959306207527987
-215.953314198965785
-215.151207845926365
-215.146791065532597
-215.143743773909932
-215.139358401813695
-215.138493849430574
-215.128423345259421
