-191.60860166
-191.59942944
-191.59207875
-191.58844216
-191.58706846
-191.58251773
-191.57959115
-191.57022097
-191.55572278
-191.55392426
-191.54837841
-191.54440032
-191.54137328
-191.53881737
-191.53605610
-191.53418842
-191.52927842
-191.51865389
-191.51802486
-191.51244064
-191.50937124
-191.50838806
-191.50536881
-191.50391653
-191.49989770
-191.49869466
-191.49785676
-191.49308956
-191.49135617
-191.49123210
-191.49055086
-191.48881114
-191.48586024
-191.48429374
-191.48191312
-191.48138539
-191.47785889
-191.47697952
-191.47471939
-191.47232151
-191.47154629
-191.46909506
-191.46634408
-191.46458131
-191.46162203
-191.45968234
-191.45587053
-191.45521325
-191.45483818
-191.45293160
-191.45152932
-191.44983913
-191.44753404
-191.44620348
-191.44491137
-191.44371838
-191.44134434
-191.43946499
-191.43648648
-191.43527948
-191.43305723
-191.42977509
-191.42860819
-191.42560125
-191.42320010
-191.42132056
-191.41915472
-191.41864635
-191.41720461
-191.41597148
-191.41411913
-191.41268679
-191.41078396
-191.40858277
-191.40724130
-191.40540302
-191.40437767
-191.40336686
-191.40132854
-191.39968913
-191.39786986
-191.39687577
-191.39609782
-191.39513073
-191.39361009
-191.39230526
-191.39092261
-191.38954816
-191.38708747
-191.38671985
-191.38591028
-191.38363608
-191.38285864
-191.38115291
-191.38048413
-191.37933267
-191.37783987
-191.37499502
-191.37416508
-191.37332943
-191.37250722
-191.37028864
-191.36964263
-191.36712712
-191.36698835
-191.36411235
-191.36364819
-191.36223648
-191.36033943
-191.36004432
-191.35714872
-191.35682785
-191.35603261
-191.35361154
-191.35195414
-191.35068870
-191.34943803
-191.34658223
-191.34562384
-191.34376273
-191.34056102
-191.34019747
-191.33682853
-191.33628740
-191.33360281
-191.33219995
-191.33028362
-191.32932981
-191.32871009
-191.32795413
-191.32582688
-191.32443927
-191.32308611
-191.32158730
-191.32082718
-191.31680524
-191.31598272
-191.31478500
-191.31414897
-191.31132659
-191.30961468
-191.30864347
-191.30758674
-191.30646141
-191.30567538
-191.30491514
-191.30262088
-191.30075608
-191.29945603
-191.29818411
-191.29650882
-191.29531438
-191.29376619
-191.29240010
-191.29219061
-191.28888740
-191.28735352
-191.28481507
-191.28271058
-191.28196597
-191.28075000
-191.28000346
-191.27942643
-191.27858524
-191.27676133
-191.27584047
-191.27464981
-191.27296799
-191.27106300
-191.27073087
-191.27069831
-191.26922586
-191.26636393
-191.26553869
-191.26457135
-191.26300972
-191.26164120
-191.26051117
-191.25865188
-191.25810285
-191.25658317
-191.25313545
-191.25149197
-191.24943543
-191.24827765
-191.24677554
-191.24453457
-191.24173181
-191.23933171
-191.23904711
-191.23770577
-191.23759068
-191.23568813
-191.23281054
-191.23226590
-191.23129812
-191.23022991
-191.22851811
-191.22783497
-191.22684677
-191.22499932
-191.22440080
-191.22228164
-191.22111347
-191.22035834
-191.21841048
-191.21545250
-191.21431547
-191.21363682
-191.21230042
-191.21021069
-191.20934349
-191.20766617
-191.20686564
-191.20568589
-191.20475679
-191.20412752
-191.20265343
-191.20141942
-191.20060617
-191.19931838
-191.19715977
-191.19563190
-191.19428312
-191.19291824
-191.19189315
-191.18923464
-191.18837221
-191.18744836
-191.18710762
-191.18562507
-191.18445776
-191.18329466
-191.18253307
-191.18139540
-191.17992162
-191.17821852
-191.17698111
-191.17523780
-191.17429210
-191.17340428
-191.17159195
-191.17006956
-191.16891648
-191.16644114
-191.16555244
-191.16238755
-191.16222412
-191.15940348
-191.15861093
-191.15694587
-191.15640886
-191.15607429
-191.15467990
-191.15328582
-191.15313943
-191.15063004
-191.15002740
-191.14818254
-191.14707318
-191.14582484
-191.14452791
-191.14278034
-191.14220484
-191.14027941
-191.13927488
-191.13877756
-191.13689427
-191.13501311
-191.13482646
-191.13433879
-191.13135839
-191.12912886
-191.12830302
-191.12664613
-191.12535837
-191.12484381
-191.12396272
-191.12245766
-191.12218059
-191.12155945
-191.12020054
-191.11843546
-191.11628757
-191.11475063
-191.11434791
-191.11214329
-191.11117281
-191.11046077
-191.10910887
-191.10793100
-191.10703855
-191.10638408
-191.10578105
-191.10411247
-191.10263093
-191.10216247
-191.10145181
-191.09898677
-191.09765585
-191.09585338
-191.09395440
-191.09290645
-191.08995779
-191.08922259
-191.08814982
-191.08667470
-191.08612854
-191.08426806
-191.08341700
-191.08259617
-191.08190664
-191.08075748
-191.07882249
-191.07855354
-191.07795094
-191.07685241
-191.07552823
-191.07513230
-191.07191282
-191.07108936
-191.06965306
-191.06914425
-191.06854549
-191.06666177
-191.06503652
-191.06475343
-191.06390971
-191.06281474
-191.06136985
-191.06114367
-191.06031390
-191.05963219
-191.05838271
-191.05601428
-191.05566865
-191.05391017
-191.05248667
-191.05068702
-191.04931427
-191.04902830
-191.04745365
-191.04568029
-191.04441212
-191.04402011
-191.04259168
-191.04168941
-191.04029166
-191.03905567
-191.03846531
-191.03770856
-191.03570593
-191.03460434
-191.03245827
-191.03162755
-191.03088156
-191.03003884
-191.02929666
-191.02849775
-191.02705593
-191.02525172
-191.02495359
-191.02288185
-191.02173859
-191.02049377
-191.01856359
-191.01809469
-191.01683373
-191.01584510
-191.01528947
-191.01368947
-191.01238721
-191.01202717
-191.01076300
-191.00983399
-191.00911352
-191.00796770
-191.00658896
-191.00599219
-191.00434946
-191.00386961
-191.00344351
-191.00266146
-191.00148291
-191.00083824
-190.99946617
-190.99838600
-190.99721297
-190.99626349
-190.99528201
-190.99449779
-190.99311799
-190.99133072
-190.98995274
-190.98896483
-190.98722014
-190.98568658
-190.98444920
-190.98344119
-190.98218741
-190.98190207
-190.97967436
-190.97922818
-190.97857851
-190.97733794
-190.97610173
-190.97461267
-190.97280741
-190.97179217
-190.97158736
-190.96929302
-190.96814611
-190.96754998
-190.96679826
-190.96627608
-190.96484874
-190.96389944
-190.96347415
-190.96269801
-190.96089216
-190.96002391
-190.95910051
-190.95849354
-190.95631073
-190.95460828
-190.95399275
-190.95253710
-190.95133888
-190.95033858
-190.94972644
-190.94898836
-190.94700201
-190.94567137
-190.94509116
-190.94450916
-190.94256898
-190.94135938
-190.94071714
-190.93950991
-190.93800578
-190.93733261
-190.93678311
-190.93534553
-190.93397536
-190.93311360
-190.93176275
-190.93020349
-190.92897699
-190.92848382
-190.92703966
-190.92580231
-190.92453602
-190.92282416
-190.92221094
-190.92026890
-190.91990450
-190.91875304
-190.91786364
-190.91743524
-190.91658637
-190.91350653
-190.91222888
-190.91100100
-190.91033180
-190.90923063
-190.90761179
-190.90695852
-190.90424725
-190.90326378
-190.90254302
-190.90167598
-190.90016773
-190.89964414
-190.89933514
-190.89775919
-190.89672186
-190.89588215
-190.89468755
-190.89418494
-190.89207506
-190.89077023
-190.88990494
-190.88890597
-190.88748869
-190.88507915
-190.88339601
-190.88252707
-190.88169722
-190.87970047
-190.87945741
-190.87743141
-190.87691947
-190.87596015
-190.87466627
-190.87423674
-190.87286330
-190.87266374
-190.86992917
-190.86877735
-190.86732950
-190.86614289
-190.86560011
-190.86428482
-190.86179497
-190.85956620
-190.85927070
-190.85731007
-190.85598456
-190.85552808
-190.85404994
-190.85342773
-190.85232557
-190.85160585
-190.84890732
-190.84756590
-190.84680537
-190.84542889
-190.84447219
-190.84399096
-190.84335749
-190.84087326
-190.83939379
-190.83753492
-190.83717249
-190.83581236
-190.83376210
-190.83201125
-190.83129100
-190.82916203
-190.82854619
-190.82614595
-190.82518215
-190.82382744
-190.82375285
-190.82006511
-190.81954903
-190.81810173
-190.81688802
-190.81611330
-190.81396568
-190.81241157
-190.81119356
-190.80957485
-190.80762856
-190.80695601
-190.80506329
-190.80227744
-190.80124196
-190.79944511
-190.79867620
-190.79727315
-190.79575154
-190.79504671
-190.79294769
-190.79174450
-190.79044311
-190.78927240
-190.78825131
-190.78701164
-190.78562336
-190.78391679
-190.78285889
-190.78181624
-190.78024321
-190.77894979
-190.77608529
-190.77444409
-190.77172726
-190.77084556
-190.77033699
-190.76944543
-190.76784376
-190.76566126
-190.76418615
-190.76331296
-190.76065778
-190.75866786
-190.75828918
-190.75730786
-190.75510311
-190.75323555
-190.75225163
-190.75018077
-190.74858581
-190.74734207
-190.74596248
-190.74447449
-190.74325329
-190.74102266
-190.73584949
-190.73552629
-190.73474342
-190.73317602
-190.73131449
-190.73040911
-190.72746477
-190.72637317
-190.72475595
-190.72413494
-190.72322806
-190.72101609
-190.71871940
-190.71744023
-190.71596203
-190.71283336
-190.71088664
-190.70973684
-190.70814551
-190.70601925
-190.70421105
-190.70381882
-190.70300549
-190.70285227
-190.69997739
-190.69970275
-190.69770661
-190.69547567
-190.69338567
-190.69312722
-190.69156600
-190.68911032
-190.68713799
-190.68644518
-190.68454798
-190.68072419
-190.67989943
-190.67683571
-190.67504639
-190.67324150
-190.67097535
-190.66937876
-190.66828794
-190.66775523
-190.66394649
-190.66146363
-190.65978830
-190.65842314
-190.65674226
-190.65436963
-190.65283234
-190.65065289
-190.64856174
-190.64639730
-190.64277745
-190.64142505
-190.63919880
-190.63671963
-190.63577991
-190.63338957
-190.63212298
-190.63046815
-190.62937614
-190.62793922
-190.62600657
-190.62448773
-190.62285448
-190.62109206
-190.61712694
-190.61426048
-190.61406416
-190.61305182
-190.61122181
-190.60929067
-190.60815556
-190.60631042
-190.60556437
-190.60162366
-190.59833236
-190.59673774
-190.59473277
-190.59333806
-190.59090658
-190.59027351
-190.58835340
-190.58769137
-190.58660985
-190.58486547
-190.58432200
-190.58243961
-190.58010470
-190.57928843
-190.57804995
-190.57721076
-190.57527988
-190.57492616
-190.57217490
-190.57079841
-190.56864765
-190.56557219
-190.56492827
-190.56279745
-190.56184219
-190.56061883
-190.55868125
-190.55702638
-190.55675574
-190.55406407
-190.55217901
-190.55075497
-190.55008080
-190.54786492
-190.54700672
-190.54544408
-190.54453293
-190.54181246
-190.54058318
-190.53713128
-190.53440387
-190.53383053
-190.53238248
-190.53007971
-190.52930782
-190.52837443
-190.52542771
-190.52291455
-190.52141894
-190.52018761
-190.51634709
-190.51557308
-190.51446458
-190.51261900
-190.50973430
-190.50860261
-190.50785420
-190.50509940
-190.50269753
-190.50205752
-190.49838910
-190.49674144
-190.49556177
-190.49299299
-190.49022115
-190.48936469
-190.48779245
-190.48624026
-190.48318638
-190.48107956
-190.48079822
-190.47920255
-190.47609049
-190.47320297
-190.47208407
-190.47015096
-190.46793596
-190.46578208
-190.46386763
-190.46124288
-190.46020749
-190.45851801
-190.45680003
-190.45643407
-190.45535405
-190.45292625
-190.45041144
-190.44963920
-190.44839508
-190.44752967
-190.44594051
-190.44391599
-190.44250840
-190.44059693
-190.44022548
-190.43672686
-190.43505819
-190.43272590
-190.42837908
-190.42455879
-190.42399455
-190.42252300
-190.42099613
-190.42014469
-190.41701855
-190.41526213
-190.41287760
-190.40830012
-190.40725666
-190.40399159
-190.40074295
-190.39961485
-190.39860768
-190.39564039
-190.39416220
-190.39271330
-190.38940486
-190.38681326
-190.38509988
-190.38327289
-190.37951816
-190.37704708
-190.37614134
-190.37456505
-190.37256351
-190.37155463
-190.36958718
-190.36475129
-190.36321682
-190.36066925
-190.35892159
-190.35612346
-190.35472458
-190.35139300
-190.35048394
-190.34874255
-190.34732951
-190.34370969
-190.34108181
-190.33846964
-190.33680876
-190.33586863
-190.33174641
-190.33044483
-190.32647552
-190.32621280
-190.32337723
-190.32211216
-190.31951613
-190.31656734
-190.31461653
-190.31362047
-190.31012372
-190.30710198
-190.30267931
-190.29982568
-190.29863444
-190.29747652
-190.29384593
-190.29211422
-190.28939805
-190.28929275
-190.28434313
-190.28172373
-190.28075686
-190.27899513
-190.27570094
-190.27186811
-190.26906855
-190.26739884
-190.26701090
-190.26186282
-190.25968953
-190.25756751
-190.25359222
-190.25058247
-190.24785555
-190.24718578
-190.24539284
-190.24149630
-190.24000246
-190.23845378
-190.23491181
-190.23368291
-190.22969425
-190.22666292
-190.22476441
-190.21917499
-190.21628925
-190.21400470
-190.21037989
-190.20894581
-190.20494569
-190.20278286
-190.20036247
-190.19856184
-190.19453056
-190.19227617
-190.19143273
-190.18686320
-190.18578651
-190.18251284
-190.18102496
-190.17862399
-190.17751380
-190.17449609
-190.17265075
-190.17189978
-190.16826648
-190.16284571
-190.15858841
-190.15398222
-190.15254217
-190.15017897
-190.14892658
-190.14597105
-190.14394078
-190.14163639
-190.13969718
-190.13605141
-190.13549141
-190.13304512
-190.12794481
-190.12525010
-190.12119178
-190.11677121
-190.11428852
-190.11140798
-190.11058613
-190.10841951
-190.10651624
-190.10409883
-190.09966733
-190.09868202
-190.09755948
-190.09390519
-190.09266612
-190.09076011
-190.08620507
-190.08441385
-190.08111489
-190.07969802
-190.07823358
-190.07439921
-190.07273040
-190.07163913
-190.06784958
-190.06545112
-190.06372560
-190.06174416
-190.05932392
-190.05698530
-190.05672092
-190.05036554
-190.04950945
-190.04816720
-190.04556476
-190.04312466
-190.04095829
-190.03823653
-190.03597892
-190.03308250
-190.02926844
-190.02395103
-190.02199720
-190.02039501
-190.01896364
-190.01614249
-190.01359288
-190.00917052
-190.00862780
-190.00643272
-190.00455815
-189.99952310
-189.99694972
-189.99511881
-189.99220434
-189.98964686
-189.98875051
-189.98365001
-189.98235718
-189.98164280
-189.98038689
-189.97532396
-189.97397859
-189.97065877
-189.96790791
-189.96569569
-189.96243337
-189.95987157
-189.95491079
-189.95306314
-189.95232871
-189.94994392
-189.94833434
-189.94726048
-189.94151341
-189.93905271
-189.93689883
-189.93608045
-189.92981770
-189.92800652
-189.92688765
-189.92252214
-189.91729317
-189.91503347
-189.91006094
-189.90930441
-189.90912753
-189.90539425
-189.90075443
-189.89793042
-189.89700189
-189.89609293
-189.89093286
-189.88997201
-189.88824477
-189.88616855
-189.88348101
-189.88250535
-189.87875777
-189.87797911
-189.87477356
-189.87256381
-189.86790868
-189.86677366
-189.86382473
-189.86105031
-189.86023954
-189.85668786
-189.85565793
-189.85518054
-189.85271301
-189.84697666
-189.84546008
-189.84408934
-189.84182781
-189.83807003
-189.83465568
-189.83315718
-189.83085560
-189.83055096
-189.82568064
-189.82281725
-189.82181631
-189.81753762
-189.81507212
-189.81434996
-189.81108599
-189.80862774
-189.80643711
-189.80529322
-189.80055424
-189.79768256
-189.79379271
-189.79095428
-189.78807633
-189.78501684
-189.78366246
-189.77999530
-189.77732773
-189.77493538
-189.77279720
-189.76734068
-189.76509801
-189.76237339
-189.76046158
-189.75650516
-189.75297987
-189.74907748
-189.74655013
-189.74095377
-189.73927936
-189.73667557
-189.73499790
-189.72964752
-189.72759397
-189.72393249
-189.72270263
-189.72200663
-189.71940255
-189.71725741
-189.71419955
-189.71159171
-189.70947334
-189.70357789
-189.70296581
-189.69934491
-189.69667454
-189.69366887
-189.69101696
-189.68665902
-189.68495672
-189.68362659
-189.67993243
-189.67821439
-189.67596979
-189.67272483
-189.67052204
-189.66688041
-189.66439974
-189.66240926
-189.66054918
-189.65845656
-189.65309406
-189.65302368
-189.65231297
-189.65008652
-189.64982069
-189.64396874
-189.63942181
-189.63703638
-189.63209279
-189.62652971
-189.62405171
-189.62104823
-189.61888239
-189.61727569
-189.61268192
-189.61113046
-189.60997075
-189.60729242
-189.60384637
-189.60134752
-189.59925859
-189.59730850
-189.59553614
-189.59323722
-189.59073191
-189.58733230
-189.58415936
-189.58221048
-189.58054071
-189.57937443
-189.57810943
-189.57482315
-189.57390688
-189.57063949
-189.56815853
-189.56604862
-189.55943226
-189.55797311
-189.55688214
-189.55480217
-189.55152291
-189.54805015
-189.54558129
-189.54431675
-189.54244490
-189.53627703
-189.52927840
-189.52840564
-189.52709006
-189.52674237
-189.52368031
-189.51992132
-189.51746753
-189.50995463
-189.50919395
-189.50747152
-189.50641561
-189.50333903
-189.49960379
-189.49332925
-189.49069427
-189.48877966
-189.48460257
-189.48075247
-189.48023869
-189.47795205
-189.47357014
-189.47139693
-189.47015529
-189.46781548
-189.46469780
-189.46177187
-189.45822072
-189.45766650
-189.45267036
-189.45050290
-189.44681603
-189.44527187
-189.44314012
-189.43484637
-189.43406910
-189.43316076
-189.42916261
-189.42673290
-189.42613025
-189.42180268
-189.41667501
-189.41642492
-189.41215754
-189.41038907
-189.40589606
-189.40292135
-189.40189956
-189.39876604
-189.39652124
-189.39586588
-189.39254317
-189.39221026
-189.39063409
-189.38667075
-189.38486377
-189.38168226
-189.38002320
-189.37818424
-189.37540406
-189.37443487
-189.37028496
-189.36878287
-189.36773107
-189.36367236
-189.36168118
-189.36046893
-189.35895718
-189.35743275
-189.35173042
-189.34727684
-189.34527579
-189.33979173
-189.33504032
-189.33385582
-189.33044993
-189.32903298
-189.32417776
-189.31932696
-189.31758775
-189.31535228
-189.31299130
-189.31056289
-189.30781242
-189.30735686
-189.30565610
-189.30155035
-189.29445815
-189.29007126
-189.28880804
-189.28844788
-189.28616407
-189.28119620
-189.27905586
-189.27498131
-189.27370346
-189.27102102
-189.26861892
-189.26600304
-189.25951305
-189.25688390
-189.25545822
-189.25236724
-189.24967941
-189.24786547
-189.24294536
-189.23678114
-189.23640433
-189.23563367
-189.23216544
-189.22788995
-189.22586300
-189.22238797
-189.21975891
-189.21546273
-189.21253785
-189.20997466
-189.20664202
-189.20583687
-189.20394848
-189.19488002
-189.19351444
-189.19091210
-189.18421340
-189.18116969
-189.17777775
-189.17584343
-189.17262950
-189.16903559
-189.16879925
-189.16439076
-189.16106323
-189.15611726
-189.15571390
-189.15233791
-189.14909494
-189.14575349
-189.14523922
-189.13954123
-189.13753429
-189.13623508
-189.13354325
-189.13141252
-189.13041669
-189.12722677
-189.12319442
-189.11726471
-189.11229562
-189.10945138
-189.10548385
-189.10215257
-189.09911888
-189.09591286
-189.09265035
-189.09179444
-189.08916676
-189.08586674
-189.08039074
-189.07753023
-189.07542718
-189.07437593
-189.07099254
-189.06786123
-189.06526978
-189.05647949
-189.05580627
-189.05363003
-189.05217308
-189.04730253
-189.04048365
-189.03758957
-189.03409771
-189.02881865
-189.02768024
-189.02473138
-189.01799028
-189.01708483
-189.01213160
-189.01073077
-189.00742854
-189.00491572
-189.00093824
-188.99965710
-188.99452982
-188.99168283
-188.98834944
-188.98479529
-188.98171144
-188.97685931
-188.97461704
-188.97257852
-188.96940408
-188.96736395
-188.96385940
-188.95925874
-188.95862232
-188.95093799
-188.94718539
-188.94234891
-188.93869994
-188.93834089
-188.93357927
-188.93309087
-188.92892129
-188.92654815
-188.92234348
-188.91920746
-188.91635741
-188.91316803
-188.90822770
-188.90626489
-188.90590985
-188.90343545
-188.89910734
-188.89641903
-188.89528825
-188.88973816
-188.88576190
-188.88258510
-188.87670364
-188.87586096
-188.87144740
-188.86847886
-188.86146851
-188.85659352
-188.85213168
-188.84742025
-188.84536118
-188.83799026
-188.83312999
-188.82849011
-188.82759391
-188.82361808
-188.81977725
-188.81902618
-188.81304173
-188.80963513
-188.79607943
-188.79059881
-188.78878070
-188.78220862
-188.77923911
-188.77826994
-188.77438264
-188.76946653
-188.76348284
-188.76149919
-188.75931843
-188.75230669
-188.75142799
-188.74758762
-188.74496683
-188.74237013
-188.74097266
-188.73900271
-188.73605829
-188.73395823
-188.73039363
-188.72388356
-188.72010651
-188.71443382
-188.71380244
-188.70201332
-188.70072449
-188.69406138
-188.68896741
-188.68670116
-188.68227133
-188.68157987
-188.68011813
-188.66601747
-188.66136277
-188.65604752
-188.65092264
-188.64992514
-188.64635299
-188.64100430
-188.63411124
-188.63350275
-188.62985397
-188.62466232
-188.61971865
-188.61890518
-188.61116180
-188.60292368
-188.60109590
-188.59524611
-188.58748764
-188.58153914
-188.57603361
-188.57027902
-188.56802779
-188.56513421
-188.55491318
-188.55105060
-188.54851039
-188.54600026
-188.53953979
-188.53680952
-188.52908407
-188.52850986
-188.52398265
-188.51987139
-188.51040533
-188.50806143
-188.50410812
-188.50071579
-188.49014288
-188.48534661
-188.48356250
-188.48209536
-188.47797756
-188.46872229
-188.46514671
-188.44347486
-188.43489731
-188.42430838
-188.41975454
-188.41550747
-188.41106973
-188.40792015
-188.40526900
-188.39580528
-188.38427704
-188.37695458
-188.36640570
-188.36219098
-188.35789813
-188.35528419
-188.35388044
-188.35153466
-188.34512201
-188.34397959
-188.32776008
-188.32460647
-188.29924998
-188.29550903
-188.29070575
-188.28696332
-188.28021407
-188.26546075
-188.24256093
-188.22922719
-188.21575974
-188.20048747
-188.19907903
-188.18337350
-188.17935946
-188.17594945
-188.17327404
-188.16964717
-188.16418451
-188.15576235
-188.15396803
-188.15202783
-188.13921165
-188.11995545
-188.11371341
-188.11229475
-188.09793506
-188.08786450
-188.08131193
-188.07145821
-188.05817150
-188.05674081
-188.05113067
-188.04554084
-188.03835865
-188.02827848
-188.01878064
-188.00393257
-187.99310453
-187.99134321
-187.98011538
-187.97373188
-187.96101799
-187.94674753
-187.94235316
-187.93077496
-187.92141456
-187.91230066
-187.89430818
-187.88594179
-187.88070852
-187.87762306
-187.87045579
-187.85671855
-187.85228952
-187.84704354
-187.83029577
-187.82760904
-187.80625926
-187.79208011
-187.78750218
-187.76508400
-187.75531851
-187.75437410
-187.75163723
-187.73723721
-187.72964438
-187.72476844
-187.71732709
-187.70982588
-187.70600432
-187.69862424
-187.68623161
-187.68470231
-187.68321516
-187.67009358
-187.66237770
-187.64170695
-187.63245755
-187.62889312
-187.60973989
-187.59970477
-187.59842354
-187.59468238
-187.58498031
-187.58027086
-187.57767250
-187.57137419
-187.56831786
-187.56246374
-187.54335614
-187.54074493
-187.53754048
-187.45784203
-187.43975340
-187.42926714
-187.41321671
-187.40749913
-187.39837863
-187.36575789
-187.36406269
-187.33973613
-187.23029467
-187.20917793
-187.19765283
-187.18776773
-187.17352791
-187.16943776
-187.04269303
-187.03026335
-187.00393256
-180.93108370
-180.92437032
-180.90922404
-180.90263843
-180.90158493
-180.85468739
-180.85279439
-180.85013949
-180.82413686
-180.80292132
-180.79483628
-180.78303885
-180.78107202
-180.76448354
-180.75917486
-180.75831090
-180.75245869
-180.74910908
-180.74636389
-180.74526715
-180.73958547
-180.73785927
-180.73418930
-180.72993038
-180.72069005
-180.71534854
-180.71517023
-180.71333776
-180.70882080
-180.70646712
-180.70531140
-180.69541894
-180.69205396
-180.69101192
-180.68985003
-180.68740020
-180.68509285
-180.67677614
-180.67655162
-180.66946554
-180.66878512
-180.66698426
-180.65913701
-180.65628208
-180.65464695
-180.65429911
-180.65058370
-180.64942829
-180.64736292
-180.63500845
-180.63385555
-180.62611843
-180.62393412
-180.61650754
-180.61602696
-180.61436594
-180.60893951
-180.60763979
-180.60741533
-180.60367097
-180.59818096
-180.59452561
-180.59394410
-180.58681216
-180.58633874
-180.57885364
-180.57861227
-180.57850110
-180.57453314
-180.57079752
-180.56347038
-180.56034488
-180.55899368
-180.55760122
-180.55726908
-180.55439516
-180.54811612
-180.54750791
-180.54470967
-180.53180191
-180.53104750
-180.52236670
-180.52189811
-180.51538084
-180.50900212
-180.50171530
-180.49765532
-180.49306817
-180.48918738
-180.48823224
-180.48401404
-180.47879044
-180.47225242
-180.47060432
-180.47020314
-180.45774355
-180.45251976
-180.44527360
-180.43874580
-180.43771224
-180.43516312
-180.43199853
-180.42767229
-180.42181608
-180.42040703
-180.41742973
-180.41593363
-180.40632863
-180.40430259
-180.39657582
-180.39531244
-180.38661980
-180.38445757
-180.38292026
-180.37319082
-180.37067082
-180.36628319
-180.36458961
-180.36427105
-180.35765552
-180.35533363
-180.35460187
-180.34714153
-180.34536268
-180.33246295
-180.32687042
-180.32228273
-180.31832649
-180.31608758
-180.30688046
-180.30387535
-180.29577835
-180.29536310
-180.28588575
-180.28116003
-180.28059569
-180.27771537
-180.27496023
-180.26988784
-180.26978468
-180.26555035
-180.25774674
-180.24898290
-180.24826617
-180.24776477
-180.24721356
-180.24600777
-180.23397221
-180.23269802
-180.23147841
-180.22593979
-180.21948501
-180.21840431
-180.21451051
-180.21293414
-180.21265227
-180.20840720
-180.19894785
-180.19862633
-180.19829571
-180.18744893
-180.18524849
-180.18438725
-180.17126598
-180.16803813
-180.16111684
-180.15902726
-180.15717576
-180.14555412
-180.14526007
-180.13208692
-180.13176711
-180.12763350
-180.12498776
-180.11990238
-180.11742214
-180.11520721
-180.11026389
-180.10248332
-180.09637059
-180.09374578
-180.07458223
-180.07435157
-180.06720774
-180.06679883
-180.04132658
-180.04035206
-180.03459879
-180.01690360
-180.01260447
-180.00628123
-179.99804061
-179.99608575
-179.98941538
-179.98865037
-179.98083082
-179.96623236
-179.96539328
-179.93331443
-179.92953324
-179.91841056
-179.90527944
-179.90229338
-179.87542479
-179.87311980
-179.85096612
-179.85070600
-179.82564948
-179.81498957
-179.78960776
-179.78334709
-179.77442320
-179.76995196
-179.75768113
-179.75169512
-179.73200596
-179.72914343
-179.71935263
-179.71244362
-179.69234232
-179.68915705
-179.68491388
-179.66521984
-179.66116398
-179.65342903
-179.64093102
-179.62476489
-179.60216002
-179.59990503
-179.58027617
-179.57117000
-179.56548869
-179.55143444
-179.53401051
-179.51026256
-179.50856263
-179.50465431
-179.49505487
-179.49292668
-179.48021155
-179.43946071
-179.43662082
-179.42827019
-179.42775071
-179.40511083
-179.39889179
-179.39028671
-179.38999341
-179.38518379
-179.34533838
-179.34432223
-179.32521334
-179.31184020
-179.30694490
-179.28353560
-179.26490817
-179.25496375
-179.25376233
-179.24217379
-179.23329316
-179.23216265
-179.22272994
-179.21114288
-179.20666552
-179.18870143
-179.18612222
-179.16837126
-179.16294409
-179.14947640
-179.14575412
-179.12407098
-179.11321926
-179.10198832
-179.09974270
-179.08733566
-179.07442503
-179.05802593
-179.05429499
-179.05297152
-179.02132665
-179.00755226
-178.99553950
-178.99153237
-178.98936237
-178.97910085
-178.97425907
-178.96991416
-178.95518340
-178.93940065
-178.93742624
-178.93273588
-178.92057611
-178.91882015
-178.91004405
-178.88933689
-178.88062741
-178.86480485
-178.83037576
-178.81371398
-178.81072040
-178.81033055
-178.80890316
-178.78759034
-178.77199349
-178.76364075
-178.75559587
-178.73937743
-178.72858887
-178.70172238
-178.69924540
-178.68192773
-178.66103664
-178.64723180
-178.64508184
-178.63660280
-178.61727340
-178.61686373
-178.58295024
-178.58260636
-178.56779354
-178.55514004
-178.55006882
-178.54584866
-178.53819972
-178.53230740
-178.53107811
-178.51069099
-178.50450588
-178.49134973
-178.46344709
-178.44959457
-178.44463552
-178.43703407
-178.41533944
-178.39916298
-178.39125323
-178.37212946
-178.36783447
-178.35132825
-178.34180848
-178.32171438
-178.31597586
-178.30420160
-178.29407971
-178.27642380
-178.26098229
-178.22431167
-178.20903078
-178.20112898
-178.15817770
-178.14266962
-178.13375029
-178.12380573
-178.08578671
-178.03846330
-178.03724277
-178.00982270
-177.99257997
-177.97439561
-177.96912187
-177.93170723
-177.91039147
-177.89500301
-177.87496370
-177.83300204
-177.81519856
-177.78704916
-177.73420990
-177.72843777
-177.54115258
-177.51463939
-177.40753905
-177.39332764
-177.35397571
-177.32113117
-177.21785634
-177.20643578
-177.18287458
-177.17425284
-177.11817663
-177.09330846
-177.08220738
-177.07817800
-177.04046147
-177.03258906
-177.00684247
-177.00538610
-176.96790314
-176.94781765
-176.92888982
-171.65086225
-171.62775682
-171.48891828
-171.45080284
-171.44420510
-171.43470901
-171.41331899
-171.40487088
-171.39799475
-171.39529767
-171.38505806
-171.36381696
-171.35638855
-171.34758415
-171.33677912
-171.33358286
-171.32533152
-171.31622416
-171.31326387
-171.30107657
-171.28291827
-171.26758158
-171.26380723
-171.25433025
-171.24082558
-171.23201805
-171.22226601
-171.20425491
-171.18361291
-171.15597910
-171.15093966
-171.13846946
-171.13432036
-171.09963369
-171.09577635
-171.07850151
-171.06728679
-171.05035116
-171.04075931
-171.03136786
-171.02099914
-171.01231236
-170.99724349
-170.98347201
-170.96860013
-170.95991913
-170.94612954
-170.93447972
-170.92105456
-170.91085189
-170.89997002
-170.89188049
-170.87428484
-170.85954617
-170.84019356
-170.83635381
-170.82139196
-170.81094768
-170.79016841
-170.77333120
-170.76136177
-170.71445900
-170.69680312
-170.67984885
-170.66620860
-170.64819583
-170.62879575
-170.58594674
-170.54939722
-170.51477121
-170.47100344
-170.44214506
-170.42690007
-170.40449659
-170.38397097
-170.33149044
-170.32605399
-170.29919551
-170.24593707
-170.21875263
-170.14200252
-170.09512924
-170.05151571
-170.02171005
-170.00548867
-169.96566256
-169.92743901
-169.87407377
-169.85213229
-169.80863097
-169.79330805
-169.76981351
-169.69306331
-169.67205644
-169.63848213
-169.61548535
-169.58313838
-169.53338491
-169.50279635
-169.45130054
-169.42805184
-169.40728815
-169.38609089
-169.35123098
-169.26892363
-169.26174389
-169.23991744
-169.20778870
-169.20280394
-169.13819466
-169.08404527
-169.02914229
-169.00259492
-168.91274839
-168.87319452
-168.85686537
-168.82544444
-168.78388820
-168.64454004
-168.61230378
-168.56921672
-168.53963515
-168.48529823
-168.44204366
-168.40431942
-168.37184468
-168.23423445
-168.20773495
-168.13138368
-167.99456573
