-363.619554585568153
-363.613818301709557
-363.604054184135862
-363.596484123873438
-363.587656725011243
-363.583031205580426
-363.579689165544153
-363.572596701340274
-363.568377739124287
-363.565572725804429
-363.564582928352308
-363.561863994785369
-363.559146436052515
-363.554170154926908
-363.552889634077246
-363.549858793316389
-363.548057814711228
-363.547355301442508
-363.540845477736696
-363.537353730654161
-363.536975650464456
-363.532619069044188
-363.530637483627061
-363.529245598998330
-363.527929100458493
-363.524120054362015
-363.522031816279991
-363.520732175664136
-363.518777820099160
-363.516044622211950
-363.515584324437668
-363.511757842034172
-363.508654973471380
-363.506860870134517
-363.505142220870994
-363.502741776466166
-363.499188089582788
-363.497297804496782
-363.496731407841764
-363.496083187379384
-363.495795823140725
-363.494659866618179
-363.493481052631296
-363.492013758118446
-363.489056914889034
-363.488471085694357
-363.487837362213327
-363.486729437787801
-363.486129576904375
-363.482616848538669
-363.481783482843070
-363.480652712239078
-363.479302434150668
-363.477620611899283
-363.476648883598102
-363.475435461993300
-363.472363900902508
-363.471988749805405
-363.470398030771207
-363.469807275085145
-363.467099189768931
-363.466612548638523
-363.464576096410724
-363.463289025050130
-363.461619925448304
-363.460005044950606
-363.459958670672279
-363.458253429243143
-363.457417265236700
-363.457100884727595
-363.455102757734210
-363.454099156203597
-363.451894763383677
-363.450884357880000
-363.449300117559858
-363.447953966779153
-363.445627808060067
-363.444233039427672
-363.443730043011158
-363.443165167658037
-363.442299711571479
-363.439062350700056
-363.438440131790458
-363.437951868637640
-363.437390510210321
-363.436599944546799
-363.435687940696425
-363.435314956001037
-363.434840699742324
-363.433909834438623
-363.431654880807855
-363.430147292160314
-363.429363027440388
-363.428266102397970
-363.427131119905482
-363.426065142659752
-363.425825669780863
-363.424414194821622
-363.424014234359561
-363.423383517763853
-363.422248676162212
-363.420553701372853
-363.419500763835401
-363.418992786285287
-363.418304335253481
-363.415984763204790
-363.415915398238951
-363.414604677532225
-363.414360057291162
-363.413653279583798
-363.412777751674923
-363.411681180307824
-363.410620173294433
-363.410392074968627
-363.409475458248039
-363.408305688615485
-363.407721897440922
-363.407184933930921
-363.405493823712732
-363.404991724730053
-363.404254998956503
-363.403293118743477
-363.402571014424154
-363.402062219264167
-363.401507451689383
-363.400502947773020
-363.400067967478208
-363.399784763402295
-363.399104106298296
-363.398126390640300
-363.397261778500479
-363.396268409005927
-363.395542841442079
-363.394232303359956
-363.393296704127749
-363.392225842060896
-363.391425229533752
-363.389505242057908
-363.388922415371496
-363.388402113044435
-363.387229720609412
-363.386750562747409
-363.386109119268781
-363.385016563835279
-363.384409331757411
-363.383573078443533
-363.383260913817992
-363.382124913585358
-363.381773215605278
-363.380698715715880
-363.380399277497986
-363.379745249973951
-363.379362997117994
-363.378859435518621
-363.378137169330387
-363.377244641582138
-363.376271731376562
-363.375754212152003
-363.373873205286600
-363.373207883282760
-363.372852834999435
-363.372261904941865
-363.371507680372872
-363.370927090416842
-363.370271470490422
-363.369828485599896
-363.369433320435519
-363.369035488331861
-363.368413462849674
-363.367778047705940
-363.367382048437150
-363.366434626804903
-363.365865934152225
-363.365224482805502
-363.363783230818115
-363.363003324078477
-363.362992069809536
-363.362549342966247
-363.361824236969426
-363.361512238675687
-363.361345369732135
-363.360379058781120
-363.360071424328794
-363.359088019422757
-363.358462524352433
-363.358201759568772
-363.357267552251187
-363.357230638887700
-363.356386963756734
-363.356027218537804
-363.355276330273341
-363.354934023400915
-363.354045000896008
-363.353160088986442
-363.352981076045239
-363.352061179244799
-363.351897859181179
-363.351395942556280
-363.350644465805431
-363.350355395734709
-363.350000029219132
-363.349786641078879
-363.349483282256415
-363.349066150169790
-363.348446817458068
-363.347807567218922
-363.347391699020818
-363.347046042721445
-363.346585770000161
-363.345726483920203
-363.345580467930176
-363.344753140742398
-363.344594863176155
-363.344471877336161
-363.343422686297572
-363.343226878658925
-363.342878555572213
-363.342489769557005
-363.342074134426809
-363.341176710598290
-363.340912661352604
-363.340237038819907
-363.339894793516123
-363.339448425098283
-363.338534111654212
-363.337765252601685
-363.336688498337423
-363.336502833730776
-363.336410992238996
-363.335542951471041
-363.335313397344009
-363.334373291072609
-363.334133720327316
-363.333791530057852
-363.333158562666313
-363.332465496540465
-363.331941837759302
-363.331211851629234
-363.330580033660112
-363.330060490017786
-363.329613038372429
-363.329328710772245
-363.328810207119091
-363.328050472531459
-363.327743393789206
-363.326884993571355
-363.326513165493509
-363.326387372460260
-363.325800693323117
-363.325189141796159
-363.325144609753863
-363.324605717802683
-363.323502800919300
-363.323195306181958
-363.322751501939820
-363.322681618492311
-363.322096549994910
-363.321645283372334
-363.320928762547112
-363.320807205567121
-363.320017450804130
-363.319829999803574
-363.319604010805449
-363.318658949414100
-363.318380781059204
-363.317950108962577
-363.317346938877279
-363.316738507291632
-363.316320663262957
-363.316134879491756
-363.315763800203342
-363.315235155322796
-363.314977684297276
-363.314254962554458
-363.313031103200615
-363.312554931515763
-363.311848895050957
-363.311507584227229
-363.311460738102653
-363.310791158169138
-363.310441160681137
-363.310083182618143
-363.309380170834459
-363.308902905920775
-363.308685552219401
-363.308442182904798
-363.307658183440083
-363.306765616706741
-363.306202153659569
-363.305974375463336
-363.305588075940989
-363.304744358365781
-363.304632356600052
-363.304191906623544
-363.303511154290618
-363.303461999790215
-363.302852302369786
-363.302742692856270
-363.302257871612198
-363.301440851444852
-363.300820429640510
-363.300471916694960
-363.300020124801051
-363.299666275009258
-363.299414394420353
-363.298355837184033
-363.297904769695606
-363.297630987122261
-363.297136553573807
-363.296908136087836
-363.296357492299990
-363.296180182192643
-363.295268132875549
-363.294762759241337
-363.294667281028012
-363.294045016842404
-363.293903237133179
-363.293519772752461
-363.292542432571736
-363.292191716425691
-363.291802089588828
-363.291201127395652
-363.290695752533679
-363.290243297577945
-363.289542959911216
-363.288990484644842
-363.288669130203630
-363.288567459973081
-363.287689728847511
-363.287324260991113
-363.286597034854594
-363.286127924073810
-363.285963734120401
-363.285415211718771
-363.285071220829195
-363.284658924816711
-363.283526378435454
-363.283442015574678
-363.283025002522152
-363.282561139470715
-363.281847112673404
-363.281267623593180
-363.281119425660677
-363.280331271962041
-363.280111511321991
-363.279699523717056
-363.279370925266164
-363.278557554410384
-363.278227451749558
-363.277534212303749
-363.277210382582837
-363.276989007087479
-363.276643328700800
-363.276486361185164
-363.276052733698123
-363.275323544950425
-363.275079018240092
-363.274393191289334
-363.273563398260364
-363.273024653875552
-363.272527872847149
-363.271963574045003
-363.271697975902725
-363.271646664640855
-363.271170605690656
-363.270771520209337
-363.270551586796046
-363.270303933269417
-363.269532757683862
-363.269377294618039
-363.268718220471328
-363.268428706457257
-363.268207461443978
-363.267931990665147
-363.267683967937955
-363.267247576236457
-363.266291461112985
-363.265958087220213
-363.265708756270101
-363.265046391749991
-363.264795257260744
-363.264727851550902
-363.263934071961103
-363.263681553804247
-363.262816257179679
-363.262250878541920
-363.262021235059592
-363.261597910419539
-363.261300792339512
-363.260989400949086
-363.260852920591276
-363.260524737200569
-363.259913428914842
-363.259370968431824
-363.259168222476319
-363.258850601150186
-363.258288533721611
-363.257945163666932
-363.257297302195525
-363.256715743109964
-363.256433468240289
-363.256223890108629
-363.255835012840578
-363.255481124041751
-363.255169704587388
-363.254737962988202
-363.254327912719020
-363.254203407121224
-363.253787742931138
-363.253418910312121
-363.253104531432541
-363.252618182052288
-363.252075006134817
-363.251717268493962
-363.251561241491970
-363.251190511888581
-363.251082657555230
-363.250933817694488
-363.250017089631569
-363.249630622914310
-363.249303994567413
-363.249270247184654
-363.248485276980830
-363.248299470204813
-363.247743986099977
-363.247331790320914
-363.246746792228805
-363.246320861861932
-363.245763616506338
-363.245328391310920
-363.245057808336242
-363.244814807481760
-363.244501905238735
-363.244378362462612
-363.244168508762243
-363.243192118833406
-363.243173359684704
-363.242881429311353
-363.242641535326300
-363.242128001808680
-363.241256318915475
-363.240994468875783
-363.240418349272602
-363.240333843349049
-363.239949819165361
-363.239787080942278
-363.239581027659881
-363.239100757777464
-363.238826281938429
-363.238470338419972
-363.238422382711235
-363.237870475467844
-363.237818328123922
-363.237262761332829
-363.236409460048435
-363.236299873708106
-363.235742089983091
-363.235622476472201
-363.235099802257025
-363.234534859565940
-363.234274725283740
-363.234017053267564
-363.233441838128783
-363.233156695025002
-363.232673677752416
-363.232033196718589
-363.231924366178930
-363.231564869965780
-363.231016539464633
-363.230717826456043
-363.230358614393140
-363.230076422098136
-363.229881028818738
-363.229404758467695
-363.229126133671627
-363.229034604338210
-363.228595031047405
-363.228245706537280
-363.227873062674291
-363.227354404206494
-363.227053758262969
-363.226839792746489
-363.226283962139917
-363.226253448732507
-363.225506297820800
-363.224941127473187
-363.224621078651637
-363.224571663937922
-363.223805566916781
-363.223562707769076
-363.223269560945710
-363.222943495682330
-363.222704514475197
-363.221868758678511
-363.221645105578318
-363.221445206148758
-363.220785777882156
-363.220410578424833
-363.219808572996783
-363.219681774622870
-363.219234268251284
-363.218895300537667
-363.218614084056128
-363.218263277278709
-363.217917485312000
-363.217710070533940
-363.216960193952787
-363.216102096474060
-363.215988005144709
-363.215575923159406
-363.215213239760487
-363.214709345072833
-363.214279893278785
-363.213847809280480
-363.213709196620243
-363.213249135518254
-363.213118474942405
-363.212706699899343
-363.212333763260403
-363.211936071557318
-363.211401613022815
-363.211186682102266
-363.210959594320514
-363.210336768619356
-363.209997240399673
-363.209732834202384
-363.209094209177408
-363.208575143635869
-363.208263265041353
-363.208032323817349
-363.207413834230863
-363.207071840420895
-363.206926925247615
-363.206678390884122
-363.206417659188048
-363.206292115887152
-363.205882670061328
-363.205059551896227
-363.204681290542396
-363.204150379683085
-363.203627261222721
-363.203338728013136
-363.203036381870049
-363.202742586690704
-363.202578799899300
-363.202504347828892
-363.201948630811103
-363.201558860345187
-363.201402801062841
-363.200957502436381
-363.200755801528373
-363.200223525813897
-363.199565515417703
-363.199277824184719
-363.199101852160652
-363.198734322422467
-363.198143783734167
-363.197693281049283
-363.197626807653819
-363.196715827074968
-363.196362401361171
-363.195748884148884
-363.195513433980921
-363.195090729783544
-363.194792885023332
-363.194580459746248
-363.194376947751323
-363.193975145891272
-363.193396588354744
-363.193022400837890
-363.192481882142602
-363.192143726160339
-363.191846518261968
-363.191605256519324
-363.190919343253711
-363.190770496740356
-363.190372505690618
-363.189913568194413
-363.189515723453439
-363.189104399995642
-363.188889166851993
-363.188727976268126
-363.188338485662314
-363.187781278868044
-363.187116315956644
-363.187012790580297
-363.186594536091434
-363.186025976686267
-363.185848285418615
-363.185811127304305
-363.185297900204887
-363.184781223226651
-363.184540385523860
-363.184180043401739
-363.183768234594481
-363.183519901056457
-363.183284592951168
-363.182621039560104
-363.182457307059337
-363.181863555664052
-363.181655559275157
-363.181133934683317
-363.180537425908938
-363.180284986004722
-363.179714053061218
-363.179387726655989
-363.179050357806318
-363.178805058311298
-363.178279826268067
-363.177891934729871
-363.177290270741366
-363.177012063030190
-363.176593711653368
-363.176261010408666
-363.175921369382763
-363.175340687068797
-363.174856501833744
-363.174793657871362
-363.174437247722040
-363.174264873080347
-363.173704432322950
-363.173509613810040
-363.173091986923055
-363.172840414707593
-363.172451719639525
-363.171976348552562
-363.171886287626933
-363.171628915353551
-363.171036363688700
-363.170931516766359
-363.170461083156965
-363.170399730446093
-363.169672539234739
-363.169167002338270
-363.169117589734185
-363.169048796654238
-363.168323083909911
-363.167909992986097
-363.167440696612573
-363.166921311020928
-363.166710394469078
-363.166481322111167
-363.166119703647666
-363.165433966890248
-363.165077069358688
-363.164812046441227
-363.164665107150086
-363.164125175768447
-363.163984653177408
-363.163913592668905
-363.163464079114419
-363.162565844258268
-363.162341720174254
-363.162127121873198
-363.161564476584658
-363.161254417215503
-363.161109226910241
-363.160938100659223
-363.160098094374689
-363.159628633906834
-363.159487541658507
-363.159125754032857
-363.158982955028705
-363.158532989418063
-363.158364374908103
-363.158178931912062
-363.157741611501763
-363.157402439315661
-363.156962484631038
-363.156678506577578
-363.156463332471901
-363.156176090390886
-363.155673201857837
-363.155260585264955
-363.155109169393086
-363.154662036250272
-363.154475715826777
-363.154109233897316
-363.153789896226669
-363.153344017441555
-363.153187421608436
-363.152708945440224
-363.152388232615976
-363.151611415491516
-363.151296584114334
-363.151028911066419
-363.150869245762067
-363.150794035072920
-363.150298552633501
-363.150129184396235
-363.150094372672072
-363.149569742268284
-363.149146280402817
-363.148653789397258
-363.148444693897943
-363.148137459396708
-363.147795846532290
-363.147086360197193
-363.146444041595316
-363.146339022281097
-363.145975976308875
-363.145748950952623
-363.145425750586014
-363.144886141730069
-363.144695743397904
-363.143905719531404
-363.143821680006340
-363.143650267295186
-363.143071830537281
-363.142663063692339
-363.142505126567130
-363.142111474097533
-363.141855546696092
-363.141369486988083
-363.141233091147797
-363.140697689908450
-363.140517964838466
-363.139870293909269
-363.139779680326001
-363.138823394716269
-363.138751428406010
-363.138332296202464
-363.137726905659633
-363.137402481153458
-363.136625629931302
-363.136474801061979
-363.136137243924509
-363.135998138385503
-363.135542038178755
-363.135145193325741
-363.134422873945482
-363.134115963950819
-363.133700441683288
-363.133301497938646
-363.133230759609660
-363.132915830491640
-363.132253163867290
-363.132048115753150
-363.131797723717568
-363.131322387128762
-363.131069969484713
-363.130625749727926
-363.130332617162878
-363.129928885312268
-363.129650849646907
-363.129548118542516
-363.128968547375393
-363.128655201981644
-363.128161714455075
-363.127858670413389
-363.127606584172099
-363.127291398385069
-363.126957665219095
-363.126303227097765
-363.126224535193899
-363.125800838152031
-363.125406571925964
-363.125006858884547
-363.124872530704522
-363.124183239259082
-363.123729935197616
-363.123372305697785
-363.122998898790001
-363.122677283371274
-363.122128923346224
-363.121943546561340
-363.121671010564683
-363.121453869426944
-363.120977018949532
-363.120727545968407
-363.120440011676010
-363.120000478153202
-363.119665236301671
-363.119265243711141
-363.119106582107577
-363.118701461827186
-363.118544262030355
-363.118350885031191
-363.117782538470010
-363.117599600268250
-363.116899002330172
-363.116624612981695
-363.116313637146504
-363.115993153261229
-363.115729804453508
-363.115364701488318
-363.115118355649258
-363.114792763145772
-363.114689960420435
-363.114238464307846
-363.113538299060792
-363.113415104943215
-363.113128006352156
-363.112853027122526
-363.112284063499260
-363.112237001394988
-363.112032047924401
-363.111499970601585
-363.111274731119693
-363.110902499474662
-363.110428771497652
-363.110188103987866
-363.109827617402743
-363.109697836341695
-363.109217783789688
-363.108865614168451
-363.108786747323165
-363.108179556434891
-363.107264807898503
-363.107151561107173
-363.106897442971217
-363.106550641812305
-363.106359299775477
-363.105658684066498
-363.105404180090318
-363.105138666182768
-363.104970021871623
-363.104647931533009
-363.104126173060592
-363.104005025746119
-363.103827876744958
-363.103454714281725
-363.102733573401565
-363.102464893252147
-363.102060116200448
-363.101787863388040
-363.101631503525084
-363.101203652892480
-363.100764390962922
-363.100342989007288
-363.100185436681443
-363.099477785450972
-363.099235226440101
-363.099047856945276
-363.098921282967183
-363.098549786919989
-363.098361458964746
-363.097623272713463
-363.097120963964869
-363.096827983064827
-363.096613292412258
-363.096402768568225
-363.096088592632896
-363.095667051538555
-363.095594512274488
-363.095260532784437
-363.094882892825524
-363.094632125668511
-363.094014554172759
-363.093259350240203
-363.093015484182899
-363.092750302700665
-363.092570850450613
-363.092179670970268
-363.091703823234411
-363.091450661805311
-363.091013242340523
-363.090922639292501
-363.090509748854402
-363.090392015992734
-363.090069759735059
-363.089651909009831
-363.089526628383226
-363.088840419826056
-363.088539497723218
-363.088459409149891
-363.088276827898369
-363.087641666150034
-363.087390901356571
-363.086945941566512
-363.086830757453640
-363.086335206341857
-363.085697106178202
-363.085358740705317
-363.085105597101460
-363.084591658214265
-363.084425726812981
-363.083852763461380
-363.083623208008191
-363.083381971609469
-363.082707474812878
-363.082434090382890
-363.082080269924347
-363.081864551225408
-363.081445350688625
-363.080784283739888
-363.080550850068619
-363.080186180004318
-363.079898105378504
-363.079385013987576
-363.079292329482826
-363.078749665790156
-363.077924365046783
-363.077433326045139
-363.077076041207192
-363.076710363442885
-363.076424226012023
-363.076143736568042
-363.075708359554483
-363.075413917954620
-363.075342629347119
-363.075183569209571
-363.074646112757193
-363.074214031535632
-363.074010214982991
-363.073475941811921
-363.073015844501867
-363.072620763241730
-363.072328958596131
-363.072171932781828
-363.071683863785609
-363.071366293139988
-363.071056230968338
-363.070758057080752
-363.070406335796690
-363.070097923774881
-363.069821085458216
-363.069622119415783
-363.069233172146653
-363.068452479288794
-363.068213538982548
-363.067830542868194
-363.067706237629181
-363.067374355170386
-363.066877260287470
-363.066593226218004
-363.066340589870435
-363.066225830945655
-363.065819366695621
-363.065351882974142
-363.064932126745077
-363.064432718473029
-363.064235430205940
-363.064148650536708
-363.063667649785145
-363.063381410515944
-363.063103070267459
-363.062754648639441
-363.062547585829407
-363.062216424641576
-363.061541563236062
-363.061313727436811
-363.061144452848509
-363.060543347971361
-363.060414608580459
-363.059964826762894
-363.059602493785974
-363.059151300803421
-363.058897909837981
-363.058610461550131
-363.057924186228433
-363.057551922011157
-363.057330028375645
-363.056656753477853
-363.056229014983842
-363.055641257887089
-363.055531034637795
-363.054908298849170
-363.054647488293085
-363.053980934806873
-363.053825200895346
-363.053621064387301
-363.052951394074512
-363.052878055498923
-363.052535811723033
-363.052109142676841
-363.051929127787844
-363.051328823753977
-363.051154316552868
-363.050679578526228
-363.050354607845463
-363.050094048406322
-363.049834052543474
-363.049607124850183
-363.049171676470110
-363.048384999006942
-363.047879632164722
-363.047756611164516
-363.047473322516282
-363.046868506030080
-363.046726369791827
-363.046250779485320
-363.045952444992679
-363.045696021583865
-363.045308619354728
-363.045127155837520
-363.044860455216735
-363.044792276808380
-363.044485200164672
-363.043801193272998
-363.043437609836758
-363.043292517637951
-363.043228079902462
-363.042192895406629
-363.041910078453611
-363.041827547989442
-363.041775462377529
-363.041139309354548
-363.040797494632329
-363.040138488852051
-363.040064112225082
-363.039889206062924
-363.039540965351534
-363.039268940901195
-363.039099677591253
-363.038760402664025
-363.038186643211588
-363.037411070857047
-363.037352838682864
-363.036952659646602
-363.036667147626815
-363.036285572854183
-363.035956508857623
-363.035813520186593
-363.035520163767842
-363.035329204176605
-363.035025827289246
-363.034825385651800
-363.034222017687796
-363.033959272585946
-363.033434010656038
-363.033272886435668
-363.033028873648220
-363.032521604590556
-363.032415247426115
-363.031724384045106
-363.031442021674934
-363.030493280087796
-363.030359207494712
-363.030011087950982
-363.029678744839543
-363.029353427102876
-363.029261164752029
-363.028742753112112
-363.028618859946334
-363.028484704916139
-363.027887742896269
-363.027762729307824
-363.027350927828763
-363.026683648476876
-363.026374966324340
-363.026104473782993
-363.025754733696829
-363.025128264096793
-363.024888895991182
-363.024423330287334
-363.024070210717355
-363.023625310892442
-363.023159646053045
-363.023088760470955
-363.022683090583428
-363.022449974994174
-363.022267285683085
-363.022084297963943
-363.021871138463609
-363.021745264997605
-363.021271591646325
-363.021059640046644
-363.020226605884659
-363.020202380218336
-363.020094060431632
-363.019770230533368
-363.019035975270356
-363.018902088410016
-363.018698623036414
-363.018447583020020
-363.017656915193072
-363.017464398417872
-363.017314881680591
-363.016932757077939
-363.016213003732958
-363.015889952956456
-363.015771636444811
-363.015569233712199
-363.015123589257712
-363.014748085396207
-363.014472766793006
-363.014148209582856
-363.013619812492550
-363.013444155957473
-363.013196741177353
-363.013070321600537
-363.012419417189619
-363.011811351753352
-363.011709686008203
-363.011522418849836
-363.010816065778954
-363.010238634652126
-363.010109503193405
-363.009627533065157
-363.009334987179898
-363.008494189869907
-363.008371814753275
-363.008122179145175
-363.007807888647449
-363.007532785662647
-363.007236169463908
-363.007043642566373
-363.006668335914469
-363.006386928709958
-363.006264954330959
-363.005603683562015
-363.005300790126000
-363.005146899049635
-363.004834128466314
-363.004564691481562
-363.004135577388240
-363.003971856026567
-363.003476806600190
-363.002901890876728
-363.002768482912472
-363.002541266301080
-363.001990244673323
-363.001881304687117
-363.001342279717619
-363.000910337611060
-363.000729793614994
-363.000324095409326
-363.000211577127004
-362.999689491574145
-362.999388159953469
-362.999174216584720
-362.998487218101275
-362.998287239697788
-362.998050396627946
-362.997649765886422
-362.997193163786619
-362.996978546911976
-362.996623784105793
-362.996464455542537
-362.996238184894423
-362.995711404270594
-362.995326300737020
-362.995066839522622
-362.994418968203661
-362.994163872412400
-362.993867701629824
-362.993638139613438
-362.993443019432618
-362.992894715802379
-362.992496363238786
-362.992034261651895
-362.991905419299599
-362.991569378807583
-362.991432450903403
-362.991139817607234
-362.990832901949375
-362.990290523465035
-362.990029807105600
-362.989698188473653
-362.989275525093831
-362.988909437748475
-362.988870299176369
-362.988364500703767
-362.987951848905880
-362.987656704288156
-362.987491162198580
-362.986820488036642
-362.986594661349841
-362.986205781871035
-362.985599304083621
-362.985469446385309
-362.985355696127158
-362.985180200415243
-362.984227187175350
-362.984070070804592
-362.983814363122519
-362.983033624610130
-362.982628206553727
-362.982447081196710
-362.982379708860663
-362.981708920717324
-362.981688192069157
-362.981379940888814
-362.981218242793091
-362.980575706917250
-362.979895781427672
-362.979831977294907
-362.979657021597632
-362.979507293928009
-362.979015211238448
-362.978940632241972
-362.978386893717925
-362.978034910683562
-362.977652669849761
-362.977598223508949
-362.977074259650919
-362.976883337547349
-362.976647808104474
-362.976240714973073
-362.975527883992299
-362.975481085650756
-362.975151768624016
-362.974727216045665
-362.974503778758674
-362.974294063725381
-362.974005113002079
-362.973589659508434
-362.972637762396971
-362.972508015506207
-362.972271976390800
-362.972023110013936
-362.971939676274758
-362.971576333263044
-362.971387824649469
-362.970834813552528
-362.970597475183808
-362.970367121372703
-362.970158557969967
-362.969804561568765
-362.969409512550783
-362.969119924469339
-362.968881608171500
-362.968606932053717
-362.968291801833004
-362.967793314511368
-362.967384878204712
-362.967167069885761
-362.966783812279914
-362.966347096410402
-362.965788481734251
-362.965709574607217
-362.965425245800589
-362.965205073067864
-362.965108437527704
-362.964714053114790
-362.964416726701984
-362.964216077039737
-362.963715298277407
-362.963137681522824
-362.962798289620707
-362.962470307100773
-362.962067534846710
-362.961760771674165
-362.961369484177112
-362.961186523298295
-362.960754691268278
-362.960441840751514
-362.960200646411579
-362.959498211048640
-362.959420483741837
-362.959266839365284
-362.958987526670057
-362.958749805683738
-362.958409618057487
-362.958015434193726
-362.957882910380022
-362.957641524738619
-362.956981915225413
-362.956762403736718
-362.956496990929850
-362.956442921234157
-362.955994310962808
-362.955661285075394
-362.955324328225402
-362.955045319069768
-362.954799214739467
-362.954392688056998
-362.954113864156795
-362.953847378516059
-362.953524702196034
-362.953248341053779
-362.952769875731235
-362.952548746170351
-362.952183778430651
-362.951949756146405
-362.951686825920433
-362.950891020063295
-362.950692609622251
-362.950500819195554
-362.950181949034516
-362.949744357272323
-362.949467106175689
-362.949094428024353
-362.948483931256362
-362.948243251584643
-362.947987161466699
-362.947867557659436
-362.947284040515910
-362.947084148677391
-362.946549925614192
-362.946092889425813
-362.945801897185731
-362.945469577171252
-362.944973115078483
-362.944937429879246
-362.944820307467012
-362.944494857414156
-362.944034613565293
-362.943657824236425
-362.943115541947805
-362.943073575768608
-362.942447520507017
-362.942301712691744
-362.942177484495232
-362.942133920296385
-362.941764172085129
-362.941288669613925
-362.940925166935529
-362.940489914913030
-362.940274561901106
-362.939863107186454
-362.939828438581515
-362.939116217060189
-362.938623124140349
-362.938184554583358
-362.938010219769922
-362.937468349090750
-362.937337320714789
-362.937168111014898
-362.936651815191112
-362.936563649010395
-362.935628506289618
-362.935493436692980
-362.935133489367843
-362.934883012249315
-362.934765890881295
-362.934270729258174
-362.934170711891170
-362.933607774710367
-362.933416641120800
-362.932950858513664
-362.932662536827991
-362.932083018399908
-362.931710942073778
-362.931414517388305
-362.930774689468876
-362.930665912936604
-362.930339859530704
-362.929704756391686
-362.929549758258474
-362.929097226808437
-362.928728972883505
-362.928585037154733
-362.927975905212577
-362.927779083887401
-362.927546421299610
-362.927141104550685
-362.926956366650188
-362.926568132425587
-362.926334255921176
-362.925780934283750
-362.925320683025802
-362.924988305078614
-362.924296613868535
-362.924207242721081
-362.923944045403289
-362.923763512121070
-362.923044469185356
-362.922844454188805
-362.922165601457550
-362.921899202451186
-362.921372961219902
-362.920994434139345
-362.920860958270680
-362.920777494738729
-362.920633346055183
-362.920276782619283
-362.919805570293477
-362.919088996593132
-362.918757902442053
-362.918435171811609
-362.918025443131910
-362.917807613097978
-362.917578060471556
-362.917114447391270
-362.917040724101412
-362.916679499284101
-362.916141742269588
-362.915655926967986
-362.915068927081109
-362.914729717713556
-362.914624075475047
-362.914097667138265
-362.914081948994635
-362.913446980075491
-362.913000746239675
-362.912823020430267
-362.912317064455749
-362.912186224566369
-362.912028201110786
-362.911480342228856
-362.911046715089697
-362.910906186565796
-362.910477185502089
-362.910056255871154
-362.909898632464035
-362.909633824554646
-362.909139493074292
-362.908937235702751
-362.908571266221315
-362.908224916998904
-362.907911572234411
-362.907584828349570
-362.907217352774580
-362.906878498099331
-362.906387731003690
-362.906191976097489
-362.905732945347665
-362.905602161271986
-362.905275881893886
-362.904767237832004
-362.904563137148443
-362.904313801039166
-362.903519637937336
-362.903441369139216
-362.903305228804584
-362.902589134650725
-362.902400350335824
-362.902012919445099
-362.901833400092244
-362.901569546428050
-362.901186725930984
-362.901080288860044
-362.900535791053528
-362.899972629346280
-362.899961688066526
-362.899697396208012
-362.899443660833072
-362.899082599974349
-362.898831433543137
-362.898249211850100
-362.898025272500035
-362.897592190362559
-362.897325496698272
-362.896854764988973
-362.896696718431997
-362.896552341210679
-362.896110477173522
-362.895990380786202
-362.895653721238375
-362.895183046705370
-362.894472583849335
-362.894258131040999
-362.893971421448157
-362.893576959210861
-362.893267359078948
-362.892746627505176
-362.892394618902415
-362.892286738410576
-362.891981249476714
-362.891456399046376
-362.891302296342417
-362.891098477215053
-362.891009483597657
-362.890755887285081
-362.890490907331184
-362.889838305280307
-362.889636241100902
-362.889019728222308
-362.888795093321278
-362.888632003480609
-362.888386323187831
-362.888045602590580
-362.887166156895375
-362.886734816160583
-362.886545057126682
-362.885976061829069
-362.885638029763356
-362.885117922654501
-362.884910791903792
-362.884575384883647
-362.884131551010569
-362.884086788203376
-362.883996417686262
-362.883440942107370
-362.883276992320418
-362.883075715758707
-362.882877072024201
-362.882388178488611
-362.881935269599637
-362.881557446666761
-362.881155316146476
-362.881048996978336
-362.880894679509879
-362.880565010465773
-362.880102493673462
-362.879650259075902
-362.879312221359157
-362.878939200274090
-362.878801969821325
-362.877969260765724
-362.877723066871056
-362.877596906154679
-362.877275220765227
-362.877120229659226
-362.876879611444167
-362.876391005646326
-362.876020897607532
-362.875927061413563
-362.875644969719531
-362.875456275703812
-362.874914814329998
-362.874453723722638
-362.874157868831219
-362.873854869766092
-362.873646161638192
-362.873620365499107
-362.873170350909618
-362.872886655394495
-362.872597983099865
-362.872442349707626
-362.871966382277492
-362.871155719729813
-362.871020888874909
-362.870939241470126
-362.870488781099937
-362.870056712358917
-362.869820162405745
-362.869554969301873
-362.868868500678047
-362.868615517118599
-362.868399773944475
-362.868286376188166
-362.868139038200525
-362.867610079126280
-362.867483611773480
-362.867389735451866
-362.867071853974323
-362.866802919201518
-362.866606360827063
-362.865902797423075
-362.865721023302456
-362.865344836089264
-362.865186943083984
-362.864835310923581
-362.864442082614460
-362.864423854855772
-362.864275936865852
-362.863556799183982
-362.863397551030630
-362.863192562233849
-362.863006595014951
-362.862569540020729
-362.862141196331834
-362.862029462140185
-362.861924782287588
-362.861061883830587
-362.860684549420796
-362.860567279942359
-362.860180975597927
-362.859897373070112
-362.859879576099161
-362.859467141020559
-362.859123231926105
-362.858802717169340
-362.858628883785627
-362.858280763497817
-362.858160678786987
-362.857733042253869
-362.857552859691054
-362.857316059328980
-362.856815848009091
-362.856575890918805
-362.856288101068685
-362.855924598273702
-362.855500319423300
-362.855236119729227
-362.854966271777641
-362.854726128978655
-362.854534587722696
-362.854063137076992
-362.853902767299246
-362.853453589688797
-362.853089395240943
-362.853014174675536
-362.852514313150039
-362.852042229248923
-362.851736133030158
-362.851213149192404
-362.850860980398068
-362.850643381874818
-362.850551010851291
-362.850100179278343
-362.849996755061113
-362.849531406971607
-362.849420023667790
-362.849168671166524
-362.848787048637234
-362.848572509735845
-362.848494650682710
-362.847853953914012
-362.847533810441291
-362.847430856575102
-362.847206974875633
-362.846884895291282
-362.846359418377745
-362.846236319787579
-362.845968255512730
-362.845385129175270
-362.845232779300147
-362.844944159903605
-362.844573363216966
-362.844188736555111
-362.843820273169683
-362.843212245438224
-362.842872157506690
-362.842581169638493
-362.842439326054773
-362.841869833891280
-362.841757184350399
-362.841412474760148
-362.840773230997684
-362.840624630190973
-362.840279449613490
-362.840245699317563
-362.839986403860280
-362.839844382816466
-362.839439976943709
-362.839091668913397
-362.838795828505454
-362.838671782175936
-362.838357068178539
-362.838225645138721
-362.837817758123037
-362.837466621587112
-362.837408970858633
-362.837035109235330
-362.836798516852582
-362.836695539139953
-362.836460446179501
-362.836318957022627
-362.835707793540109
-362.835504416324966
-362.835227525500727
-362.834937729606168
-362.834512339129105
-362.834289561538867
-362.834133149037029
-362.833685989704009
-362.833480004935893
-362.833237470155098
-362.832980921177352
-362.832855516746235
-362.832492996530164
-362.832177839592475
-362.831898985701685
-362.831740552582346
-362.831409154753771
-362.831206620793296
-362.830909088462420
-362.830571260791316
-362.830340358950025
-362.830202375215492
-362.829813015850391
-362.829681281409478
-362.829160646740092
-362.828782822225946
-362.828701851405583
-362.828413308253687
-362.828106471748413
-362.828050867810077
-362.827835175643827
-362.827566065130270
-362.826965549632746
-362.826657780732774
-362.826409532329876
-362.825877502171409
-362.825776757195683
-362.825086758813427
-362.824869157055957
-362.824384073320573
-362.824232467381307
-362.823732163242994
-362.823499487089578
-362.823342629038507
-362.823054160162144
-362.822981515474055
-362.822380798785616
-362.822149660588423
-362.821894189238776
-362.821589593547628
-362.821115481473896
-362.821020911092830
-362.820862205919354
-362.820009765770351
-362.819932709672969
-362.819570217434716
-362.818972375199223
-362.818814812107121
-362.818470315337777
-362.818412883328790
-362.818122821575173
-362.817556531185119
-362.817479908136193
-362.817076430785335
-362.816819929986821
-362.816642908747156
-362.815904841847953
-362.815572977143006
-362.815223674066146
-362.815182917168841
-362.815100528632797
-362.814580998003862
-362.814410320888271
-362.814016296481441
-362.813542790138115
-362.813305515934758
-362.813143033166909
-362.812995164005486
-362.812400250942687
-362.812154887864438
-362.811756645152911
-362.811537258372027
-362.811205504261864
-362.811019473280453
-362.810801683316868
-362.810643362746532
-362.810130668898637
-362.809750314717405
-362.809681328921101
-362.809429492477250
-362.808743439707541
-362.808209252997244
-362.807965336620384
-362.807855973032815
-362.807692336937066
-362.807023638348596
-362.806745662631783
-362.806527507396709
-362.806370168416663
-362.806101760359581
-362.805822073569175
-362.805398762567791
-362.805051970766783
-362.804546245508902
-362.804177435286988
-362.803932717071348
-362.803534034398353
-362.803244657186951
-362.803062772940450
-362.802788413454209
-362.802556747008111
-362.802267840185152
-362.801927354311204
-362.801514840617415
-362.801369168224426
-362.801155895240811
-362.800862382636410
-362.800331733492669
-362.800031976075275
-362.799516278401086
-362.799300401891799
-362.799151333944849
-362.798649243473733
-362.798489690883343
-362.797794249761182
-362.797604527026692
-362.797362268675101
-362.796747485464778
-362.796674388410565
-362.796462912752304
-362.795998415087411
-362.795661178372427
-362.795574724518588
-362.795116625955188
-362.795023160428400
-362.794818476675403
-362.794200818722061
-362.793993138812482
-362.793827012888869
-362.793541767232398
-362.793102023051006
-362.792869211254640
-362.792754374918502
-362.792169066941938
-362.791987884094340
-362.791794411322087
-362.791687259763023
-362.791480680262964
-362.791010350349325
-362.790294929058973
-362.790269328693000
-362.789835048956661
-362.789555410758055
-362.789187431182654
-362.788968136142159
-362.788748255298742
-362.788311696958317
-362.788014565296351
-362.787698941840233
-362.787444538641751
-362.786763954757305
-362.786747579863743
-362.786414415072329
-362.785994738403588
-362.785553948912138
-362.785425216894794
-362.785297000847891
-362.784801824568206
-362.784459660783682
-362.784224730108747
-362.783634614286882
-362.783285724632947
-362.782904532633665
-362.782668574974025
-362.782560857061867
-362.782432907274881
-362.781539704901320
-362.781415736234749
-362.781380564064705
-362.780808777027289
-362.780543122428185
-362.780482902016558
-362.780079561463481
-362.779231709705357
-362.779150768505701
-362.778640888480425
-362.778524937991904
-362.778325835091948
-362.777886001420143
-362.777691490296775
-362.777489407023609
-362.777100557252936
-362.776601497836452
-362.776434231699454
-362.776123177941486
-362.776101495392084
-362.775866268699929
-362.775430283782441
-362.775059073378770
-362.774764267518890
-362.774569632016778
-362.774338052470284
-362.774089261635197
-362.773782977561666
-362.773446441087913
-362.772789514419571
-362.772574587184749
-362.772367179248590
-362.772150682749952
-362.771848133853268
-362.771264803501253
-362.770924791518041
-362.770707929226262
-362.770185287407060
-362.769797408431828
-362.769619714033581
-362.769510550811788
-362.769241187902026
-362.769052643510804
-362.768864415667849
-362.768467653311461
-362.768129173938519
-362.767862666895667
-362.767689885029938
-362.767494646237651
-362.766860402215343
-362.766777100838112
-362.766487639819672
-362.766149320962597
-362.765698973432791
-362.765642237944974
-362.764897832323186
-362.764723143467165
-362.764623964675422
-362.763968740039047
-362.763572854925485
-362.763322416075255
-362.762880877716043
-362.762633311102547
-362.762314502905099
-362.762202134496590
-362.762031487514435
-362.761261673021522
-362.761214372815289
-362.760751009576893
-362.760596269905989
-362.760290824065748
-362.760003587134804
-362.759883185368722
-362.759653512082309
-362.759614294189646
-362.759104609398321
-362.758894821857268
-362.758331127646670
-362.757769871765902
-362.757408216153522
-362.757123204180175
-362.756971920006720
-362.756880595481562
-362.756713767584870
-362.756498231108765
-362.756084031577416
-362.755540002616499
-362.755317450219991
-362.754865093317846
-362.754537129778043
-362.754289913413174
-362.754226962486598
-362.753675584171674
-362.753568255447135
-362.753399301880393
-362.753302181100821
-362.753134528648104
-362.752437553658126
-362.752385288820278
-362.751875261166845
-362.751561125528724
-362.750955454463451
-362.750906058298199
-362.750662168018380
-362.750192754154796
-362.749955153061990
-362.749638005731185
-362.748974112269593
-362.748948908454850
-362.748680108771453
-362.748549340305715
-362.748108698441342
-362.747861572070690
-362.747280959232228
-362.747002318934790
-362.746483766600079
-362.746295989776002
-362.746161731913162
-362.745949900728590
-362.745681908574056
-362.745435481279742
-362.745184411859611
-362.745133071291718
-362.744555165532518
-362.744525839803259
-362.744125326899734
-362.743891981375839
-362.743471547086415
-362.743150376219489
-362.742710134490721
-362.742440724345499
-362.742156088543425
-362.741890587535863
-362.741721221265948
-362.741673527524711
-362.741171261324382
-362.740918551066557
-362.740836905420622
-362.740521881871700
-362.740212524432479
-362.739901723006255
-362.739465176333738
-362.739391756922942
-362.739030639894679
-362.738806375151398
-362.738391495993142
-362.738055419440627
-362.737775800256543
-362.737550501586782
-362.737190462861747
-362.736902271978465
-362.736636131946568
-362.736446718016737
-362.736108180314488
-362.735938886698818
-362.735506170602036
-362.735365757936108
-362.735316211153076
-362.734832537469742
-362.734178549500086
-362.734022665505620
-362.733809034498336
-362.733476575921600
-362.733076194489968
-362.732724581360571
-362.732419051944930
-362.732263199725367
-362.731693328498238
-362.731539232901582
-362.731272584224428
-362.730743624768138
-362.730584864654872
-362.730169872698298
-362.729971777420303
-362.729730967157423
-362.729405108494234
-362.729041578322779
-362.728927492961247
-362.728683114320859
-362.728267748778649
-362.728076063473509
-362.727940308589609
-362.727473714817961
-362.727065633147276
-362.726956096942615
-362.726762472017583
-362.726467026705336
-362.726190844019811
-362.725681919926160
-362.725465296275274
-362.725147881149269
-362.724998494408055
-362.724500404185221
-362.724111112268702
-362.723974092430751
-362.723616455897684
-362.723079273945473
-362.722537734120181
-362.722090742375087
-362.721786247777516
-362.721485834599434
-362.721314053647234
-362.721108513049387
-362.720980292943580
-362.720716906614030
-362.720267946861838
-362.719828506447357
-362.719688899971459
-362.719598456655604
-362.719398708112237
-362.718954250819991
-362.718749793351833
-362.718601991081584
-362.718397756501417
-362.717732903645469
-362.717670426601899
-362.717616750858781
-362.717132504970778
-362.716497602503580
-362.716098006488778
-362.716034840377745
-362.715607244210275
-362.715268861510594
-362.715011876108235
-362.714784742626875
-362.714520630818583
-362.714135439427935
-362.714004542430018
-362.713344868262936
-362.713081471805992
-362.712896383228667
-362.712438418136344
-362.712163905724481
-362.711992139770302
-362.711709589791781
-362.711491803242552
-362.711210837397232
-362.710803743581437
-362.710212206421431
-362.710064898780672
-362.709662660968945
-362.709449031760528
-362.709150189048501
-362.708854214845474
-362.708686442963653
-362.708498937332365
-362.708016716083932
-362.707820725060458
-362.707655523015319
-362.707273897561265
-362.706719069138614
-362.706689158574704
-362.706368620667149
-362.705949748741830
-362.705637961089053
-362.705295827743214
-362.704885687983790
-362.704580899594475
-362.703935606054472
-362.703808774785841
-362.703729210852600
-362.703351812143922
-362.702899152509701
-362.702734173823387
-362.702373707760330
-362.702021689121977
-362.701867081152670
-362.701625944988791
-362.701471362651716
-362.701157128786235
-362.700667997360142
-362.700645001883913
-362.700094990410719
-362.699938218696389
-362.699446183925318
-362.699387228879061
-362.699223453370109
-362.698767831537509
-362.698584632552468
-362.698382648081463
-362.697719374755934
-362.697658926171869
-362.697226840754183
-362.696985506308749
-362.696759319573914
-362.696481252936110
-362.696162205813607
-362.695697612476124
-362.695501822718768
-362.695371079398797
-362.694935054415964
-362.694836307045023
-362.694677246670778
-362.694301634968042
-362.694105198615603
-362.693785214775460
-362.693446316167581
-362.693133300747661
-362.692792280584968
-362.692157559704356
-362.691794277571830
-362.691689357076996
-362.691430452734267
-362.691105513003549
-362.690783722179617
-362.690223560128175
-362.689551697020249
-362.689349174855636
-362.689204723128114
-362.689072537547588
-362.688886918165338
-362.688645085003714
-362.688504277965421
-362.688302927209349
-362.687770861989009
-362.687550290208890
-362.687209733204213
-362.686996947182138
-362.686426436001739
-362.686112679701125
-362.685631276247307
-362.685134735781617
-362.684893740142854
-362.684478190085201
-362.684372316711006
-362.683915071222259
-362.683784329626008
-362.683646071050134
-362.683371210639393
-362.683149119085954
-362.682544479650005
-362.682336120344019
-362.682277123032463
-362.681857788768070
-362.681633351007122
-362.681257817412984
-362.681128505504319
-362.680680385665596
-362.680620142385010
-362.679970180200826
-362.679827580053143
-362.679527372314112
-362.679348812506873
-362.679051473033610
-362.678611220954679
-362.678381114261015
-362.678287344930311
-362.678170653962923
-362.677640789065833
-362.677596987374329
-362.677118064210845
-362.677060311026025
-362.676831525597777
-362.676198977119839
-362.675827389489825
-362.675612607065773
-362.675206522927169
-362.675059470601127
-362.674678108329090
-362.674445007628549
-362.674052889255790
-362.673722861944100
-362.673607187805942
-362.673406627839597
-362.672721589962748
-362.672554096060480
-362.672343069280203
-362.672160560489090
-362.671887784519470
-362.671386472999188
-362.670969035558130
-362.670579295314383
-362.670482153816067
-362.670233879422938
-362.669868467812762
-362.669561911277697
-362.669422640970652
-362.669255703216550
-362.669064984169097
-362.668628630056901
-362.668415382305056
-362.667956371995217
-362.667607540524557
-362.667356634934890
-362.666989535286120
-362.666752680232435
-362.666375228029722
-362.666074609166571
-362.665759860603885
-362.665522089679939
-362.665273075961466
-362.665043906122378
-362.664845729045169
-362.664087505501129
-362.663867270629567
-362.663423760665012
-362.663308191509429
-362.662898752479975
-362.662624073307995
-362.662334381337416
-362.661984151565832
-362.661885446045630
-362.661605545961322
-362.661356141209239
-362.661177969643802
-362.660588182392928
-362.660451611235828
-362.659702883777015
-362.659679071634685
-362.659168399726752
-362.658948281939615
-362.658714313138489
-362.658433103764082
-362.657996491088909
-362.657864938959847
-362.657254132771016
-362.656933433391430
-362.656559867590261
-362.656482440857303
-362.656291598956386
-362.655893685533613
-362.655698842961101
-362.655456034601116
-362.655266114467338
-362.654940514670955
-362.654573400444008
-362.654006628375100
-362.653795845008744
-362.653719015827107
-362.653227529898629
-362.653048529482589
-362.652827053309920
-362.652470695153625
-362.652100651626483
-362.651938405362728
-362.651615001941479
-362.651053442729278
-362.650916725493687
-362.650437137389645
-362.650195614083714
-362.649979665693024
-362.649836930538811
-362.649472417951813
-362.649208128321789
-362.648810107386112
-362.648630582517910
-362.648494379085776
-362.648010950513708
-362.647736055375901
-362.647663549709080
-362.647349946070733
-362.646751646508847
-362.646449370243261
-362.646143769911816
-362.645676692720201
-362.645429972478325
-362.645262827459817
-362.644955553266414
-362.644430583347798
-362.644348495363374
-362.643828001427210
-362.643517478493266
-362.643357863088966
-362.642878972231586
-362.642686538239218
-362.642299796584894
-362.641961148273140
-362.641584893654340
-362.641306400949873
-362.640870732207418
-362.640731005870919
-362.640278165767256
-362.640175109639870
-362.639402924607737
-362.639042890828705
-362.638934418073063
-362.638793251473714
-362.638387626537167
-362.637706489779305
-362.637604134635865
-362.637283572716285
-362.637242672149114
-362.636924728201848
-362.636652367531553
-362.636500033051220
-362.635904253636511
-362.635771902797103
-362.635233313064248
-362.634989967160436
-362.634597321920523
-362.634019476705930
-362.633990298507968
-362.633645073536400
-362.633247685609206
-362.632951382597128
-362.632625678686793
-362.632531778285397
-362.632158322033490
-362.631767802187710
-362.631462005403762
-362.631260235271498
-362.631088005523111
-362.630857455610624
-362.630393251687565
-362.630227753015902
-362.629820765316765
-362.629530398663121
-362.629348602706102
-362.628840279479959
-362.628549030498164
-362.628254725646400
-362.627879249354407
-362.627703829547272
-362.627638290430809
-362.627379557110544
-362.627198681084963
-362.627038867480167
-362.626761822263973
-362.626391381330848
-362.626124386617050
-362.625774833979847
-362.625594346589367
-362.625323759553794
-362.624985238881720
-362.624308427847382
-362.624032087756973
-362.623932887021965
-362.623366987839233
-362.623169847934435
-362.622915353109363
-362.622880048158379
-362.622491973846309
-362.621823168554329
-362.621499315286428
-362.621248471629599
-362.620992451486188
-362.620693558382982
-362.620106319949741
-362.619981592940576
-362.619671317025791
-362.619117553230410
-362.618902509782970
-362.618326172619845
-362.618158567195394
-362.618019184961895
-362.617767775908646
-362.617200829982210
-362.617030537246706
-362.616597745600473
-362.616313526549050
-362.616109423230512
-362.615454886369832
-362.615192045497167
-362.615059074088833
-362.614786982844748
-362.614668446870212
-362.614374192785817
-362.613691130544964
-362.613564878781347
-362.613399093154101
-362.613236541284436
-362.612752070122667
-362.612300082041770
-362.611831412279003
-362.611662220197275
-362.611482726823908
-362.610963498376634
-362.610543820668795
-362.609908466967227
-362.609421097407676
-362.609296229991457
-362.608925369752569
-362.608747520745453
-362.608636083670490
-362.608197899994650
-362.608065243638407
-362.607895218253702
-362.607540731180734
-362.607334879469875
-362.606812893409369
-362.606333542293100
-362.606158088482061
-362.605722478696293
-362.605580871938116
-362.605120725396660
-362.604747268402718
-362.604500957386961
-362.604422374437718
-362.603890926143663
-362.603351483534425
-362.603131696016590
-362.603006694646808
-362.602512251409053
-362.602380241651304
-362.601968172382215
-362.601895049712482
-362.601605741284175
-362.601205813560796
-362.600572919563547
-362.600228766629982
-362.599661877921619
-362.599567110093290
-362.599361990618775
-362.598910125001339
-362.598644532565572
-362.598320338971632
-362.597940508390707
-362.597695967303650
-362.597204381307961
-362.596755100231746
-362.596322077664809
-362.596044571340371
-362.595702931892561
-362.595185709286795
-362.594989500620898
-362.594739166974080
-362.594552232625631
-362.594035203328588
-362.593766455800107
-362.593263902085653
-362.592805339959284
-362.592775967008208
-362.592289561299367
-362.592251486466694
-362.592056895904761
-362.591540374335466
-362.591341161546381
-362.590945949862942
-362.590750629139848
-362.590589454161886
-362.589681881036199
-362.589466671904631
-362.589380891033102
-362.589160289782285
-362.588838306754042
-362.588432721943548
-362.588220969931001
-362.587586941641575
-362.586943426213963
-362.586661666722819
-362.586621125213298
-362.586052769987703
-362.585750820085536
-362.585674219973157
-362.585183066086472
-362.585087833979628
-362.584745451005801
-362.584477829263733
-362.584262342269199
-362.583780269462977
-362.583534564767035
-362.583263444459192
-362.582890613628592
-362.582504090129817
-362.582266873385151
-362.581647091356729
-362.581272553076019
-362.581065775986076
-362.580782819808292
-362.580160026560691
-362.579835391028780
-362.579742411954669
-362.579230345453425
-362.579082521762302
-362.578628546437699
-362.578551245212680
-362.578258933795723
-362.577970014765754
-362.577721217393560
-362.577469207094282
-362.576941637723280
-362.576580971552630
-362.576335420209205
-362.575842186394539
-362.575495043091394
-362.575222500596055
-362.574953723141618
-362.574857796038941
-362.574185252226982
-362.573898889478244
-362.573273194266278
-362.572970051996208
-362.572660547612031
-362.572340910331263
-362.571999109402554
-362.571784395318218
-362.571467572271217
-362.571114296797361
-362.570339970330565
-362.570239433104348
-362.570050824284976
-362.569849130364389
-362.569551909376855
-362.568874020776832
-362.568832140928919
-362.568714058068281
-362.568182953925884
-362.567972123165191
-362.567722077884355
-362.567469795247291
-362.567048163154482
-362.566767773567335
-362.566475613986086
-362.566366662315943
-362.566004080564369
-362.565657185382463
-362.565267950849716
-362.564833659054273
-362.564750525794182
-362.564373899712507
-362.564150816384654
-362.563934894136878
-362.563732508939950
-362.563393889273357
-362.562885903300298
-362.562651406023747
-362.562469341042117
-362.562123490884460
-362.561756917768889
-362.561571089445010
-362.561103841091153
-362.560969211454847
-362.560727798770301
-362.560149427342083
-362.559974505284742
-362.559689231386983
-362.559280857386511
-362.558942062925269
-362.558730263745929
-362.558321440004704
-362.558237020791978
-362.557899123384914
-362.557400794613272
-362.557222900025920
-362.556840355530255
-362.556315256940366
-362.556214697188864
-362.555937375295571
-362.555683351074038
-362.555132066431725
-362.554825682808882
-362.554486187462430
-362.554269747419369
-362.554009056068764
-362.553561842303452
-362.553374654451829
-362.553125021013784
-362.552942524638581
-362.552587003099234
-362.552378083743861
-362.551832619861216
-362.551537978312183
-362.551234971247879
-362.550716148418928
-362.550042957823337
-362.549891499784337
-362.549622373664420
-362.549253961682723
-362.549052168271203
-362.548765150766599
-362.548290455897870
-362.548114755513666
-362.547608997428426
-362.547254538495167
-362.546962494140189
-362.546760980843544
-362.546527291190330
-362.546171229191941
-362.545682750642754
-362.545439328505381
-362.544285213475007
-362.544155996083305
-362.543927952501633
-362.543627170294542
-362.543058776809630
-362.542720541154040
-362.542486428630127
-362.542315759394000
-362.541974664562247
-362.541733633777881
-362.541338492526165
-362.541142723619544
-362.540813016619154
-362.540359161905599
-362.540005622443005
-362.539716005391028
-362.538961046540521
-362.538728316937352
-362.538514999657195
-362.537999276508401
-362.537656933999699
-362.537544690801269
-362.537062965061409
-362.536903641034257
-362.536633270658683
-362.536470737446734
-362.536201319845247
-362.535597495307229
-362.535162266093266
-362.535065788584291
-362.534954349613884
-362.534072377088933
-362.533889752216510
-362.533784674600895
-362.533479488402861
-362.532964712121782
-362.532596924533777
-362.532192623380411
-362.531956436120765
-362.531368034017135
-362.531025324420057
-362.530670050536571
-362.530290470937814
-362.529689130926386
-362.529192167786050
-362.529060573933577
-362.528876748602215
-362.528720684134498
-362.528399611262046
-362.527972664487606
-362.527820647034105
-362.527659976764767
-362.527201486370814
-362.526774808291918
-362.526475121498549
-362.526045765667845
-362.525995009990424
-362.525689298161410
-362.525169803441656
-362.524840528403729
-362.524460566868186
-362.523981553865667
-362.523805660998278
-362.523165874939366
-362.522681941266683
-362.522375756552151
-362.522268063789170
-362.521895079499359
-362.521262475984884
-362.521029638554353
-362.520806330976711
-362.520251847493512
-362.519746376616183
-362.519535214638097
-362.519462540923428
-362.519096716480249
-362.518418026022516
-362.517797331047291
-362.517622766686372
-362.517438377710334
-362.517219955211658
-362.516483924141085
-362.516402252077910
-362.516184042687371
-362.515625730111026
-362.515466262491714
-362.514825120457829
-362.514701804954541
-362.514456599527591
-362.514256884223471
-362.513805399759633
-362.513433954856055
-362.512912945698929
-362.512753989273335
-362.512345480062379
-362.512247710374879
-362.511168650365903
-362.511089770036619
-362.510810313783281
-362.510435987597930
-362.510212276259210
-362.510031068641410
-362.509414982533713
-362.508864440806633
-362.508558675482277
-362.508211429309824
-362.507855443192000
-362.507430422524124
-362.507048665312311
-362.506702999226206
-362.506614595779752
-362.506179202072133
-362.506117189769952
-362.505471752861695
-362.505387590397675
-362.504979755968520
-362.504684581125218
-362.504303440997319
-362.504171029574195
-362.503272082548335
-362.502932206442551
-362.502772766460510
-362.502346776110699
-362.502187046363588
-362.501557896457200
-362.501067695716301
-362.500913348840527
-362.500401520729042
-362.500262785612904
-362.500055194699598
-362.499329705160164
-362.499118388021941
-362.498433135169307
-362.497988186320072
-362.497621887921582
-362.497204024073255
-362.497010135694552
-362.496717269640328
-362.496461935254672
-362.496232902205918
-362.495991880710847
-362.495427336977230
-362.494838393169118
-362.494443550595179
-362.494258004577830
-362.493789961016546
-362.493622737773762
-362.492937534082785
-362.492733496165442
-362.492350868745461
-362.492150430526067
-362.491972747471607
-362.491674737545679
-362.491332273318051
-362.490985709148276
-362.490763147504822
-362.490122720004251
-362.490075819599156
-362.489705278417887
-362.489165006232724
-362.488360285511874
-362.488219834695087
-362.488009478257879
-362.487760510051316
-362.487300075737437
-362.486465335351795
-362.486317404828640
-362.486010376275317
-362.485396688426874
-362.485120930499988
-362.484986245255641
-362.484621027612263
-362.484077438621171
-362.483554031909307
-362.483270567366844
-362.482956168727014
-362.482856129626327
-362.482117016848235
-362.481929733397749
-362.481473957790001
-362.481054194110072
-362.480939193489519
-362.480455175778445
-362.480349316836794
-362.479892644641950
-362.479572572249651
-362.479504247652926
-362.479178173684772
-362.478606222456904
-362.478256396326856
-362.477791218876177
-362.477452347211567
-362.476992670921277
-362.476850536301072
-362.476297365601170
-362.475969997795573
-362.475606184927358
-362.474757508815514
-362.474457810084402
-362.474138620871088
-362.473892672501790
-362.473542262369847
-362.473258896022742
-362.472637480379603
-362.472124069761151
-362.471656005704460
-362.471169505146634
-362.470952821890819
-362.470768756976497
-362.470753711330985
-362.470178430771796
-362.469602014747977
-362.469152936688374
-362.469088667977303
-362.468582788946094
-362.468324584869890
-362.467937270286882
-362.467397982941065
-362.467037037860848
-362.466378500799692
-362.466223831825914
-362.465986406811055
-362.465850090395804
-362.465255947692128
-362.464831762908204
-362.464496399062057
-362.464169025518117
-362.463660635629424
-362.463439054394883
-362.463168166981063
-362.462588062296049
-362.462357652004812
-362.461942926870108
-362.461412594931176
-362.461350535533256
-362.460690054161034
-362.460492511273969
-362.459619988644818
-362.459104086648097
-362.458820003655717
-362.458551408920414
-362.458005030864342
-362.457941534659483
-362.457057321360423
-362.456578549473704
-362.456475803374303
-362.455959107771662
-362.455669928521445
-362.455383956380899
-362.455180443061352
-362.454893014586560
-362.454356313655580
-362.453412401820515
-362.453232339845329
-362.452992743275843
-362.452833971704024
-362.452162717284807
-362.451836007877034
-362.451516869666079
-362.451284587922942
-362.450682343663516
-362.450274039351257
-362.450061027016375
-362.449811975211446
-362.449429589029023
-362.448795086635926
-362.448373828706792
-362.447834055451381
-362.447654825744394
-362.447281373457827
-362.447115332156159
-362.446804476420027
-362.446426659444171
-362.445995884482215
-362.445605280417283
-362.445179597403978
-362.444634418223927
-362.444427977581825
-362.444152552110040
-362.444028007242480
-362.443682563181483
-362.443151210689962
-362.442853185653860
-362.442505134577232
-362.442040008281424
-362.441731337340286
-362.441385917099410
-362.440882021307004
-362.440320162152261
-362.440018252868015
-362.439557117984748
-362.439119561762709
-362.438882261668653
-362.438383228502460
-362.437983530575480
-362.437633032648932
-362.437268206378405
-362.436905481430131
-362.436336957159824
-362.436162705088975
-362.436004600982585
-362.435541228301304
-362.435356335660060
-362.435064878424328
-362.434701153906701
-362.434164266320010
-362.433770711545719
-362.433623880591085
-362.433539298161293
-362.433077495035207
-362.432383414501317
-362.431974739467705
-362.431594479234377
-362.431439139109273
-362.431057162778757
-362.430217958289290
-362.429510688147843
-362.429393079362512
-362.429141690226402
-362.428840569766294
-362.428607781632081
-362.427968247697436
-362.427653699708230
-362.427120926363443
-362.426700680791839
-362.426363845941296
-362.426294858730557
-362.425595746094643
-362.425337279269343
-362.424789222431798
-362.424614654988886
-362.424036492331084
-362.423586843116368
-362.423326950941942
-362.423187974314203
-362.422910301102377
-362.422383071196919
-362.421965134859136
-362.421314479530054
-362.421198641144542
-362.421019171914338
-362.420837288752637
-362.420569538606799
-362.420293345676839
-362.419583682953260
-362.419489589323859
-362.418601457169132
-362.418404513041992
-362.418262675003689
-362.417870194349973
-362.417495734459692
-362.417467005282788
-362.416919747681163
-362.416441234428419
-362.416348536730993
-362.416129491238621
-362.415552719237894
-362.415104227981487
-362.414351387077033
-362.414179768811323
-362.413776034768205
-362.413376424669821
-362.413109427849179
-362.412719324123145
-362.412604409735593
-362.412008651999940
-362.411655174078419
-362.411410779440530
-362.410724544070604
-362.410289453376549
-362.410236730348686
-362.409845727646371
-362.409528074395212
-362.409150026054931
-362.408396207478631
-362.408093123915876
-362.407588580933350
-362.407417188070667
-362.406949367151583
-362.406683634092019
-362.406382558028668
-362.405522745637541
-362.405186465302052
-362.404972931775774
-362.404059108366994
-362.404036421665808
-362.403617143901215
-362.403312579983492
-362.402964180902245
-362.402686257455514
-362.402127365414742
-362.401480614782486
-362.401211656397493
-362.400599751741595
-362.400348703623365
-362.399338971651275
-362.398803742200982
-362.398252122654753
-362.398054596156044
-362.397300414382300
-362.397031867299063
-362.396471655511107
-362.396194289353332
-362.395968474277652
-362.395569778458309
-362.394806039266768
-362.394567661961730
-362.394002481227460
-362.393425213971625
-362.393176469638036
-362.393095712689160
-362.392952835477956
-362.391945966831088
-362.391539789828812
-362.391216774714223
-362.390701517261562
-362.390377217128503
-362.389782228523814
-362.389449217987419
-362.389172754336869
-362.388818382280817
-362.388265575155572
-362.387593467989802
-362.387371371373831
-362.387005770790324
-362.386098286006643
-362.385931826384194
-362.385280232678269
-362.385112208787348
-362.384967904036159
-362.384476335312058
-362.383885181874348
-362.383465011664782
-362.383019469728310
-362.382500725108684
-362.381973913531681
-362.381495234468161
-362.381226860387414
-362.380850388024101
-362.380624182798272
-362.380140141629511
-362.379838205259603
-362.379504723484501
-362.379157197349571
-362.378905707207934
-362.378503605976221
-362.377837536388881
-362.377203365446974
-362.376976799447220
-362.376433709866831
-362.376137602475922
-362.376079502724565
-362.375528161796922
-362.375052779203997
-362.374791276502322
-362.373978289949093
-362.373792317908510
-362.373631399025726
-362.372923716520972
-362.372679448870429
-362.372135382769329
-362.371930053524864
-362.371351178536258
-362.370864881791306
-362.370242941382401
-362.370010407914151
-362.369702524887032
-362.369248405396490
-362.368932497486526
-362.368707695753130
-362.368180990876624
-362.367981394127241
-362.367281058430649
-362.367194872198297
-362.366664149222061
-362.365743077143748
-362.365531776387456
-362.365101330130699
-362.364504756578924
-362.364329657077690
-362.364109160797568
-362.363741043817583
-362.363053779106224
-362.362801196139969
-362.362592268019455
-362.362177274573071
-362.360926561482984
-362.360619050152536
-362.360102709269540
-362.359518913762372
-362.359208894141830
-362.358857907631773
-362.358443565574646
-362.358271098809098
-362.358010760570380
-362.357316104226072
-362.356208694123325
-362.355794241186004
-362.354884879451845
-362.354550244159327
-362.354213461940390
-362.353939948224877
-362.353566691218816
-362.353319489937235
-362.353031306107823
-362.352667013950054
-362.352172007594334
-362.351785973502672
-362.351543647017479
-362.351347377029072
-362.350391776915330
-362.349929908097351
-362.349692555809668
-362.349214399769494
-362.348664990397026
-362.348540216433719
-362.348184801802688
-362.347616176862914
-362.347050365972677
-362.346376612545555
-362.346160634010232
-362.345709319975583
-362.345412881416280
-362.344696024767643
-362.344103965260274
-362.343295221734707
-362.343128433881986
-362.342950797858236
-362.342246775326089
-362.341964346873056
-362.341636315625180
-362.341138890302545
-362.341011085071614
-362.340243438341020
-362.340012365931386
-362.339641450420118
-362.339058529010515
-362.338633271797505
-362.338145614770497
-362.337672408704577
-362.336920131840202
-362.336591877871456
-362.335892159955336
-362.335507814546304
-362.334880926699611
-362.334694026078068
-362.334482112081162
-362.333989291775481
-362.333364667964304
-362.333038124524307
-362.332562676604141
-362.332029325779445
-362.331719432184912
-362.331358270242561
-362.330451456503397
-362.330317451116116
-362.329773641883889
-362.329430979472363
-362.328706836102356
-362.328351999592655
-362.328162869812331
-362.327610327847992
-362.327213795914986
-362.326943055584479
-362.326491095300923
-362.326101346716939
-362.325744917269958
-362.325528328897121
-362.325142832087920
-362.324949844380967
-362.324131892173568
-362.323608910163273
-362.323434091682486
-362.322916577676324
-362.322418046964060
-362.321929654787368
-362.321771298751287
-362.321044086676750
-362.320654746127161
-362.320385598387475
-362.319931451077196
-362.319344167669499
-362.319030860161206
-362.318733394052742
-362.318437784474781
-362.317430503938056
-362.317081292261832
-362.316834640035495
-362.316340539928035
-362.316309202653713
-362.315768637183282
-362.315055392592171
-362.314793904154897
-362.314310718820082
-362.313723710331772
-362.313389871883089
-362.312781592637691
-362.312732375513690
-362.311750883940249
-362.311504107772237
-362.311233260643974
-362.310616385124945
-362.310184031561448
-362.310019399385453
-362.309578513743531
-362.308848091063624
-362.308575745155963
-362.307827482337359
-362.307648034191629
-362.307176964548034
-362.306730590679763
-362.306579722623098
-362.306028476447409
-362.305731611344299
-362.305546223663725
-362.304625721761283
-362.304185051899481
-362.304124553317592
-362.303026343161378
-362.302671377638831
-362.302463969714040
-362.302259527402441
-362.301566642582600
-362.301014106966875
-362.300147106708380
-362.299761002650428
-362.299515289535179
-362.299295439184391
-362.298555080988024
-362.298275993892105
-362.297689906328173
-362.297329512268448
-362.296924637541338
-362.296586223848578
-362.296001478562459
-362.295157417112762
-362.294606716771682
-362.294401957700245
-362.293887912322134
-362.293705921910657
-362.293153730259291
-362.292949117964611
-362.291830941601177
-362.291515517092421
-362.291174400248224
-362.291070636955340
-362.290217779875661
-362.289850139254838
-362.289395774279228
-362.289300201086860
-362.288610435463909
-362.288426557980699
-362.288137406353712
-362.287143091527980
-362.286769075886809
-362.286610710532443
-362.286382256511502
-362.285755987350626
-362.284625128891776
-362.284293635043753
-362.283901175363724
-362.283460205720360
-362.283449316341432
-362.283107455417337
-362.282178107835534
-362.281354819399439
-362.281169809619257
-362.280626007746548
-362.280208978271730
-362.279858984625037
-362.278936956548307
-362.278817520065957
-362.278265249758476
-362.277391113014119
-362.277237492870370
-362.276877545810635
-362.276090966696358
-362.275335591705812
-362.275067065160783
-362.274688142355728
-362.274104137060533
-362.273021264598810
-362.272855840033344
-362.272504732179982
-362.271842524183739
-362.271562460420114
-362.271183950440957
-362.270797385754690
-362.270607273632947
-362.270094728277456
-362.269524747439391
-362.268592271290686
-362.268278923855519
-362.267473614768790
-362.267296179131051
-362.266650699463753
-362.266416310972886
-362.265330476666577
-362.264443525299498
-362.263870463481624
-362.263404729173487
-362.262865335347044
-362.262343274099123
-362.261890960040773
-362.261613138963298
-362.260981116924142
-362.260707753706015
-362.260234722877158
-362.259519094408745
-362.259289400571561
-362.258486635344525
-362.257904470630933
-362.257099511513786
-362.256545283704838
-362.255885816682394
-362.255268744354566
-362.254587238915747
-362.254297138538163
-362.253784661697466
-362.253084083789759
-362.252850852512609
-362.252751095157464
-362.251727181601439
-362.250811189015735
-362.250497208159004
-362.249792850272854
-362.249694356317207
-362.248921191899512
-362.248584606388988
-362.248019098184670
-362.247534446266627
-362.246877946079053
-362.246409796399973
-362.246335104848640
-362.245788047204030
-362.245490530834218
-362.244214176149285
-362.243909127006759
-362.243839024723741
-362.243078524265854
-362.242857883191675
-362.242440365777838
-362.241860067169796
-362.241220261123658
-362.240825474397354
-362.240383833474198
-362.239802865823037
-362.239471885940418
-362.239304735208520
-362.238693922400898
-362.237835223317632
-362.237103821832136
-362.236828297663692
-362.236483123976484
-362.236094006567214
-362.235758850664467
-362.235205825883952
-362.234571758972550
-362.234332332818553
-362.233860895394514
-362.233592545514568
-362.233165658021392
-362.232646513086820
-362.232021579616344
-362.231452974931187
-362.231283400300129
-362.230828715205234
-362.230123190164022
-362.229122461705344
-362.228882788450392
-362.228683408470488
-362.228213183803291
-362.227949952655081
-362.227225177649643
-362.226958409170095
-362.226635524628932
-362.225789874217469
-362.225486477987943
-362.225222691948204
-362.224469866003858
-362.224090515550756
-362.223942922525225
-362.223235197220504
-362.222725563232530
-362.222155546475960
-362.221990343783318
-362.221445807817872
-362.220849192838898
-362.220483932473712
-362.219679198079689
-362.219173344092212
-362.218924498388787
-362.217829591874988
-362.217079887977491
-362.216480702497734
-362.216164376215488
-362.215627637093917
-362.214890429760715
-362.214461436413046
-362.214208933780242
-362.213723589246456
-362.212501190775697
-362.211978823583365
-362.211826567858168
-362.211667636369157
-362.211143015964637
-362.210424271824081
-362.209878191008613
-362.209734888668265
-362.209068209594477
-362.208958956066226
-362.208021623890716
-362.207570068827692
-362.207138697856635
-362.206189800096695
-362.205917081525968
-362.205437383185256
-362.204856583322680
-362.204241164367090
-362.203864740978247
-362.203812797951230
-362.203283502821307
-362.202836780515668
-362.202552383516434
-362.201861762430838
-362.201195481050490
-362.201042133335193
-362.200148871486078
-362.200014108175083
-362.198751042622405
-362.198192205817691
-362.198140792295192
-362.197326506595175
-362.197040504088704
-362.196479460140154
-362.195886211268089
-362.195632134771756
-362.194904219157479
-362.194741580304253
-362.194545598754246
-362.193802847576762
-362.193475014761248
-362.192856200107940
-362.192754485543162
-362.191662598638004
-362.191415982653780
-362.190999161842569
-362.190678789948720
-362.190007533518497
-362.189078858909625
-362.189060910777926
-362.188556876505743
-362.188163498465428
-362.187498818282279
-362.186754857097242
-362.186517474492064
-362.185753696588620
-362.185135982403949
-362.185095977103742
-362.184344491459797
-362.184042651640709
-362.182324751571173
-362.182207131900043
-362.181443986673287
-362.181264392240280
-362.180253763308087
-362.180071165817708
-362.179477059325620
-362.178639849241790
-362.178212762372425
-362.177335828821413
-362.177144672368001
-362.176528854919127
-362.175854009082002
-362.175485135395149
-362.174866902474832
-362.174476227087041
-362.173627362171317
-362.173215859487641
-362.172542118418392
-362.171860997914450
-362.171657719576274
-362.171275550781559
-362.170648616632377
-362.170021281868117
-362.169047959077773
-362.168611828706730
-362.167848376411200
-362.167114425232910
-362.166568858646713
-362.166316284024447
-362.165312903376105
-362.164462988229445
-362.163685135131971
-362.163252595866879
-362.162303583480877
-362.161961990570319
-362.161780473486601
-362.160753495661879
-362.160524979019385
-362.159306364021461
-362.158911714241640
-362.158545043027630
-362.157904386322059
-362.157410429079334
-362.156908626785423
-362.156272919230219
-362.155657133845807
-362.155154661755489
-362.154441185829512
-362.154327053793111
-362.153422988526017
-362.152612045116825
-362.152290990352412
-362.152077970489245
-362.151545757868860
-362.151086374436204
-362.149977294187920
-362.149748286222803
-362.149019526428162
-362.147859185697882
-362.147358112192649
-362.146375667363202
-362.145982008406747
-362.145628747955186
-362.145476577096815
-362.144893471140961
-362.144462144365718
-362.144356847269478
-362.143367741025770
-362.143051629790591
-362.142465410821785
-362.141567078491960
-362.141305753086897
-362.140836208403641
-362.140343370074902
-362.140071183337227
-362.139188404544882
-362.138668694759701
-362.138198768869017
-362.137328135478356
-362.136947786908877
-362.136381782139665
-362.136029020752858
-362.135387607505834
-362.134469482345366
-362.134075844239419
-362.133518893191763
-362.132585928565163
-362.131863854966866
-362.131531407835894
-362.131332820752391
-362.130790450547863
-362.130150826027318
-362.129362584507703
-362.129316617841027
-362.128631395316575
-362.128303365631155
-362.127624385740091
-362.127040840979134
-362.126510500680581
-362.125606346173470
-362.125384852152422
-362.125114142387474
-362.124811606003675
-362.124321156927465
-362.123648323189684
-362.123018410139309
-362.122605990510635
-362.121612794457121
-362.121462339222262
-362.121288555254580
-362.120989379655612
-362.120438287244156
-362.119573466031682
-362.119274437315028
-362.117280235735393
-362.116863904148943
-362.116055648666531
-362.115035227259739
-362.114691201951246
-362.113894118144685
-362.113424078802780
-362.112747843832608
-362.112150795875039
-362.112001120946331
-362.111397385095700
-362.111356352758492
-362.110956582346716
-362.109860138247257
-362.108769753136528
-362.107864100996892
-362.107436050416879
-362.106173720108984
-362.106050840205057
-362.105742825634763
-362.105488681505278
-362.104779847764064
-362.103318504144738
-362.103181142699839
-362.102508631998376
-362.101837299842600
-362.101018796601295
-362.100291177577844
-362.099588903598715
-362.099395664853432
-362.098421320553939
-362.097985222707109
-362.097856029778825
-362.097617591858125
-362.096090552309079
-362.095715151440800
-362.094963510069476
-362.094257792547126
-362.093633907582671
-362.092162087200620
-362.091803828200455
-362.091408023991903
-362.090834410512912
-362.090239973555185
-362.089398555386992
-362.089071928325609
-362.088398430213374
-362.087873764087192
-362.086866129363955
-362.086082432608293
-362.085541814907344
-362.085088448131444
-362.084707572704872
-362.084630864818450
-362.084014421512506
-362.083252603383698
-362.082922479785282
-362.082325595378563
-362.081203751966257
-362.080925607362133
-362.080480460805234
-362.079955292393038
-362.079516881048619
-362.079281367373255
-362.078658735279703
-362.078317120590384
-362.077047894664133
-362.076707445880288
-362.076391806144727
-362.075806821733579
-362.075194631675231
-362.074552525938259
-362.073649749683739
-362.072869509205475
-362.072307737552137
-362.071788225732746
-362.071155700617794
-362.070228992234433
-362.069665392652439
-362.069277829489863
-362.068656795355309
-362.068349464111918
-362.067294272526567
-362.067136180033856
-362.066315800432619
-362.066014616839880
-362.065657016054331
-362.064670339594556
-362.063556423068292
-362.063261748049797
-362.062985425697661
-362.062367615670212
-362.060886797876151
-362.060365417312596
-362.059459484246247
-362.058958927167168
-362.058089657483265
-362.056597392299977
-362.056275635447719
-362.055939685605892
-362.055343485291473
-362.055005410600984
-362.054340479288157
-362.054147740390476
-362.053066878296363
-362.052921717695426
-362.051722510118850
-362.051057485049228
-362.049958224341367
-362.049450663604375
-362.048597281871707
-362.048253314386216
-362.047310231527206
-362.046810862334894
-362.046483895945755
-362.045837686730181
-362.045395348007389
-362.044460574915036
-362.043990115045915
-362.043344461852428
-362.042485884686528
-362.041613065433410
-362.041433184960283
-362.041021953969334
-362.040526243406134
-362.040426956854446
-362.039793400650069
-362.039218911702449
-362.037665222229180
-362.037092188020665
-362.036912071469260
-362.035903286128928
-362.034900584982836
-362.034415352647954
-362.033808511697714
-362.033623142536612
-362.033252531388939
-362.032472880739761
-362.032337930426081
-362.031011138570022
-362.030534484004704
-362.030022920824365
-362.029544511992810
-362.029344049124063
-362.028272488743198
-362.027850141676765
-362.026951673256519
-362.026658588878036
-362.025607164942699
-362.024788351358268
-362.024546747461500
-362.024374339046346
-362.023569770914264
-362.023359881330236
-362.022591755497785
-362.022118491040715
-362.020839354202792
-362.020466918713794
-362.019748158759228
-362.019469809271698
-362.018535965894557
-362.018199463693236
-362.017603231207943
-362.016883122469721
-362.016280375569181
-362.015337633472370
-362.014333412116684
-362.014224966360587
-362.013380664119211
-362.013142102316181
-362.012584277002702
-362.011878009656925
-362.011482416273338
-362.010282366425315
-362.010020254268738
-362.009206085930145
-362.009087197276813
-362.008385041213728
-362.007633270093663
-362.006987965122846
-362.006750437237031
-362.006465495812336
-362.005394369252997
-362.005109579758880
-362.004780396131480
-362.003928302911731
-362.003453129816592
-362.002548516229808
-362.002205702022593
-362.001778267162194
-362.001167806350225
-362.000697782065004
-361.999723902438802
-361.999300623144620
-361.998590795440066
-361.998027181341570
-361.997537804455817
-361.997294391495359
-361.996495236486339
-361.995614543503791
-361.994765691619534
-361.994627812382134
-361.994501174358504
-361.993541937217344
-361.993136157184551
-361.992689258633902
-361.992463929099586
-361.992181946090398
-361.990997512267825
-361.990322594226996
-361.990017990895296
-361.989362320991177
-361.988381449772874
-361.986969242293128
-361.986697139058890
-361.986076278774703
-361.985744096739495
-361.984917021840204
-361.984292846889048
-361.983803673333625
-361.982992986438035
-361.982744929663909
-361.982240982721692
-361.981913759579982
-361.981172408425209
-361.980580574404655
-361.980370727180116
-361.978790327128081
-361.978236496196587
-361.978124255549574
-361.977315396188885
-361.976909143035925
-361.975968209574432
-361.975693857871249
-361.975397335044249
-361.974848484332483
-361.974116034676740
-361.973723667887896
-361.973572090646996
-361.972388863322465
-361.972110933453052
-361.971575013585152
-361.971005732154993
-361.969803933350022
-361.968944610235212
-361.968667714494416
-361.967978811822832
-361.967150611687543
-361.966754374294624
-361.965984478637608
-361.965588586403157
-361.963983033299996
-361.963592408331465
-361.962909427697525
-361.962686979963962
-361.962492456367727
-361.960901180971121
-361.960463335261863
-361.960169621683860
-361.959795059167050
-361.959039771149094
-361.957758337425048
-361.957508399790697
-361.956439609687948
-361.956267780235066
-361.955836646987905
-361.955218118081120
-361.954014136101591
-361.953693990605075
-361.952126238285928
-361.951551696240472
-361.951120487887977
-361.950446462647903
-361.949757906280070
-361.949392637481253
-361.948972364895099
-361.948524655865697
-361.947773952776402
-361.947261250864869
-361.947019294444999
-361.946314626258697
-361.945727713081510
-361.943801402545375
-361.943049464611931
-361.942661618049328
-361.941600270473998
-361.941118203353540
-361.940771731448535
-361.939987222501202
-361.939844236845886
-361.938839174573445
-361.938650597881178
-361.938081771524367
-361.937139663470305
-361.936230627161308
-361.935165486693279
-361.934911934493527
-361.934775971954821
-361.934210160435384
-361.933536851507085
-361.932369959163395
-361.932241732170496
-361.931409925308856
-361.930850021081142
-361.930287649041645
-361.929738646478654
-361.928895404500111
-361.927714139710702
-361.927614988259279
-361.927134911678422
-361.926372690178709
-361.925342294979487
-361.924907677240469
-361.924603393757764
-361.923999347899326
-361.923211205774237
-361.922648765234499
-361.921369484483023
-361.921070446306658
-361.920826975301793
-361.920234102512154
-361.919614171427895
-361.919078532386322
-361.918159568230521
-361.917657508908178
-361.917221161264479
-361.916846346011141
-361.916105878556550
-361.915113700635402
-361.914408742314606
-361.913804379157739
-361.913040093845268
-361.912580629454339
-361.912179878141615
-361.911554919327557
-361.911240527578570
-361.911019691177955
-361.910555703137902
-361.910350893586497
-361.908900904377504
-361.908828144835468
-361.907892466706357
-361.907728126823145
-361.907153566476666
-361.906852532619894
-361.906058113765084
-361.905661304762248
-361.904649419788484
-361.903892301788630
-361.903333942572033
-361.903020358443143
-361.902244763012391
-361.901716300421811
-361.900742067948784
-361.900670491551693
-361.899549455925239
-361.899456971521090
-361.898830639842402
-361.898140284742624
-361.896529320576803
-361.896266796475174
-361.895916030540263
-361.894689115038091
-361.894086300553852
-361.893976727714460
-361.893243472223560
-361.892496835993086
-361.892082315302900
-361.891360284679479
-361.890579985781358
-361.890233236778101
-361.889900996849747
-361.889267806892519
-361.888033918022018
-361.886976371986577
-361.886458786590822
-361.886286808153386
-361.885832842321065
-361.885113098928002
-361.884355787421100
-361.883784137787245
-361.883005561915184
-361.882678243167220
-361.881998978842773
-361.881295619935543
-361.880637546354819
-361.879547511501016
-361.878765082750533
-361.878650315128255
-361.877646240838658
-361.877070041884849
-361.876398230092377
-361.875217119313788
-361.874675831105208
-361.874040941782084
-361.873665456550839
-361.872842462719632
-361.872522941209411
-361.872000848147536
-361.871515704406590
-361.871137192066840
-361.870563642536865
-361.870052741211111
-361.868945828447352
-361.868366172237813
-361.866905989144129
-361.866736743246122
-361.866238589631791
-361.865333234415289
-361.864823364992446
-361.864413471062903
-361.863576848707794
-361.863397589889701
-361.862751483452826
-361.862426679640407
-361.862176008011943
-361.861419535718255
-361.860978526171380
-361.860886134247153
-361.859343661769856
-361.858886019942361
-361.858512735876445
-361.858217535692006
-361.857510215792047
-361.856391461355770
-361.855392941881860
-361.854403312307284
-361.853934340805722
-361.853696116616675
-361.853250983813609
-361.852896574656313
-361.852137847072868
-361.851695719547820
-361.851378855325720
-361.850685163100422
-361.850265157624392
-361.849671126330122
-361.848678306720899
-361.848041037455516
-361.847732971239282
-361.847294413152497
-361.846785415790805
-361.845479832523040
-361.844686986301326
-361.844591508098688
-361.844113063070949
-361.843248315511914
-361.842125419336583
-361.841702820878481
-361.840917036393989
-361.840577232554040
-361.840463864946400
-361.839677259541133
-361.839135620998604
-361.838191684325295
-361.838026333160087
