-321.29383325_-316.95404988
-3.218361530768999614e+02,2.499375156210379128e-03
-3.217361530768999387e+02,0.000000000000000000e+00
-3.216361530768999160e+02,9.997500624841516512e-03
-3.215361530768998932e+02,8.247938015494250819e-02
-3.214361530768998705e+02,1.649587603098850164e-01
-3.213361530768998477e+02,2.624343914020897950e-01
-3.212361530768998250e+02,3.074231442138766202e-01
-3.211361530768998023e+02,3.474131467132426931e-01
-3.210361530768997795e+02,3.499125218694530415e-01
-3.209361530768997568e+02,3.624093976505049497e-01
-3.208361530768997341e+02,3.299175206197700327e-01
-3.207361530768997113e+02,3.074231442138766202e-01
-3.206361530768996886e+02,3.099225193700869685e-01
-3.205361530768996658e+02,3.224193951511388767e-01
-3.204361530768996431e+02,2.849287678079832076e-01
-3.203361530768996204e+02,2.599350162458793911e-01
-3.202361530768995976e+02,2.424393901524067585e-01
-3.201361530768995749e+02,2.274431392151444742e-01
-3.200361530768995522e+02,2.149462634340925937e-01
-3.199361530768995294e+02,1.949512621844095572e-01
-3.198361530768995067e+02,1.949512621844095572e-01
-3.197361530768994839e+02,1.724568857785161446e-01
-3.196361530768994612e+02,1.799550112471472729e-01
-3.195361530768994385e+02,1.849537615595680529e-01
-3.194361530768994157e+02,1.874531367157784290e-01
-3.193361530768993930e+02,1.849537615595680529e-01
-3.192361530768993703e+02,1.724568857785161446e-01
-3.191361530768993475e+02,1.799550112471472729e-01
-3.190361530768993248e+02,1.474631342164123560e-01
-3.189361530768993021e+02,1.524618845288331082e-01
-3.188361530768992793e+02,1.499625093726227321e-01
-3.187361530768992566e+02,1.424643839039916038e-01
-3.186361530768992338e+02,1.224693826543085673e-01
-3.185361530768992111e+02,1.174706323418878151e-01
-3.184361530768991884e+02,1.124718820294670490e-01
-3.183361530768991656e+02,9.247688077978402643e-02
-3.182361530768991429e+02,8.997750562357363646e-02
-3.181361530768991202e+02,7.748062984252174212e-02
-3.180361530768990974e+02,8.247938015494250819e-02
-3.179361530768990747e+02,6.748312921768023775e-02
-3.178361530768990519e+02,7.498125468631136603e-02
-3.177361530768990292e+02,7.248187953010098994e-02
-3.176361530768990065e+02,7.998000499873213209e-02
-3.175361530768989837e+02,6.498375406146984778e-02
-3.174361530768989610e+02,5.498625343662833648e-02
-3.173361530768989383e+02,5.498625343662833648e-02
-3.172361530768989155e+02,4.748812796799720126e-02
-3.171361530768988928e+02,2.999250187452454780e-02
-3.170361530768988700e+02,1.749562609347265346e-02
-3.169361530768988473e+02,2.999250187452454780e-02
-3.168361530768988246e+02,1.999500124968303302e-02
-3.167361530768988018e+02,9.997500624841516512e-03
-3.166361530768987791e+02,4.998750312420758256e-03
-3.165361530768987564e+02,4.998750312420758256e-03
-3.164361530768987336e+02,2.499375156210379128e-03
-3.163361530768987109e+02,0.000000000000000000e+00
-3.162361530768986881e+02,0.000000000000000000e+00
-3.161361530768986654e+02,0.000000000000000000e+00
-3.160361530768986427e+02,0.000000000000000000e+00
-3.159361530768986199e+02,0.000000000000000000e+00
-3.158361530768985972e+02,0.000000000000000000e+00
-3.157361530768985745e+02,0.000000000000000000e+00
-3.156361530768985517e+02,0.000000000000000000e+00
-3.155361530768985290e+02,0.000000000000000000e+00
-3.154361530768985062e+02,0.000000000000000000e+00
-3.153361530768984835e+02,0.000000000000000000e+00
-3.152361530768984608e+02,0.000000000000000000e+00
-3.151361530768984380e+02,0.000000000000000000e+00
-3.150361530768984153e+02,0.000000000000000000e+00
-3.149361530768983926e+02,0.000000000000000000e+00
-3.148361530768983698e+02,0.000000000000000000e+00
-3.147361530768983471e+02,0.000000000000000000e+00
-3.146361530768983243e+02,0.000000000000000000e+00
-3.145361530768983016e+02,0.000000000000000000e+00
-3.144361530768982789e+02,0.000000000000000000e+00
-3.143361530768982561e+02,0.000000000000000000e+00
-3.142361530768982334e+02,0.000000000000000000e+00
-3.141361530768982107e+02,0.000000000000000000e+00
-3.140361530768981879e+02,0.000000000000000000e+00
-3.139361530768981652e+02,0.000000000000000000e+00
-3.138361530768981424e+02,0.000000000000000000e+00
-3.137361530768981197e+02,0.000000000000000000e+00
-3.136361530768980970e+02,0.000000000000000000e+00
-3.135361530768980742e+02,0.000000000000000000e+00
-3.134361530768980515e+02,0.000000000000000000e+00
-3.133361530768980288e+02,0.000000000000000000e+00
-3.132361530768980060e+02,0.000000000000000000e+00
-3.131361530768979833e+02,0.000000000000000000e+00
-3.130361530768979605e+02,0.000000000000000000e+00
-3.129361530768979378e+02,0.000000000000000000e+00
-3.128361530768979151e+02,0.000000000000000000e+00
-3.127361530768978923e+02,0.000000000000000000e+00
-3.126361530768978696e+02,0.000000000000000000e+00
-3.125361530768978469e+02,0.000000000000000000e+00
-3.124361530768978241e+02,0.000000000000000000e+00
-3.123361530768978014e+02,0.000000000000000000e+00
-3.122361530768977786e+02,0.000000000000000000e+00
-3.121361530768977559e+02,0.000000000000000000e+00
-3.120361530768977332e+02,0.000000000000000000e+00
-3.119361530768977104e+02,0.000000000000000000e+00
-3.118361530768976877e+02,0.000000000000000000e+00
-3.117361530768976650e+02,0.000000000000000000e+00
-3.116361530768976422e+02,0.000000000000000000e+00
-3.115361530768976195e+02,0.000000000000000000e+00
-3.114361530768975967e+02,0.000000000000000000e+00
-3.113361530768975740e+02,0.000000000000000000e+00
-3.112361530768975513e+02,0.000000000000000000e+00
-3.111361530768975285e+02,0.000000000000000000e+00
-3.110361530768975058e+02,0.000000000000000000e+00
-3.109361530768974831e+02,4.998750312420758256e-03
-3.108361530768974603e+02,1.249687578105189434e-02
-3.107361530768974376e+02,2.249437640589340912e-02
-3.106361530768974148e+02,7.498125468631136603e-02
-3.105361530768973921e+02,9.497625593599440252e-02
-3.104361530768973694e+02,7.248187953010098994e-02
-3.103361530768973466e+02,7.748062984252174212e-02
-3.102361530768973239e+02,7.498125468631136603e-02
-3.101361530768973012e+02,5.998500374904909560e-02
-3.100361530768972784e+02,6.248437890525947169e-02
-3.099361530768972557e+02,4.498875281178681823e-02
-3.098361530768972329e+02,3.749062734315568302e-02
-3.097361530768972102e+02,3.249187703073492389e-02
-3.096361530768971875e+02,2.999250187452454780e-02
-3.095361530768971647e+02,3.499125218694530692e-02
-3.094361530768971420e+02,3.499125218694530692e-02
-3.093361530768971193e+02,3.499125218694530692e-02
-3.092361530768970965e+02,2.249437640589340912e-02
-3.091361530768970738e+02,2.999250187452454780e-02
-3.090361530768970511e+02,2.499375156210378868e-02
-3.089361530768970283e+02,3.749062734315568302e-02
-3.088361530768970056e+02,2.999250187452454780e-02
-3.087361530768969828e+02,2.499375156210378868e-02
-3.086361530768969601e+02,2.249437640589340912e-02
-3.085361530768969374e+02,3.499125218694530692e-02
-3.084361530768969146e+02,2.749312671831416824e-02
-3.083361530768968919e+02,3.249187703073492389e-02
-3.082361530768968692e+02,2.249437640589340912e-02
-3.081361530768968464e+02,1.999500124968303302e-02
-3.080361530768968237e+02,1.499625093726227390e-02
-3.079361530768968009e+02,1.999500124968303302e-02
-3.078361530768967782e+02,1.749562609347265346e-02
-3.077361530768967555e+02,9.997500624841516512e-03
-3.076361530768967327e+02,1.249687578105189434e-02
-3.075361530768967100e+02,9.997500624841516512e-03
-3.074361530768966873e+02,4.998750312420758256e-03
-3.073361530768966645e+02,9.997500624841516512e-03
-3.072361530768966418e+02,4.998750312420758256e-03
-3.071361530768966190e+02,1.249687578105189434e-02
-3.070361530768965963e+02,1.999500124968303302e-02
-3.069361530768965736e+02,1.999500124968303302e-02
-3.068361530768965508e+02,1.499625093726227390e-02
-3.067361530768965281e+02,7.498125468631136950e-03
-3.066361530768965054e+02,4.998750312420758256e-03
-3.065361530768964826e+02,9.997500624841516512e-03
-3.064361530768964599e+02,2.499375156210379128e-03
-3.063361530768964371e+02,9.997500624841516512e-03
-3.062361530768964144e+02,2.249437640589340912e-02
-3.061361530768963917e+02,3.249187703073492389e-02
-3.060361530768963689e+02,2.249437640589340912e-02
-3.059361530768963462e+02,2.749312671831416824e-02
-3.058361530768963235e+02,1.999500124968303302e-02
-3.057361530768963007e+02,1.999500124968303302e-02
-3.056361530768962780e+02,1.999500124968303302e-02
-3.055361530768962552e+02,1.499625093726227390e-02
-3.054361530768962325e+02,1.499625093726227390e-02
-3.053361530768962098e+02,9.997500624841516512e-03
-3.052361530768961870e+02,1.249687578105189434e-02
-3.051361530768961643e+02,7.498125468631136950e-03
-3.050361530768961416e+02,1.249687578105189434e-02
-3.049361530768961188e+02,9.997500624841516512e-03
-3.048361530768960961e+02,7.498125468631136950e-03
-3.047361530768960733e+02,1.499625093726227390e-02
-3.046361530768960506e+02,7.498125468631136950e-03
-3.045361530768960279e+02,1.249687578105189434e-02
-3.044361530768960051e+02,1.249687578105189434e-02
-3.043361530768959824e+02,9.997500624841516512e-03
-3.042361530768959597e+02,9.997500624841516512e-03
-3.041361530768959369e+02,7.498125468631136950e-03
-3.040361530768959142e+02,9.997500624841516512e-03
-3.039361530768958914e+02,7.498125468631136950e-03
-3.038361530768958687e+02,7.498125468631136950e-03
-3.037361530768958460e+02,7.498125468631136950e-03
-3.036361530768958232e+02,7.498125468631136950e-03
-3.035361530768958005e+02,4.998750312420758256e-03
-3.034361530768957778e+02,4.998750312420758256e-03
-3.033361530768957550e+02,4.998750312420758256e-03
-3.032361530768957323e+02,4.998750312420758256e-03
-3.031361530768957095e+02,4.998750312420758256e-03
-3.030361530768956868e+02,0.000000000000000000e+00
-3.029361530768956641e+02,2.499375156210379128e-03
-3.028361530768956413e+02,2.499375156210379128e-03
-3.027361530768956186e+02,0.000000000000000000e+00
-3.026361530768955959e+02,0.000000000000000000e+00
-3.025361530768955731e+02,7.498125468631136950e-03
-3.024361530768955504e+02,9.997500624841516512e-03
-3.023361530768955276e+02,2.499375156210379128e-03
-3.022361530768955049e+02,0.000000000000000000e+00
-3.021361530768954822e+02,2.499375156210379128e-03
-3.020361530768954594e+02,2.499375156210379128e-03
-3.019361530768954367e+02,0.000000000000000000e+00
-3.018361530768954140e+02,0.000000000000000000e+00
-3.017361530768953912e+02,2.499375156210379128e-03
-3.016361530768953685e+02,2.499375156210379128e-03
-3.015361530768953457e+02,7.498125468631136950e-03
-3.014361530768953230e+02,4.998750312420757735e-02
-3.013361530768953003e+02,6.998250437389061385e-02
-3.012361530768952775e+02,4.748812796799720126e-02
-3.011361530768952548e+02,4.748812796799720126e-02
-3.010361530768952321e+02,3.749062734315568302e-02
