-230.14370109351108_-226.76511508010054
-2.304383180892943983e+02,5.569479253690096804e-02
-2.303383180892943756e+02,1.253132832080271764e-01
-2.302383180892944097e+02,1.893622946254632788e-01
-2.301383180892943869e+02,2.756892230576598046e-01
-2.300383180892944210e+02,3.397382344750958794e-01
-2.299383180892943983e+02,3.369534948482508785e-01
-2.298383180892944324e+02,3.648008911167013313e-01
-2.297383180892944097e+02,3.620161514898562749e-01
-2.296383180892944438e+02,4.093567251462221224e-01
-2.295383180892944210e+02,3.759398496240815568e-01
-2.294383180892944551e+02,3.174603174603354838e-01
-2.293383180892944324e+02,2.951824004455751438e-01
-2.292383180892944665e+02,2.255639097744489008e-01
-2.291383180892944438e+02,2.088554720133786180e-01
-2.290383180892944779e+02,1.782233361180830811e-01
-2.289383180892944551e+02,2.005012531328434766e-01
-2.288383180892944893e+02,2.116402116402236744e-01
-2.287383180892944665e+02,1.837928153717731938e-01
-2.286383180892945006e+02,2.032859927596885330e-01
-2.285383180892944779e+02,1.893622946254632788e-01
-2.284383180892945120e+02,2.060707323865335616e-01
-2.283383180892944893e+02,1.893622946254632788e-01
-2.282383180892945234e+02,2.032859927596885330e-01
-2.281383180892945006e+02,1.754385964912380524e-01
-2.280383180892945347e+02,1.531606794764776569e-01
-2.279383180892945120e+02,1.448064605959425155e-01
-2.278383180892945461e+02,1.253132832080271764e-01
-2.277383180892945234e+02,1.141743247006469786e-01
-2.276383180892945575e+02,9.746588693957669580e-02
-2.275383180892945347e+02,9.746588693957669580e-02
-2.274383180892945688e+02,9.189640768588659692e-02
-2.273383180892945461e+02,7.797270955166135664e-02
-2.272383180892945802e+02,6.404901141743611637e-02
-2.271383180892945575e+02,6.683375104428115887e-02
-2.270383180892945916e+02,5.012531328321086915e-02
-2.269383180892945688e+02,4.455583402952077027e-02
-2.268383180892946029e+02,4.455583402952077027e-02
-2.267383180892945802e+02,3.063213589529552999e-02
-2.266383180892946143e+02,2.506265664160543458e-02
-2.265383180892945916e+02,1.670843776107028972e-02
-2.264383180892946257e+02,1.392369813422524201e-02
-2.263383180892946029e+02,8.354218880535144859e-03
-2.262383180892946370e+02,2.784739626845048142e-03
-2.261383180892946143e+02,5.569479253690096283e-03
-2.260383180892946484e+02,8.354218880535144859e-03
-2.259383180892946257e+02,0.000000000000000000e+00
-2.258383180892946598e+02,8.354218880535144859e-03
-2.257383180892946370e+02,8.354218880535144859e-03
-2.256383180892946712e+02,5.569479253690096283e-03
-2.255383180892946484e+02,5.569479253690096283e-03
-2.254383180892946825e+02,0.000000000000000000e+00
-2.253383180892946598e+02,5.569479253690096283e-03
-2.252383180892946939e+02,2.784739626845048142e-03
-2.251383180892946712e+02,0.000000000000000000e+00
-2.250383180892947053e+02,0.000000000000000000e+00
-2.249383180892946825e+02,0.000000000000000000e+00
-2.248383180892947166e+02,0.000000000000000000e+00
-2.247383180892946939e+02,0.000000000000000000e+00
-2.246383180892947280e+02,0.000000000000000000e+00
-2.245383180892947053e+02,0.000000000000000000e+00
-2.244383180892947394e+02,0.000000000000000000e+00
-2.243383180892947166e+02,0.000000000000000000e+00
-2.242383180892947507e+02,0.000000000000000000e+00
-2.241383180892947280e+02,0.000000000000000000e+00
-2.240383180892947621e+02,0.000000000000000000e+00
-2.239383180892947394e+02,0.000000000000000000e+00
-2.238383180892947735e+02,0.000000000000000000e+00
-2.237383180892947507e+02,0.000000000000000000e+00
-2.236383180892947848e+02,0.000000000000000000e+00
-2.235383180892947621e+02,0.000000000000000000e+00
-2.234383180892947962e+02,0.000000000000000000e+00
-2.233383180892947735e+02,0.000000000000000000e+00
-2.232383180892948076e+02,0.000000000000000000e+00
-2.231383180892947848e+02,0.000000000000000000e+00
-2.230383180892948189e+02,0.000000000000000000e+00
-2.229383180892947962e+02,0.000000000000000000e+00
-2.228383180892948303e+02,0.000000000000000000e+00
-2.227383180892948076e+02,0.000000000000000000e+00
-2.226383180892948417e+02,0.000000000000000000e+00
-2.225383180892948189e+02,0.000000000000000000e+00
-2.224383180892948531e+02,0.000000000000000000e+00
-2.223383180892948303e+02,0.000000000000000000e+00
-2.222383180892948644e+02,0.000000000000000000e+00
-2.221383180892948417e+02,0.000000000000000000e+00
-2.220383180892948758e+02,0.000000000000000000e+00
-2.219383180892948531e+02,0.000000000000000000e+00
-2.218383180892948872e+02,0.000000000000000000e+00
-2.217383180892948644e+02,0.000000000000000000e+00
-2.216383180892948985e+02,0.000000000000000000e+00
-2.215383180892948758e+02,0.000000000000000000e+00
-2.214383180892949099e+02,0.000000000000000000e+00
-2.213383180892948872e+02,0.000000000000000000e+00
-2.212383180892949213e+02,0.000000000000000000e+00
-2.211383180892948985e+02,0.000000000000000000e+00
-2.210383180892949326e+02,0.000000000000000000e+00
-2.209383180892949099e+02,0.000000000000000000e+00
-2.208383180892949440e+02,0.000000000000000000e+00
-2.207383180892949213e+02,0.000000000000000000e+00
-2.206383180892949554e+02,0.000000000000000000e+00
-2.205383180892949326e+02,0.000000000000000000e+00
-2.204383180892949667e+02,0.000000000000000000e+00
-2.203383180892949440e+02,0.000000000000000000e+00
-2.202383180892949781e+02,0.000000000000000000e+00
-2.201383180892949554e+02,0.000000000000000000e+00
-2.200383180892949895e+02,0.000000000000000000e+00
-2.199383180892949667e+02,0.000000000000000000e+00
-2.198383180892950008e+02,1.670843776107028972e-02
-2.197383180892949781e+02,0.000000000000000000e+00
-2.196383180892950122e+02,3.341687552214057944e-02
-2.195383180892949895e+02,1.253132832080271764e-01
-2.194383180892950236e+02,2.617655249234345227e-01
-2.193383180892950008e+02,1.810080757449281375e-01
-2.192383180892950350e+02,1.531606794764776569e-01
-2.191383180892950122e+02,1.587301587301677419e-01
-2.190383180892950463e+02,1.670843776107029111e-01
-2.189383180892950236e+02,1.448064605959425155e-01
-2.188383180892950577e+02,1.169590643274920350e-01
-2.187383180892950350e+02,1.559454191033227133e-01
-2.186383180892950691e+02,6.683375104428115887e-02
-2.185383180892950463e+02,5.569479253690096804e-02
-2.184383180892950804e+02,5.012531328321086915e-02
-2.183383180892950577e+02,4.455583402952077027e-02
-2.182383180892950918e+02,7.797270955166135664e-02
-2.181383180892950691e+02,7.518796992481630026e-02
-2.180383180892951032e+02,1.113895850738019361e-01
-2.179383180892950804e+02,9.189640768588659692e-02
-2.178383180892951145e+02,7.518796992481630026e-02
-2.177383180892950918e+02,8.075744917850639915e-02
-2.176383180892951259e+02,6.683375104428115887e-02
-2.175383180892951032e+02,7.518796992481630026e-02
-2.174383180892951373e+02,5.847953216374601748e-02
-2.173383180892951145e+02,7.797270955166135664e-02
-2.172383180892951486e+02,2.227791701476038513e-02
-2.171383180892951259e+02,3.063213589529552999e-02
-2.170383180892951600e+02,4.177109440267572776e-02
-2.169383180892951373e+02,3.063213589529552999e-02
-2.168383180892951714e+02,3.341687552214057944e-02
-2.167383180892951486e+02,3.620161514898562888e-02
-2.166383180892951827e+02,3.341687552214057944e-02
-2.165383180892951600e+02,2.227791701476038513e-02
-2.164383180892951941e+02,1.670843776107028972e-02
-2.163383180892951714e+02,0.000000000000000000e+00
-2.162383180892952055e+02,2.784739626845048402e-02
-2.161383180892951827e+02,5.569479253690096283e-03
-2.160383180892952169e+02,2.784739626845048142e-03
-2.159383180892951941e+02,1.392369813422524201e-02
-2.158383180892952282e+02,0.000000000000000000e+00
-2.157383180892952055e+02,0.000000000000000000e+00
-2.156383180892952396e+02,0.000000000000000000e+00
-2.155383180892952169e+02,0.000000000000000000e+00
-2.154383180892952510e+02,0.000000000000000000e+00
-2.153383180892952282e+02,0.000000000000000000e+00
-2.152383180892952623e+02,0.000000000000000000e+00
-2.151383180892952396e+02,1.670843776107028972e-02
