-230.160230845983_-226.71073436006589
-2.304530755220961851e+02,5.569479253690096804e-02
-2.303530755220961623e+02,1.336675020885623177e-01
-2.302530755220961964e+02,1.921470342523083352e-01
-2.301530755220961737e+02,2.729044834308147482e-01
-2.300530755220962078e+02,3.341687552214058221e-01
-2.299530755220961851e+02,3.369534948482508785e-01
-2.298530755220962192e+02,3.648008911167013313e-01
-2.297530755220961964e+02,3.648008911167013313e-01
-2.296530755220962305e+02,4.010025062656869532e-01
-2.295530755220962078e+02,3.787245892509265577e-01
-2.294530755220962419e+02,3.063213589529553138e-01
-2.293530755220962192e+02,2.896129211918850310e-01
-2.292530755220962533e+02,2.283486494012939572e-01
-2.291530755220962305e+02,2.172096908939137594e-01
-2.290530755220962646e+02,1.698691172375479397e-01
-2.289530755220962419e+02,2.088554720133786180e-01
-2.288530755220962760e+02,1.949317738791533916e-01
-2.287530755220962533e+02,2.032859927596885330e-01
-2.286530755220962874e+02,1.949317738791533916e-01
-2.285530755220962646e+02,1.837928153717731938e-01
-2.284530755220962988e+02,2.005012531328434766e-01
-2.283530755220962760e+02,1.949317738791533916e-01
-2.282530755220963101e+02,2.032859927596885330e-01
-2.281530755220962874e+02,1.837928153717731938e-01
-2.280530755220963215e+02,1.420217209690974591e-01
-2.279530755220962988e+02,1.308827624617172614e-01
-2.278530755220963329e+02,1.225285435811821200e-01
-2.277530755220963101e+02,1.030353661932667808e-01
-2.276530755220963442e+02,1.113895850738019361e-01
-2.275530755220963215e+02,8.911166805904154053e-02
-2.274530755220963556e+02,1.002506265664217383e-01
-2.273530755220963329e+02,8.075744917850639915e-02
-2.272530755220963670e+02,6.126427179059105999e-02
-2.271530755220963442e+02,6.683375104428115887e-02
-2.270530755220963783e+02,5.291005291005591860e-02
-2.269530755220963556e+02,5.012531328321086915e-02
-2.268530755220963897e+02,3.620161514898562888e-02
-2.267530755220963670e+02,5.012531328321086915e-02
-2.266530755220964011e+02,1.670843776107028972e-02
-2.265530755220963783e+02,2.506265664160543458e-02
-2.264530755220964124e+02,1.113895850738019257e-02
-2.263530755220963897e+02,1.670843776107028972e-02
-2.262530755220964238e+02,1.113895850738019257e-02
-2.261530755220964011e+02,0.000000000000000000e+00
-2.260530755220964352e+02,5.569479253690096283e-03
-2.259530755220964124e+02,2.784739626845048142e-03
-2.258530755220964465e+02,0.000000000000000000e+00
-2.257530755220964238e+02,5.569479253690096283e-03
-2.256530755220964579e+02,8.354218880535144859e-03
-2.255530755220964352e+02,5.569479253690096283e-03
-2.254530755220964693e+02,5.569479253690096283e-03
-2.253530755220964465e+02,2.784739626845048142e-03
-2.252530755220964807e+02,5.569479253690096283e-03
-2.251530755220964579e+02,0.000000000000000000e+00
-2.250530755220964920e+02,5.569479253690096283e-03
-2.249530755220964693e+02,2.784739626845048142e-03
-2.248530755220965034e+02,0.000000000000000000e+00
-2.247530755220964807e+02,0.000000000000000000e+00
-2.246530755220965148e+02,0.000000000000000000e+00
-2.245530755220964920e+02,0.000000000000000000e+00
-2.244530755220965261e+02,0.000000000000000000e+00
-2.243530755220965034e+02,0.000000000000000000e+00
-2.242530755220965375e+02,0.000000000000000000e+00
-2.241530755220965148e+02,0.000000000000000000e+00
-2.240530755220965489e+02,0.000000000000000000e+00
-2.239530755220965261e+02,0.000000000000000000e+00
-2.238530755220965602e+02,0.000000000000000000e+00
-2.237530755220965375e+02,0.000000000000000000e+00
-2.236530755220965716e+02,0.000000000000000000e+00
-2.235530755220965489e+02,0.000000000000000000e+00
-2.234530755220965830e+02,0.000000000000000000e+00
-2.233530755220965602e+02,0.000000000000000000e+00
-2.232530755220965943e+02,0.000000000000000000e+00
-2.231530755220965716e+02,0.000000000000000000e+00
-2.230530755220966057e+02,0.000000000000000000e+00
-2.229530755220965830e+02,0.000000000000000000e+00
-2.228530755220966171e+02,0.000000000000000000e+00
-2.227530755220965943e+02,0.000000000000000000e+00
-2.226530755220966284e+02,0.000000000000000000e+00
-2.225530755220966057e+02,0.000000000000000000e+00
-2.224530755220966398e+02,0.000000000000000000e+00
-2.223530755220966171e+02,0.000000000000000000e+00
-2.222530755220966512e+02,0.000000000000000000e+00
-2.221530755220966284e+02,0.000000000000000000e+00
-2.220530755220966626e+02,0.000000000000000000e+00
-2.219530755220966398e+02,0.000000000000000000e+00
-2.218530755220966739e+02,0.000000000000000000e+00
-2.217530755220966512e+02,0.000000000000000000e+00
-2.216530755220966853e+02,0.000000000000000000e+00
-2.215530755220966626e+02,0.000000000000000000e+00
-2.214530755220966967e+02,0.000000000000000000e+00
-2.213530755220966739e+02,0.000000000000000000e+00
-2.212530755220967080e+02,0.000000000000000000e+00
-2.211530755220966853e+02,0.000000000000000000e+00
-2.210530755220967194e+02,0.000000000000000000e+00
-2.209530755220966967e+02,0.000000000000000000e+00
-2.208530755220967308e+02,0.000000000000000000e+00
-2.207530755220967080e+02,0.000000000000000000e+00
-2.206530755220967421e+02,0.000000000000000000e+00
-2.205530755220967194e+02,0.000000000000000000e+00
-2.204530755220967535e+02,0.000000000000000000e+00
-2.203530755220967308e+02,0.000000000000000000e+00
-2.202530755220967649e+02,0.000000000000000000e+00
-2.201530755220967421e+02,0.000000000000000000e+00
-2.200530755220967762e+02,0.000000000000000000e+00
-2.199530755220967535e+02,0.000000000000000000e+00
-2.198530755220967876e+02,1.670843776107028972e-02
-2.197530755220967649e+02,0.000000000000000000e+00
-2.196530755220967990e+02,3.341687552214057944e-02
-2.195530755220967762e+02,1.587301587301677419e-01
-2.194530755220968103e+02,2.589807852965894663e-01
-2.193530755220967876e+02,1.670843776107029111e-01
-2.192530755220968217e+02,1.670843776107029111e-01
-2.191530755220967990e+02,1.336675020885623177e-01
-2.190530755220968331e+02,1.670843776107029111e-01
-2.189530755220968103e+02,1.336675020885623177e-01
-2.188530755220968445e+02,1.503759398496326005e-01
-2.187530755220968217e+02,1.336675020885623177e-01
-2.186530755220968558e+02,5.012531328321086915e-02
-2.185530755220968331e+02,6.683375104428115887e-02
-2.184530755220968672e+02,6.683375104428115887e-02
-2.183530755220968445e+02,5.012531328321086915e-02
-2.182530755220968786e+02,6.683375104428115887e-02
-2.181530755220968558e+02,6.683375104428115887e-02
-2.180530755220968899e+02,1.336675020885623177e-01
-2.179530755220968672e+02,6.683375104428115887e-02
-2.178530755220969013e+02,6.683375104428115887e-02
-2.177530755220968786e+02,9.746588693957669580e-02
-2.176530755220969127e+02,5.291005291005591860e-02
-2.175530755220968899e+02,8.354218880535145553e-02
-2.174530755220969240e+02,5.012531328321086915e-02
-2.173530755220969013e+02,6.683375104428115887e-02
-2.172530755220969354e+02,3.341687552214057944e-02
-2.171530755220969127e+02,3.341687552214057944e-02
-2.170530755220969468e+02,1.670843776107028972e-02
-2.169530755220969240e+02,5.012531328321086915e-02
-2.168530755220969581e+02,1.670843776107028972e-02
-2.167530755220969354e+02,5.012531328321086915e-02
-2.166530755220969695e+02,3.341687552214057944e-02
-2.165530755220969468e+02,3.341687552214057944e-02
-2.164530755220969809e+02,0.000000000000000000e+00
-2.163530755220969581e+02,1.670843776107028972e-02
-2.162530755220969922e+02,1.670843776107028972e-02
-2.161530755220969695e+02,1.670843776107028972e-02
-2.160530755220970036e+02,0.000000000000000000e+00
-2.159530755220969809e+02,0.000000000000000000e+00
-2.158530755220970150e+02,1.670843776107028972e-02
-2.157530755220969922e+02,0.000000000000000000e+00
-2.156530755220970264e+02,0.000000000000000000e+00
-2.155530755220970036e+02,0.000000000000000000e+00
-2.154530755220970377e+02,0.000000000000000000e+00
-2.153530755220970150e+02,0.000000000000000000e+00
-2.152530755220970491e+02,0.000000000000000000e+00
-2.151530755220970264e+02,0.000000000000000000e+00
-2.150530755220970605e+02,0.000000000000000000e+00
-2.149530755220970377e+02,1.670843776107028972e-02
