-191.40514387259634_-188.8173679591423
-1.915584872634187263e+02,1.400000000000079514e-01
-1.914584872634187036e+02,3.466666666666863850e-01
-1.913584872634187377e+02,4.533333333333591231e-01
-1.912584872634187150e+02,4.733333333333602511e-01
-1.911584872634187491e+02,5.200000000000295497e-01
-1.910584872634187263e+02,5.733333333333658910e-01
-1.909584872634187604e+02,5.933333333333670190e-01
-1.908584872634187377e+02,5.200000000000295497e-01
-1.907584872634187718e+02,4.266666666666908969e-01
-1.906584872634187491e+02,3.733333333333545556e-01
-1.905584872634187832e+02,3.933333333333556836e-01
-1.904584872634187604e+02,3.466666666666863850e-01
-1.903584872634187946e+02,3.066666666666840735e-01
-1.902584872634187718e+02,2.600000000000147748e-01
-1.901584872634188059e+02,2.466666666666806895e-01
-1.900584872634187832e+02,2.666666666666818175e-01
-1.899584872634188173e+02,2.600000000000147748e-01
-1.898584872634187946e+02,2.733333333333488602e-01
-1.897584872634188287e+02,2.400000000000136469e-01
-1.896584872634188059e+02,2.400000000000136469e-01
-1.895584872634188400e+02,2.466666666666806895e-01
-1.894584872634188173e+02,2.400000000000136469e-01
-1.893584872634188514e+02,2.533333333333477322e-01
-1.892584872634188287e+02,2.266666666666795615e-01
-1.891584872634188628e+02,2.066666666666784058e-01
-1.890584872634188400e+02,2.066666666666784058e-01
-1.889584872634188741e+02,2.000000000000113631e-01
-1.888584872634188514e+02,1.866666666666772778e-01
-1.887584872634188855e+02,1.666666666666761498e-01
-1.886584872634188628e+02,1.466666666666749941e-01
-1.885584872634188969e+02,1.333333333333409088e-01
-1.884584872634188741e+02,1.066666666666727242e-01
-1.883584872634189082e+02,1.000000000000056816e-01
-1.882584872634188855e+02,6.000000000000341172e-02
-1.881584872634189196e+02,1.000000000000056816e-01
-1.880584872634188969e+02,7.333333333333749704e-02
-1.879584872634189310e+02,7.333333333333749704e-02
-1.878584872634189082e+02,2.000000000000113839e-02
