-191.36698835_-187.88594179
-1.915586016600000221e+02,1.009615384615441952e-01
-1.914586016599999994e+02,2.500000000000142109e-01
-1.913586016600000335e+02,3.317307692307880918e-01
-1.912586016600000107e+02,3.365384615384806599e-01
-1.911586016600000448e+02,3.750000000000213163e-01
-1.910586016600000221e+02,4.134615384615619726e-01
-1.909586016600000562e+02,4.278846153846397327e-01
-1.908586016600000335e+02,3.750000000000213163e-01
-1.907586016600000676e+02,3.076923076923251954e-01
-1.906586016600000448e+02,2.692307692307845390e-01
-1.905586016600000789e+02,2.884615384615548672e-01
-1.904586016600000562e+02,2.451923076923216427e-01
-1.903586016600000903e+02,2.211538461538587186e-01
-1.902586016600000676e+02,1.875000000000106581e-01
-1.901586016600001017e+02,1.778846153846254941e-01
-1.900586016600000789e+02,2.019230769230883904e-01
-1.899586016600001130e+02,1.826923076923180900e-01
-1.898586016600000903e+02,1.971153846153958222e-01
-1.897586016600001244e+02,1.682692307692403300e-01
-1.896586016600001017e+02,1.730769230769329259e-01
-1.895586016600001358e+02,1.826923076923180900e-01
-1.894586016600001130e+02,1.682692307692403300e-01
-1.893586016600001471e+02,1.826923076923180900e-01
-1.892586016600001244e+02,1.634615384615477618e-01
-1.891586016600001585e+02,1.538461538461625977e-01
-1.890586016600001358e+02,1.442307692307774336e-01
-1.889586016600001699e+02,1.442307692307774336e-01
-1.888586016600001471e+02,1.346153846153922695e-01
-1.887586016600001813e+02,1.201923076923145234e-01
-1.886586016600001585e+02,1.057692307692367772e-01
-1.885586016600001926e+02,9.615384615385161315e-02
-1.884586016600001699e+02,7.692307692308129885e-02
-1.883586016600002040e+02,7.211538461538871680e-02
-1.882586016600001813e+02,4.326923076923323147e-02
-1.881586016600002154e+02,7.211538461538871680e-02
-1.880586016600001926e+02,5.288461538461838862e-02
-1.879586016600002267e+02,5.288461538461838862e-02
-1.878586016600002040e+02,4.807692307692580658e-02
-1.877586016600002381e+02,5.769230769231097067e-02
-1.876586016600002154e+02,5.288461538461838862e-02
-1.875586016600002495e+02,5.769230769231097067e-02
-1.874586016600002267e+02,1.923076923077032471e-02
-1.873586016600002608e+02,2.403846153846290329e-02
-1.872586016600002381e+02,9.615384615385162356e-03
-1.871586016600002722e+02,1.923076923077032471e-02
-1.870586016600002495e+02,9.615384615385162356e-03
-1.869586016600002836e+02,4.807692307692581178e-03
-1.868586016600002608e+02,0.000000000000000000e+00
-1.867586016600002949e+02,0.000000000000000000e+00
-1.866586016600002722e+02,0.000000000000000000e+00
-1.865586016600003063e+02,0.000000000000000000e+00
-1.864586016600002836e+02,0.000000000000000000e+00
-1.863586016600003177e+02,0.000000000000000000e+00
-1.862586016600002949e+02,0.000000000000000000e+00
-1.861586016600003290e+02,0.000000000000000000e+00
-1.860586016600003063e+02,0.000000000000000000e+00
-1.859586016600003404e+02,0.000000000000000000e+00
-1.858586016600003177e+02,0.000000000000000000e+00
-1.857586016600003518e+02,0.000000000000000000e+00
-1.856586016600003290e+02,0.000000000000000000e+00
-1.855586016600003632e+02,0.000000000000000000e+00
-1.854586016600003404e+02,0.000000000000000000e+00
-1.853586016600003745e+02,0.000000000000000000e+00
-1.852586016600003518e+02,0.000000000000000000e+00
-1.851586016600003859e+02,0.000000000000000000e+00
-1.850586016600003632e+02,0.000000000000000000e+00
-1.849586016600003973e+02,0.000000000000000000e+00
-1.848586016600003745e+02,0.000000000000000000e+00
-1.847586016600004086e+02,0.000000000000000000e+00
-1.846586016600003859e+02,0.000000000000000000e+00
-1.845586016600004200e+02,0.000000000000000000e+00
-1.844586016600003973e+02,0.000000000000000000e+00
-1.843586016600004314e+02,0.000000000000000000e+00
-1.842586016600004086e+02,0.000000000000000000e+00
-1.841586016600004427e+02,0.000000000000000000e+00
-1.840586016600004200e+02,0.000000000000000000e+00
-1.839586016600004541e+02,0.000000000000000000e+00
-1.838586016600004314e+02,0.000000000000000000e+00
-1.837586016600004655e+02,0.000000000000000000e+00
-1.836586016600004427e+02,0.000000000000000000e+00
-1.835586016600004768e+02,0.000000000000000000e+00
-1.834586016600004541e+02,0.000000000000000000e+00
-1.833586016600004882e+02,0.000000000000000000e+00
-1.832586016600004655e+02,0.000000000000000000e+00
-1.831586016600004996e+02,0.000000000000000000e+00
-1.830586016600004768e+02,0.000000000000000000e+00
-1.829586016600005109e+02,0.000000000000000000e+00
-1.828586016600004882e+02,0.000000000000000000e+00
-1.827586016600005223e+02,0.000000000000000000e+00
-1.826586016600004996e+02,0.000000000000000000e+00
-1.825586016600005337e+02,0.000000000000000000e+00
-1.824586016600005109e+02,0.000000000000000000e+00
-1.823586016600005451e+02,0.000000000000000000e+00
-1.822586016600005223e+02,0.000000000000000000e+00
-1.821586016600005564e+02,0.000000000000000000e+00
-1.820586016600005337e+02,0.000000000000000000e+00
-1.819586016600005678e+02,0.000000000000000000e+00
-1.818586016600005451e+02,0.000000000000000000e+00
-1.817586016600005792e+02,0.000000000000000000e+00
-1.816586016600005564e+02,0.000000000000000000e+00
-1.815586016600005905e+02,0.000000000000000000e+00
-1.814586016600005678e+02,0.000000000000000000e+00
-1.813586016600006019e+02,0.000000000000000000e+00
-1.812586016600005792e+02,0.000000000000000000e+00
-1.811586016600006133e+02,0.000000000000000000e+00
-1.810586016600005905e+02,0.000000000000000000e+00
-1.809586016600006246e+02,1.442307692307774267e-02
-1.808586016600006019e+02,2.884615384615548533e-02
-1.807586016600006360e+02,9.615384615385161315e-02
-1.806586016600006133e+02,1.346153846153922695e-01
-1.805586016600006474e+02,1.346153846153922695e-01
-1.804586016600006246e+02,1.057692307692367772e-01
-1.803586016600006587e+02,1.057692307692367772e-01
-1.802586016600006360e+02,1.298076923076996736e-01
-1.801586016600006701e+02,1.057692307692367772e-01
-1.800586016600006474e+02,5.769230769231097067e-02
-1.799586016600006815e+02,5.288461538461838862e-02
-1.798586016600006587e+02,3.846153846154064943e-02
-1.797586016600006928e+02,4.807692307692580658e-02
-1.796586016600006701e+02,3.846153846154064943e-02
-1.795586016600007042e+02,3.846153846154064943e-02
-1.794586016600006815e+02,4.326923076923323147e-02
-1.793586016600007156e+02,4.326923076923323147e-02
-1.792586016600006928e+02,4.807692307692580658e-02
-1.791586016600007270e+02,4.326923076923323147e-02
-1.790586016600007042e+02,3.846153846154064943e-02
-1.789586016600007383e+02,6.730769230769613476e-02
-1.788586016600007156e+02,3.846153846154064943e-02
-1.787586016600007497e+02,2.884615384615548533e-02
-1.786586016600007270e+02,4.326923076923323147e-02
-1.785586016600007611e+02,4.807692307692580658e-02
-1.784586016600007383e+02,3.365384615384806738e-02
-1.783586016600007724e+02,3.846153846154064943e-02
-1.782586016600007497e+02,2.884615384615548533e-02
-1.781586016600007838e+02,2.403846153846290329e-02
-1.780586016600007611e+02,1.923076923077032471e-02
-1.779586016600007952e+02,2.403846153846290329e-02
-1.778586016600007724e+02,1.923076923077032471e-02
-1.777586016600008065e+02,1.442307692307774267e-02
-1.776586016600007838e+02,0.000000000000000000e+00
-1.775586016600008179e+02,9.615384615385162356e-03
-1.774586016600007952e+02,0.000000000000000000e+00
-1.773586016600008293e+02,1.923076923077032471e-02
-1.772586016600008065e+02,4.807692307692581178e-03
-1.771586016600008406e+02,1.923076923077032471e-02
-1.770586016600008179e+02,2.403846153846290329e-02
-1.769586016600008520e+02,2.403846153846290329e-02
-1.768586016600008293e+02,0.000000000000000000e+00
-1.767586016600008634e+02,0.000000000000000000e+00
-1.766586016600008406e+02,0.000000000000000000e+00
-1.765586016600008747e+02,0.000000000000000000e+00
-1.764586016600008520e+02,0.000000000000000000e+00
-1.763586016600008861e+02,0.000000000000000000e+00
-1.762586016600008634e+02,0.000000000000000000e+00
-1.761586016600008975e+02,0.000000000000000000e+00
-1.760586016600008747e+02,0.000000000000000000e+00
-1.759586016600009089e+02,0.000000000000000000e+00
-1.758586016600008861e+02,0.000000000000000000e+00
-1.757586016600009202e+02,0.000000000000000000e+00
-1.756586016600008975e+02,0.000000000000000000e+00
-1.755586016600009316e+02,0.000000000000000000e+00
-1.754586016600009089e+02,0.000000000000000000e+00
-1.753586016600009430e+02,0.000000000000000000e+00
-1.752586016600009202e+02,0.000000000000000000e+00
-1.751586016600009543e+02,0.000000000000000000e+00
-1.750586016600009316e+02,0.000000000000000000e+00
-1.749586016600009657e+02,0.000000000000000000e+00
-1.748586016600009430e+02,0.000000000000000000e+00
-1.747586016600009771e+02,0.000000000000000000e+00
-1.746586016600009543e+02,0.000000000000000000e+00
-1.745586016600009884e+02,0.000000000000000000e+00
-1.744586016600009657e+02,0.000000000000000000e+00
-1.743586016600009998e+02,0.000000000000000000e+00
-1.742586016600009771e+02,0.000000000000000000e+00
-1.741586016600010112e+02,0.000000000000000000e+00
-1.740586016600009884e+02,0.000000000000000000e+00
-1.739586016600010225e+02,0.000000000000000000e+00
-1.738586016600009998e+02,0.000000000000000000e+00
-1.737586016600010339e+02,0.000000000000000000e+00
-1.736586016600010112e+02,0.000000000000000000e+00
-1.735586016600010453e+02,0.000000000000000000e+00
-1.734586016600010225e+02,0.000000000000000000e+00
-1.733586016600010566e+02,0.000000000000000000e+00
-1.732586016600010339e+02,0.000000000000000000e+00
-1.731586016600010680e+02,0.000000000000000000e+00
-1.730586016600010453e+02,0.000000000000000000e+00
-1.729586016600010794e+02,0.000000000000000000e+00
-1.728586016600010566e+02,0.000000000000000000e+00
-1.727586016600010907e+02,0.000000000000000000e+00
-1.726586016600010680e+02,0.000000000000000000e+00
-1.725586016600011021e+02,0.000000000000000000e+00
-1.724586016600010794e+02,0.000000000000000000e+00
-1.723586016600011135e+02,0.000000000000000000e+00
-1.722586016600010907e+02,0.000000000000000000e+00
-1.721586016600011249e+02,0.000000000000000000e+00
-1.720586016600011021e+02,0.000000000000000000e+00
-1.719586016600011362e+02,0.000000000000000000e+00
-1.718586016600011135e+02,0.000000000000000000e+00
-1.717586016600011476e+02,0.000000000000000000e+00
-1.716586016600011249e+02,9.615384615385162356e-03
-1.715586016600011590e+02,0.000000000000000000e+00
-1.714586016600011362e+02,2.403846153846290329e-02
-1.713586016600011703e+02,5.769230769231097067e-02
-1.712586016600011476e+02,3.846153846154064943e-02
-1.711586016600011817e+02,2.884615384615548533e-02
-1.710586016600011590e+02,4.326923076923323147e-02
-1.709586016600011931e+02,3.846153846154064943e-02
-1.708586016600011703e+02,3.846153846154064943e-02
-1.707586016600012044e+02,1.923076923077032471e-02
-1.706586016600011817e+02,2.403846153846290329e-02
-1.705586016600012158e+02,1.442307692307774267e-02
-1.704586016600011931e+02,1.442307692307774267e-02
-1.703586016600012272e+02,1.923076923077032471e-02
-1.702586016600012044e+02,1.442307692307774267e-02
-1.701586016600012385e+02,4.807692307692581178e-03
-1.700586016600012158e+02,1.442307692307774267e-02
-1.699586016600012499e+02,1.442307692307774267e-02
-1.698586016600012272e+02,1.442307692307774267e-02
-1.697586016600012613e+02,9.615384615385162356e-03
-1.696586016600012385e+02,1.923076923077032471e-02
-1.695586016600012726e+02,9.615384615385162356e-03
-1.694586016600012499e+02,1.442307692307774267e-02
-1.693586016600012840e+02,1.442307692307774267e-02
-1.692586016600012613e+02,1.442307692307774267e-02
-1.691586016600012954e+02,1.442307692307774267e-02
-1.690586016600012726e+02,9.615384615385162356e-03
-1.689586016600013068e+02,9.615384615385162356e-03
-1.688586016600012840e+02,1.442307692307774267e-02
-1.687586016600013181e+02,4.807692307692581178e-03
-1.686586016600012954e+02,9.615384615385162356e-03
-1.685586016600013295e+02,9.615384615385162356e-03
-1.684586016600013068e+02,9.615384615385162356e-03
-1.683586016600013409e+02,9.615384615385162356e-03
-1.682586016600013181e+02,4.807692307692581178e-03
-1.681586016600013522e+02,9.615384615385162356e-03
-1.680586016600013295e+02,0.000000000000000000e+00
-1.679586016600013636e+02,4.807692307692581178e-03
