-363.2564334682403_-362.0829224797853
-3.635695545855681416e+02,6.999999999998408884e-02
-3.634695545855681189e+02,1.849999999999579481e-01
-3.633695545855680962e+02,4.024999999999084865e-01
-3.632695545855680734e+02,5.924999999998652456e-01
-3.631695545855680507e+02,6.824999999998447864e-01
-3.630695545855680280e+02,7.224999999998357181e-01
-3.629695545855680052e+02,7.424999999998311839e-01
-3.628695545855679825e+02,7.974999999998186873e-01
-3.627695545855679597e+02,8.224999999998129363e-01
-3.626695545855679370e+02,8.274999999998118305e-01
-3.625695545855679143e+02,7.574999999998277556e-01
-3.624695545855678915e+02,6.799999999998453948e-01
-3.623695545855678688e+02,5.899999999998658540e-01
-3.622695545855678461e+02,5.224999999998811706e-01
-3.621695545855678233e+02,4.624999999998948286e-01
-3.620695545855678006e+02,3.999999999999090394e-01
-3.619695545855677778e+02,4.074999999999073252e-01
-3.618695545855677551e+02,3.349999999999238032e-01
