7.134025121936247160e+03 3.073644679393511979e+03 1.871228394543322793e+03 2.635029177968135627e+03 -2.729485055574514263e+03 -2.394355430724321195e+03 5.641606098374722933e+03 -1.151315453626193630e+02 5.321861021998276556e+03 1.435888394958055505e+04 -2.784309764615529275e+03 -3.078413706703056960e+03 6.944422315591506049e+03 3.905594966545319039e+03 1.359435384174499632e+03 6.119311348311457550e+02 8.209762382184628223e+03 1.044290990135323227e+04 4.458125624214517302e+03 5.190668290128996887e+03 1.447934624217393866e+04 1.547211090757625061e+04 6.736429332927415089e+03 1.020054851190704358e+04 1.542028769474198634e+04 1.270259904107205512e+04 5.744241751599460258e+03 3.365847238342204946e+03 1.023695329349263920e+04 1.339714985295812949e+04 1.118389816117085866e+04 1.128739770805624721e+04 1.033167893531759910e+04 1.015401845299037814e+04 1.394100630038794770e+04 9.238479112918867031e+03 8.176106848445720971e+03 2.042711165825952776e+04 2.006303391235633171e+04 -1.387320739240967669e+02 -6.802340849799278658e+03 -1.897992464078008197e+03 -7.802014246039994759e+03 -1.026413467153362581e+04 -6.316282974958099658e+03 -5.660302239543845644e+03 -1.244847537238463701e+04 -1.909799779687993578e+04 -2.078827510521427030e+04
-2.975067308346297068e+04 -2.024463885036311694e+03 1.433507372983513051e+04 1.621741845151518646e+04 3.377392777981184190e+04 2.783694060068226827e+04 -1.237986137157364283e+03 3.043233225935191149e+04 8.696422408411453944e+03 -2.947593318846882903e+04 3.813144371207285440e+04 4.651309452192447498e+04 1.413319711698932224e+04 4.648054684248578269e+03 9.682215240309218643e+03 2.181229212193103740e+04 -2.382485415619157720e+03 -4.449396536811051192e+03 1.158523449663334759e+04 8.448638034515170148e+03 -2.094148446528366185e+04 -1.730770095625289832e+04 5.139170291195128812e+03 -6.687254578000633046e+03 -2.997094562094393768e+04 -4.047553597929439275e+04 -7.459675099742598832e+02 4.373422963044489734e+03 -3.395410301055555465e+04 -3.213595585716569622e+04 -2.705361039767009788e+04 -3.607606652059084445e+04 -3.316658284653400187e+04 -2.595448111179394618e+04 -3.786001948152265686e+04 -2.972718628431729303e+04 -1.903798308512676158e+03 -2.136155714236342101e+04 -4.204735341914784658e+04 -5.144704550375521649e+03 4.876296895608724299e+03 1.215861730426672511e+04 2.431790117087068938e+04 -2.446694551156756643e+04 -6.840112646332716395e+03 1.590869892636869918e+04 6.877632943960801640e+03 6.507388574779637565e+04 1.454698391693531303e+05
-8.738129855742910877e+04 -6.133073132952628657e+04 -2.314173368986300193e+04 -6.270130830726120621e+03 -3.642881518688239157e+04 -3.704367848769831471e+04 6.258999386408831924e+02 -3.544677994432393461e+03 -1.787181152205448598e+04 8.073849199099699035e+03 1.294240697190584615e+04 -5.300229920649202541e+03 -4.003085540562169626e+03 7.132235269473399967e+03 1.686738126139971428e+04 4.889559836627985351e+04 3.113506951067387126e+04 -1.367637119801668450e+04 2.258988359340047464e+04 4.103905807372042909e+04 2.652010708344262093e+04 2.996995597424765583e+04 2.088487191871542018e+04 -6.285868358963751234e+03 3.822645801648846827e+04 7.144177606796834152e+04 1.087938978924264666e+04 1.583936920458648819e+04 3.857682595871679951e+04 3.298467327094636858e+03 1.661103212241851725e+04 4.936302969547803514e+04 5.282278648701321799e+04 2.682947924660786521e+04 1.226429047802416608e+04 4.652183018559298944e+04 3.524369233539781999e+04 3.702273028402472846e+03 1.578374092962802388e+04 6.362265653905516956e+04 7.464817435822624248e+04 2.271400043590820860e+04 3.716706651849555783e+04 1.055240724775199778e+05 6.301827819498674944e+04 2.417508531422750093e+04 7.416862650088698138e+04 5.196484895414940547e+04 -3.475137422297056764e+04
9.001894088312836539e+04 4.355686430626518995e+04 1.360038173217618169e+04 -4.611149598076743132e+03 -5.250707171271642437e+03 2.997142250740578311e+04 3.211051497692095290e+04 -1.271119544182516256e+04 9.324775757613577298e+03 3.646541520189202129e+04 -3.850843639520899160e+02 -2.096767428100066900e+04 -1.959978911427242565e+04 2.167571336543915095e+04 3.153547812518809224e+04 -4.090094790590243065e+03 1.664035950223472901e+04 3.801037527589866659e+04 -9.706212341861828463e+03 -1.714909602836995327e+04 1.699633998698116920e+04 -1.827169096870435169e+04 3.329206245434776065e+03 4.032333630333603651e+04 -1.373403154279016599e+04 -7.472426154636399588e+03 2.540878170895662333e+04 -4.437259545957203954e+03 -1.053809544559051574e+04 1.803218115608621156e+04 1.427392901459941640e+03 -2.412375504625745816e+04 -1.851715037304536963e+04 2.376586676247806463e+04 4.641631690941714623e+04 5.221463571015279740e+03 -2.171307110766065307e+04 -2.620155154116223275e+04 -5.288950579888594802e+03 -2.297729583922766324e+04 -1.190004186986657442e+04 3.678275735153883579e+04 1.695786415832111379e+04 -1.127298488427186385e+03 1.715483476329597761e+04 3.773976672664494254e+04 -8.776654957201099023e+03 -4.093351098699732393e+04 -8.727470537723216694e+03
2.550204603587917518e+05 1.358207949699136661e+05 4.514521525981766172e+04 7.013876467497553676e+04 9.259020935140154324e+04 5.583635531500470825e+04 6.411803025079274084e+04 4.914922240137460176e+04 3.683394830381067004e+04 7.213765996018995065e+04 6.345785442343191244e+04 3.908440823872305918e+04 8.351611348891316447e+04 8.051150589124532416e+04 1.880077293573762290e+04 2.619000306305708364e+04 5.162689241327834316e+04 3.391525937928236090e+04 4.105562844350049272e+04 4.697968651889823377e+04 2.879747496233903803e+04 2.244052183363237418e+04 -4.854853010619990528e+03 -6.514545404443284497e+03 -5.131549747726274654e+04 -1.185612699047669303e+05 -1.399986733470906038e+05 -2.085295927839800715e+05 -2.823008864844084019e+05 -3.363248856736209709e+05 -3.141892385895336629e+05 -2.185546837241781759e+05 -1.750651585032580188e+05 -1.698217084827774379e+05 -1.430875568186091259e+05 -1.202154046981558931e+05 -7.983996280465341988e+04 -7.490087490477904794e+04 -8.479542634036994423e+04 -3.768983143840149569e+04 -2.851817680626498986e+04 -1.189218962430488318e+04 -3.906006391505787178e+04 -5.281764541545242537e+04 6.229886059227152145e+03 -1.134206693652227113e+04 -2.247565785912213323e+04 -2.876225534053391311e+04 -8.365358407465397613e+04
-1.811758531890519080e+05 -6.933897109985991847e+04 -1.543593734277179465e+03 -1.289094652171112830e+04 -3.488263526704034302e+04 -3.378193400198139716e+04 -2.234376820631950977e+04 -5.890565274785039946e+02 2.559551638734771404e+04 -1.274646333158671041e+04 -6.235614224036911037e+04 -1.148192450005820137e+04 -3.833272709744051099e+03 -7.772322863638692070e+03 9.899371092542394763e+03 -5.943356444378892775e+04 -3.392392995288918610e+04 2.716673521668781177e+04 -7.843683293103822507e+03 1.463260978562175296e+02 2.522975821659201756e+04 1.727714484666645876e+04 2.752622825360961724e+04 6.616833496409512009e+04 1.020779606405631348e+05 1.137873523962479958e+05 1.309956191201127367e+05 2.213908080999866943e+05 3.075148821337277186e+05 3.336407915189556079e+05 3.177616397032943787e+05 2.570131916039829375e+05 1.827089562532100827e+05 1.491356055649158079e+05 1.767101198944328353e+05 1.192641030164668337e+05 -3.924434029566333629e+04 -7.166701043595839292e+04 -1.520430681976256892e+03 -3.714310441437177360e+04 -6.857212340019037947e+04 -5.218021712358691730e+04 -4.209297630313807167e+04 -5.602938194257183932e+04 -1.168744403834352270e+05 -9.449782022888003848e+04 -1.063772338071984705e+05 -1.968875524086606456e+05 -2.568430550558650866e+05
4.627775256849432481e+03 -1.476348773157951655e+04 -4.079804145825616433e+04 -5.198541196477889025e+04 -1.177179086571413791e+04 -1.133849798203298269e+04 -6.766949568824199378e+04 -4.740429211371514248e+04 -2.606759585774849256e+04 -5.496885743377786275e+04 -3.225234856730817410e+04 1.034457989600922156e+04 -1.725232743367085641e+04 -1.006188364362969442e+05 -7.476079121861400199e+04 9.073332267143996432e+03 -4.834162951083257212e+04 -5.851115586574448389e+04 1.122444862467091298e+04 -5.717888715978912660e+04 -5.535202670187584590e+04 4.617437705910566729e+04 -3.361487591446359875e+04 -6.635396937370416708e+04 2.097383005035232054e+04 -1.029490357428562129e+04 -4.464204912786954083e+04 -2.902108871472597821e+04 -1.200457309874769999e+04 1.207875150339538231e+04 -7.484024633013003040e+03 -3.266836199542012764e+04 1.031096493963536341e+04 1.738215961482655257e+04 -3.440667317136115162e+04 -1.698431102820916567e+04 2.558848264958214713e+04 6.602341440957388841e+03 -4.214305551366112195e+04 -8.968882348017301410e+03 3.935428531898651272e+04 1.838327494468115037e+04 2.508263489857193781e+04 5.338966116487444378e+04 7.530713076652312884e+04 6.010961423311510589e+04 8.975779622880578972e+04 1.961595000382644939e+05 2.923697073346514371e+05
-5.192624467250431189e+04 2.222743678561534034e+04 4.519457588583466713e+04 -6.480029944978043204e+03 -9.774080934366793372e+03 2.643968221025713137e+04 1.443221458819607506e+04 -1.035932379709265660e+03 1.370908932374732103e+04 2.937998101431730902e+04 1.358183148659009021e+04 1.029287171040772228e+04 2.186665899957006332e+04 1.888954913905763533e+04 1.331834949196490925e+04 5.103895610052876873e+04 6.503121091478539165e+04 2.564561997351114405e+04 1.119361663681047503e+04 1.729805314847908448e+04 6.593503070020221639e+04 8.079599758686521091e+04 7.198224994153872831e+04 5.050586103225225816e+04 2.832908106334810145e+04 6.911185242286568973e+04 1.054730234481394291e+05 8.576345609315484762e+04 3.237701845489942934e+04 5.729780570418399293e+04 1.122872852194630541e+05 7.913710251614218578e+04 4.029869755962886848e+04 8.917056315942294896e+04 7.765366709802008700e+04 -6.893102604775736108e+04 -7.362974276971385116e+05 -1.650005248427954502e+06 -1.426057077124061994e+06 -5.019829458941953490e+05 -9.775854004117683508e+04 -3.578016537929256447e+04 -3.736096091146441177e+04 -4.998133441637014039e+04 1.639879575111949816e+04 4.724035387218464166e+04 -4.399427913253079168e+04 -1.089929535321423318e+05 -1.044063356860699132e+05
-1.776823576686365413e+05 -1.603542426416606468e+05 -9.400838570512866136e+04 -4.077127048563852441e+04 -4.688187037481839070e+04 -8.781116484278748976e+04 -9.633623090965551091e+04 -3.491972996562247863e+04 -6.568760118778294418e+04 -8.459987832804466598e+04 -6.234590057945752051e+04 -7.217347482099279296e+04 -6.234024107186996844e+04 -6.334936516508611385e+04 -6.522782420935982373e+04 -1.108362698811836308e+05 -6.551700992618885357e+04 -2.303326959492557216e+04 -7.733952220783976372e+04 -3.820076844163844362e+04 -6.487525795804674271e+04 -9.188968905218620785e+04 -2.777442829978105146e+04 -4.324412542380718514e+04 -6.223296063330036122e+04 -2.574190743544022553e+04 -3.087894417603849433e+04 -4.915389731126208790e+04 -2.204592452708305791e+04 -3.609022332584601827e+04 -6.120492287558573298e+04 -1.750955604336876422e+04 2.307697857835586183e+04 -5.388127241603797302e+03 -1.574557146683242172e+04 1.165851558391654398e+05 8.036042212627239060e+05 1.687139763306953246e+06 1.444034129498470109e+06 5.439150261133165332e+05 1.537827501829812536e+05 9.604084295260743238e+04 9.284378272277489305e+04 7.890005892804730684e+04 2.478520789874903858e+04 1.616852893119351938e+04 4.463833294466906227e+04 5.680587524690013379e+04 5.789266241194074973e+04
1.766193257437770953e+05 6.495806854061811464e+04 -8.684753200286679203e+03 3.092805063679435989e+03 -2.668315939990861807e+03 -8.203710119960334850e+03 2.306234093102827319e+04 1.529979045473737642e+04 1.498033756837685360e+04 -8.560779379331506789e+02 -1.186427279779309174e+04 -2.598372611551888986e+04 -1.756600022683414863e+04 2.188316244137237663e+04 2.552099661810643738e+04 1.103408069211579277e+04 -2.426603884530774667e+04 -1.043133364517416339e+04 9.663430296604929026e+03 3.775065677982638590e+03 -2.011490788758228882e+04 -1.403752363134102779e+04 6.359392596350517124e+03 -3.543251780592967407e+04 -1.197743046261146083e+04 1.591131027209493914e+04 7.522474878132954473e+03 -8.563841881368745817e+03 -1.558743572542889160e+04 1.189747561231345753e+04 2.122659975448189653e+04 1.642399946133082267e+04 -2.158950301356520504e+04 -4.709600863414377091e+04 -1.972723217582813231e+04 2.966759066930523841e+04 9.198424726782628568e+03 -5.824879474203073187e+03 2.006566236057557398e+04 1.544353756507911021e+04 2.250007166734585189e+04 7.615164857306983322e+03 -1.687820957304211333e+03 2.134963906297361245e+04 1.238156784562327084e+04 8.901355948037235066e+03 7.491578458189959929e+04 8.102779070901357045e+04 -1.853804234962473856e+03
-4.505934044376772363e+04 4.183488756170845591e+03 4.097480169322807342e+04 4.543077237369288923e+04 7.521392903472587932e+03 -2.308750993688590825e+02 3.399303365793457488e+04 -2.089160822142846882e+03 -4.719149236076197121e+04 8.872101906927127857e+03 3.905504908092546975e+04 -1.402994159230729565e+04 -9.361320741663803346e+03 -1.385406334557046648e+03 -2.741929883988632355e+04 -1.624924633517366601e+04 -2.239742680401832331e+04 -3.290038267219642876e+04 -1.273383215760986786e+04 6.166193580284016207e+03 -1.713424424338870449e+04 -8.746080858793007792e+04 -7.199752812390230247e+04 -2.782816924169304548e+04 -3.801331773749549757e+04 -2.110497450699773617e+04 -6.717379939105763333e+04 -8.223516454916549264e+04 -1.460359805860217602e+04 -1.886787515366459411e+04 -5.085369308457298757e+04 -6.647944812291847484e+04 -6.649356602323708648e+04 -5.202177467584988335e+04 -6.237325870566569210e+04 -5.082129087833899393e+04 -2.572150274023442762e+04 -5.987949849582956813e+04 -7.618431832528588711e+04 -2.324803522355062887e+04 -1.604839765863312641e+04 -6.423615782907285029e+04 -4.377566004935931414e+04 -2.691069489421375329e+04 -6.662956612231937470e+04 -6.533332856484758668e+04 -4.300169446061772760e+04 -7.288121587662841193e+03 5.462573224463965744e+04
1.551261496044389787e+05 7.832354966816637898e+04 1.331094295052025700e+04 -2.154368255854933523e+04 1.166062448755837977e+04 7.068020833085029153e+04 3.782366201863624156e+04 6.547904423314379528e+03 2.437195898532085994e+04 1.043203312714467756e+04 4.398439989221526776e+04 5.851796080649373471e+04 -7.934768090381112415e+03 2.287146514499909244e+03 4.754838474647839030e+04 5.383124766751284187e+04 4.488486530066444539e+04 5.849840931805370928e+03 -7.710943308011334921e+03 3.991593145343357173e+04 5.066897660075481690e+04 -1.928253243284434575e+04 -4.788471484862391662e+03 7.887839702561890590e+04 3.510903110694895440e+04 -2.158856505149748409e+04 3.791301043154836225e+04 5.762285089189402061e+04 2.012333891321762349e+04 5.427089311288019235e+04 5.646406106920054299e+04 2.452406421252671862e+03 3.328842747687303927e+03 1.859794163719922653e+04 4.414214186326728668e+04 2.186968377562169917e+04 1.467062961321079638e+04 5.841220621467084857e+04 7.647186328162197606e+04 5.196985453505459009e+04 -1.062639479994709836e+04 1.520388977565703681e+04 3.207123545977077447e+04 1.070094038019317668e+04 4.685257800916576525e+04 1.494018851364671718e+04 -7.839766109460615553e+02 1.022064203880641144e+05 2.305067698131075595e+05
-2.138070658545256883e+05 -8.002191855684939947e+04 -1.248630102898459882e+04 1.321915916276340431e+04 1.690430531230958877e+04 -2.535001825679499598e+04 -2.162498899084310688e+04 -1.335022249546459352e+04 -4.170118887959732092e+03 -1.964763152220255870e+04 -1.302595727913276642e+04 5.144819823181896936e+02 -3.535363531667825009e+04 1.001623504787858110e+04 -9.014845072160824202e+03 -4.160002607473864919e+04 -2.083127299105396378e+04 -1.781503700723988004e+04 4.279409137598122470e+03 -5.625636060485700727e+04 -8.158816878392823855e+04 -1.931309255302030942e+04 -5.678964614417112898e+03 -1.651517451653489843e+04 -5.897925216861051740e+04 -8.639534998794260900e+04 -2.939723010789731052e+04 1.960097116781986551e+04 -1.638061052028182894e+04 -7.775682082759897457e+04 -7.851803518540697405e+04 -3.670601024983607931e+04 -1.222755164744914509e+03 -1.927125942085677525e+04 -6.149719344204646768e+04 -8.004924222190305591e+04 -5.120569795071770204e+04 2.918824067081010435e+04 9.437125511940685101e+03 -5.447803183131315745e+04 -4.652697491259453818e+04 -5.474635328504524659e+04 -4.229347267762920819e+04 1.273217153175384738e+03 -2.905085324167856015e+04 -5.850116371879260987e+04 -4.310630905514687765e+04 -8.394413205663929693e+04 -1.685218538231840357e+05
1.690713048185716325e+05 5.279213703783170058e+04 -1.096012404792417510e+04 8.810085786535652005e+03 1.701243394985795021e+04 -2.301729499515202042e+04 -1.719958758956635575e+04 2.641035095941338659e+04 2.924960617456239561e+04 1.002233457875263412e+04 -3.787846174760498252e+04 -2.157716502886628587e+04 3.150050369105882419e+04 1.355012559382884501e+04 -2.482536509269266389e+03 -4.450141976412851363e+03 1.542955707132929820e+04 -7.262666476308360870e+03 -4.483295182762957120e+04 -1.375611854862653854e+04 2.090151024371148378e+04 1.735311504140548641e+04 -2.844730102777253705e+04 -6.291670892402177560e+04 -1.312291250113026399e+04 1.893975381513890170e+04 -1.733645829473978665e+04 -8.022170441472568200e+03 -1.236378984664028758e+04 -3.034402408135058067e+04 -1.670190309887468175e+03 2.757130424797564046e+03 -2.214815378385540680e+04 -3.979221930690979934e+04 -4.623792674632569106e+04 -2.569886140016032732e+04 3.135134707743431500e+04 4.547192320598704828e+04 2.512171184534963322e+04 -6.944758066601913015e+03 -2.829635795409554703e+04 -1.691492829850321868e+03 6.332791640306808404e+03 -2.124376439445788128e+04 -4.273834106679719844e+04 -7.306105180905418820e+03 3.086987366572434985e+04 2.298655901133323641e+04 7.213125923589832382e+03
-1.502640063947183080e+04 -8.392372312227962539e+03 -1.390187307195446920e+04 -5.658494830182465375e+04 -4.577528652276669163e+04 7.182942127838032320e+03 -1.583940193413582165e+04 -3.200463562840010854e+04 -3.081669956860420643e+04 -2.404445909691276029e+04 -5.592984757022350095e+03 -1.432591870739992009e+04 -2.730804402483042213e+04 -1.638988387792778667e+04 2.796973550626714132e+04 -1.466180314018973149e+03 -6.836585473312879913e+04 -3.062068349812761880e+04 2.376618440212041605e+04 -5.207617196574574336e+03 -3.296973184493253939e+04 -6.393549989952472970e+03 -1.749361577793030301e+04 -4.950298532079608412e+04 -5.208470027064147871e+03 2.520378097193327267e+04 -3.686786016238352749e+04 -3.310280678728310158e+04 1.966648679663194343e+04 -2.200107025855703978e+04 -2.427960036184248747e+04 9.558973258390324190e+03 -4.093759103321644943e+04 -3.084566765028302325e+04 2.297932784880680265e+04 -1.164571461296855705e+04 -2.006947604480950395e+04 1.871312346287601395e+04 2.833109892198990565e+04 2.787399316119251307e+04 8.399831938877352513e+03 -2.419963716725754784e+04 -1.739230334489542292e+04 -1.670616998082568171e+04 -5.244849929731863085e+03 2.677774311428942019e+04 -3.053238449254480656e+04 -9.771598070961737540e+04 -1.122906987280277535e+05
-4.131618591702138656e+04 2.052730022907780949e+04 7.105334272011526627e+04 5.826579597356609884e+04 1.070874404431378935e+04 3.415859834771251190e+04 7.041428201548111974e+04 5.427801482430368196e+04 2.624154465993346821e+04 2.969266750369569127e+04 4.939811839838515152e+04 4.445932401475150982e+04 5.802287666585468833e+04 3.752920077182351088e+04 2.254107458582438267e+04 2.535154536162733712e+04 2.007651588435689337e+04 5.520849485430514324e+04 2.293476011116580048e+04 -3.240049272280870355e+03 2.614367391433914599e+04 2.427482308383328200e+04 1.653319587254375801e+04 4.158985808178826119e+04 2.518404721355164656e+04 -2.875761006427631946e+04 -1.907736110733676469e+03 2.586585605306032812e+04 1.913205364755410119e+04 1.080435838637634879e+04 -1.915616968355598510e+04 -1.187913784815446706e+04 2.711890193546429509e+04 5.999488511952367844e+03 -2.416814754898945102e+04 4.264372358666034415e+03 1.843042648906700197e+04 4.892990663523969124e+04 5.926974191032067756e+04 -2.175063496477372246e+04 -1.098285509222422843e+04 4.358990412023579120e+04 -4.986215532480826369e+03 -3.337521099485454033e+04 -2.003318686191056622e+04 7.002057355566619663e+03 3.176455361804986023e+04 2.593637884216156090e+04 1.481954408169223461e+04
-5.402886299489182420e+03 -1.696751862698874902e+04 -3.189313925373426173e+04 -1.397657484965753974e+04 2.384468750948144589e+04 -5.833768552620254923e+03 -2.691897996919573052e+04 -1.731427033657388529e+04 -1.128945538570411736e+04 1.274989732628455386e+04 -2.248186500502936542e+04 -4.369830661016760860e+04 -7.651342624449171126e+03 -6.923086989409057423e+03 -2.177923941424523946e+04 -8.879080853512219619e+03 -6.463249806402018294e+03 -3.581384872319176793e+04 -3.761811241456592688e+04 -2.487820171692868462e+04 -2.520665949850797188e+04 2.478572090403875336e+03 2.590235495008528233e+03 -3.402018156295525841e+04 -2.834503034951910377e+04 -1.775166818923020037e+04 -1.670945256635599071e+04 -2.593635837743931916e+04 -5.934290534576569917e+04 -3.640045319312752690e+04 -1.102989199971483322e+04 -2.068854912766261259e+04 -5.996433552427362883e+03 -3.434023618312476901e+04 -3.153788175768547808e+04 3.004748915220249910e+04 3.989789370096113998e+02 -4.127648082845562021e+04 -1.929192688841430936e+02 1.332715697637462290e+04 -2.757718406712252181e+04 -2.853438630547336652e+04 -1.748233223312124028e+04 -1.691919821350887651e+04 -3.977598284836858511e+03 -3.866222346114218817e+04 -4.938802004086015222e+04 6.637945193502237089e+02 4.770784344742418034e+04
-2.723663072843913687e+04 1.022259495090111159e+04 2.073281475284614135e+04 1.208016083124675788e+04 -6.677241287397919223e+03 -7.088088870514184237e+03 2.698856131370121147e+04 7.084214601200073957e+03 1.538686025007325225e+04 3.734520611571497284e+04 1.603479258264997043e+03 1.103909347461012658e+04 1.832953104894841090e+04 1.613497176556847990e+04 1.241317776512005366e+03 -9.585595870594203006e+03 4.821762182815279812e+04 6.891201183410879457e+04 3.991708158959221328e+04 2.909051459559123032e+04 2.819884273631032556e+04 2.930085021936974954e+04 3.105804326616646722e+04 4.457590013553260360e+04 4.826145463535794988e+04 6.122336952306784224e+04 6.215619763752317522e+04 -1.869735207801568322e+03 1.753032288019289263e+04 6.613246926877764054e+04 3.827924626020831056e+04 3.270759583931078669e+04 4.789657552828453481e+04 6.788028730203211308e+04 4.639892857514484785e+04 3.189245136112719774e+04 7.296559127229580190e+04 7.595212079395435285e+04 4.141590583996730857e+04 3.322981366865849122e+04 4.399802462066872977e+04 4.214648379522282630e+04 2.971496360893046949e+04 3.185418740285956301e+04 4.325333621316542849e+04 3.057528552577411756e+04 1.730279315430368297e+04 1.707923814239609055e+04 1.491539139075065032e+04
1.682866490322336904e+04 -1.614373223295842763e+04 -1.054884651406612829e+04 1.217540708850719966e+04 1.737265639880206436e+04 1.997482435370329767e+04 -2.701625403162324801e+04 -2.451116379925212823e+04 4.410678406020448892e+04 9.849278142355615273e+03 -2.798194793162110727e+04 4.083518553292370052e+04 4.704992027989643975e+04 -3.943043104351087823e+04 -2.743759788165331702e+04 4.819257275725255022e+04 2.880344258686830290e+04 -1.081037545802246314e+04 1.390492749582335819e+04 3.716448646518983878e+04 3.590298153903851926e+04 3.726774941198526358e+04 4.147976260661389097e+04 2.361341629584794282e+04 2.515556263606420544e+04 4.317272931446495932e+04 1.819883029696928133e+04 4.268412666206138965e+03 2.474139376594388523e+04 4.601823350014458265e+04 4.349212799883393018e+04 1.720597470957718178e+04 6.837735821827674954e+03 4.772174383251677500e+04 7.885457652300823247e+04 4.087876410107139964e+04 2.447493822925031418e+04 4.751383203831217543e+04 1.683030187079583993e+04 1.280502047928163665e+04 4.888216295024912688e+04 2.136110156512615504e+04 1.098098843489421415e+04 3.978177396951668197e+04 4.983707648425485240e+04 3.545781424130828236e+04 -3.124602856987796258e+03 -5.208648550797026837e+04 -1.026816005215356126e+05
1.287411101904580937e+04 1.060330592139508008e+04 1.155558878424925933e+04 -1.191593607160031024e+04 -4.042827056116948370e+04 -3.431866584804082959e+04 -3.409527513213099155e+03 1.621800569788319990e+04 -3.427489305133340531e+04 -4.257019010277870257e+04 1.525506472600687994e+04 -1.429913680301970453e+04 -3.289060251088811492e+04 4.634327232706709765e+03 -8.473775793900131248e+03 -2.820762561466837360e+04 -2.066703023716402822e+04 3.859708661329932511e+03 2.880002999780116079e+04 1.284151779400416126e+04 -1.503279511845902016e+04 -1.423670518073774292e+04 1.826015311329686665e+04 4.245012782128468098e+04 -8.808271117741460330e+03 -3.243773363756199251e+04 1.757459972759542870e+04 2.815241453026834643e+04 3.179697521700349171e+03 -6.463780894700888894e+03 1.253934928368829424e+04 2.176825243666824827e+04 9.374205229105471517e+03 1.501976210987773084e+04 2.356570201693099807e+04 1.361619592200443731e+04 1.113856717187447066e+04 -1.244534696161281317e+02 2.202387529541658296e+03 5.994462048256522394e+03 -9.025632565462736238e+03 1.051025107837616088e+04 6.428059170357286348e+03 -8.425427858310220472e+03 -3.570337429773622716e+03 3.453676460121634591e+03 1.526175846898699092e+04 1.703784682511464052e+04 1.790942509935086127e+04
5.397348166028677952e+04 -1.020451969430723693e+04 -6.158649048331426457e+04 -5.559653408679878339e+04 -1.190741500271542463e+04 -5.048898128152359277e+03 -2.658536585404362995e+04 -3.746062709993566386e+04 -2.983616765435732668e+04 -1.091453984343388584e+04 -1.090542400947015267e+04 -3.943890213195118122e+04 -5.578567340955481632e+04 -2.044778198229317786e+04 -6.913205479431780986e+03 -2.421586348995333537e+04 6.490815395154641010e+03 -6.559567990188952535e+02 -5.139715609315317124e+04 -1.176265456764667761e+04 3.584110926967684645e+04 -1.556824406012333930e+04 -3.393640073358255904e+04 1.291604051053582225e+04 1.279917787425778806e+04 -7.494488365700817667e+03 1.584276254187000450e+04 2.626614983746549115e+03 -1.876107922602398321e+04 1.850358511110255495e+04 9.698879718926269561e+03 -3.427533401336171664e+03 3.263367358340485953e+04 1.011290027854568325e+04 -5.666864206286729313e+03 9.643054090993362479e+03 -1.933481414278515149e+04 -5.673419529484817758e+03 -3.325163644328713417e+02 4.710679740819614381e+03 1.428292809971014503e+04 -1.705505862133577466e+04 5.838053251427481882e+03 1.844784893815801479e+04 -3.741643180619576015e+03 -2.083924189231765922e+04 -7.239393532581510954e+03 1.879326903297612444e+04 1.924552352509554476e+04
3.886152339859111817e+04 1.966757242982566822e+04 -4.824814989551639883e+03 3.964144075653166510e+03 1.682791034283582121e+04 -2.726109560499025974e+04 -2.396529682722757570e+04 1.243041832989550312e+04 -2.529085800240855315e+04 -2.836209314089501277e+04 1.580917059669448645e+04 -1.460553200296990690e+04 -5.279561521601860295e+04 -1.711723889799031895e+04 2.353569628394325264e+04 6.145594583431346109e+03 -4.518081302667266573e+04 -3.291926051635527983e+04 -5.444817450406844728e+03 -3.973193738260304963e+04 -2.022983639828459127e+04 2.743780499695279286e+04 -1.819343647548524314e+04 -4.980790314613850205e+04 2.027050933247810462e+03 -1.624912480358014000e+04 -4.629542761525943206e+04 -3.571615640903488384e+03 -1.858742697542749374e+04 -4.014575055291052558e+04 -3.770361946517456090e+03 -1.503241309670586816e+04 -3.565647595183709927e+04 -1.173237722279741865e+04 -2.817611681202845648e+04 -4.097862370435910998e+04 -1.733925284432185799e+04 -4.864269920202795765e+04 -6.554651904509235465e+04 -3.652787171478838718e+04 -2.890779031047716853e+04 -1.409628656409058021e+04 -1.208608786830151803e+04 -4.481694283538695890e+04 -4.835342148981022183e+04 -1.122078466927629779e+04 -1.594653141757613048e+04 -6.790047595786678721e+04 -1.213622988101255614e+05
-8.026161468682403211e+04 -4.959702233252755832e+04 -2.044293378814472817e+04 1.520391579782879853e+04 2.389173498100717552e+04 4.179602134827291593e+03 6.762908730379422195e+03 1.566164158553874586e+04 6.000488172503552050e+03 6.641181880768257543e+03 2.042350486524813459e+04 1.136790950848085049e+04 2.780675798603623844e+04 4.036154593712124915e+04 5.028491883640526794e+03 -1.515427466772963817e+04 5.133066675261899945e+03 4.102652796209439111e+04 4.463485951571782061e+04 9.561648396847884214e+03 1.405677469811014817e+03 2.159726549565676396e+04 2.550626199874391386e+04 2.058653665510065912e+04 2.252775031098283216e+04 2.921343717825947169e+04 2.358891413598028157e+04 1.967763548265796999e+04 8.137618797045477550e+03 3.255451944314716093e+04 4.031559987408410234e+04 2.780773922931912239e+03 3.593159983574878424e+03 2.711087168230726093e+04 3.499429073322967452e+04 -5.911613823045481695e+03 -2.780213514968629170e+04 -1.825656948203686625e+03 6.690503490026458167e+03 -1.811007359458014253e+04 -1.190304938041644346e+04 1.317498357966658659e+03 4.989637051039593644e+03 2.379830897203652421e+04 -8.384896721908866311e+03 -1.628217394325470377e+04 8.866167522137388005e+03 3.122534050999151077e+03 -4.791257035903981887e+03
-1.045441168413526757e+05 -2.176336552271094115e+04 3.435263068626224413e+04 1.891963764872340835e+04 8.199451828113524243e+02 3.178327947622165084e+04 8.563437968841753900e+03 -8.348609375752799679e+03 3.360763681987008749e+04 1.023414706287439913e+04 -3.005093036481353920e+03 3.709873997671819234e+04 2.942766996406134058e+04 -7.792096626872080378e+03 -1.742842829909931970e+04 1.209938130123196242e+04 3.038499144771779538e+04 -1.095616944752691415e+04 -6.670922985940705985e+03 3.434181815071495657e+04 -4.444157532270037336e+02 -3.244452007988000332e+04 -3.537859332209343847e+03 1.824001015149407976e+04 -5.036576346756271960e+03 9.614932657131066662e+02 -4.906449274567552493e+03 -6.820654266048233694e+03 3.429551423578225513e+04 -2.035096102968992636e+04 -3.930339664446383540e+04 2.559068669106655580e+04 -7.118468738188385032e+02 -2.811561100934346905e+04 -2.040794835877025616e+04 -1.083690422965453763e+04 -4.195289682466012891e+03 -5.204803007109158352e+04 -4.369819696483336156e+04 7.012551039806552581e+03 -1.267058478268177714e+04 -2.529059073254774557e+04 -2.081691392464555975e+04 -2.699081912192924938e+04 -9.064000757280300604e+03 -1.486376380256839911e+04 -1.354195565159880789e+04 5.565359947700831981e+04 1.478590880448595271e+05
4.241880930414481554e+04 3.517547696530527901e+04 2.264935167833755258e+04 5.887860139846452512e+03 -1.452343736964394338e+04 -1.298340689245378599e+04 1.488802089035743847e+04 1.107713271630869713e+03 -1.179378002212621504e+04 -2.485342722357017919e+03 -1.772952805673415423e+04 -1.555701375487844052e+04 9.485157931994763203e+03 7.632997925975359976e+03 -4.158820453667431138e+03 -9.495286063393024961e+03 -2.374220085337583441e+04 -1.050236302988196258e+04 -2.951508654499775730e+04 -2.194769081244884001e+04 -8.603202340891504718e+03 -4.328210019564719551e+04 -1.708257722217243281e+04 -3.936219985313049983e+04 -6.144543353824687074e+04 -1.041931826410300528e+04 -1.570418573224754073e+04 -3.438283434239571216e+04 -1.673397360427774402e+04 -2.803166207304465206e+04 -4.861613196801042795e+04 -3.755110887082987756e+04 -1.793171406927297357e+04 -4.054347185148781864e+04 -6.161241909932861745e+04 -5.630241117833059980e+04 -5.745183343111418071e+04 -3.973563004699835437e+04 -3.592516239979880629e+04 -4.305652437018565251e+04 -3.968477057642303407e+04 -2.706720443638932193e+04 -1.957156550735811470e+04 -2.779908621661894722e+04 -3.781992989461286925e+04 -5.705990174043091247e+04 -2.221681697519635782e+04 6.828303060836240184e+04 1.555729285418766085e+05
6.068273488053818437e+04 8.263709834427565511e+03 -1.152749942848466162e+03 6.872497610820568298e+03 -1.301941664765763562e+04 1.305133730413215744e+04 4.091871701435591967e+04 3.659176651562971529e+03 -1.200759427323650016e+04 -1.272389729347196408e+03 -1.517870696705362570e+04 8.900239746435465349e+03 9.795192752208091406e+03 -1.465520445322908563e+04 2.351931572542524736e+04 1.568766357508132205e+04 -2.462229978402320558e+04 -3.527975379758571216e+04 -2.803508976510783032e+04 2.637383024193693927e+03 -1.024313644564236529e+04 -4.480671145160158630e+04 -1.899491939380826807e+04 -1.260237415561266971e+04 -3.482758997168274072e+04 -3.848825462002419954e+04 -4.287231630281894468e+04 -7.568426256111721159e+03 9.094372485851723468e+03 -2.962363156271756452e+04 -4.895356903929494729e+04 -3.814538075093875523e+04 -1.918187293173119542e+04 -3.936874305538352928e+04 -6.135130492410092847e+04 -3.098561821840130142e+04 -2.681988528886003769e+04 -5.860698846590833273e+04 -5.703509841019695159e+04 -1.312021186677151127e+04 1.566703348798910156e+04 -4.972906509938137606e+04 -6.755154930280678673e+04 1.108287482566258404e+03 -8.772254405630286783e+03 -2.459265295081416843e+04 -4.107855050417163875e+04 -8.310530904127476970e+04 -1.021097253178579267e+05
2.345767768201761646e+04 3.050896467771963216e+04 2.446677709114737809e+04 5.433686404139734805e+03 -1.306059277892927639e+04 -1.414942301387782209e+04 1.368709957794635557e+04 3.140759415604406968e+04 1.221599963202612707e+04 -2.018897745292633772e+03 1.252855992148398946e+04 6.747893013671346125e+03 9.153178537235362455e+03 1.389810267253778875e+04 -2.367806794063653797e+03 1.377384565392280638e+04 6.113516754704323830e+02 -7.571508494293084368e+03 2.559537585533688252e+04 1.556553910195361823e+03 -3.703991437927466177e+04 -1.899830667185588391e+04 -1.928201958959110198e+04 -3.616571055361420440e+04 -6.977548544673365541e+03 1.235325392888626084e+04 9.321478796337032691e+03 -5.903337750787643017e+03 -1.722272299055478652e+04 -4.781089919124467997e+03 4.307451743807177991e+03 -1.065300361631685519e+04 -4.384462022382661235e+04 -3.502978691743925447e+04 -5.727200292167253792e+03 -2.219423530041240156e+03 -1.899964162454134203e+04 3.012558609480038285e+03 2.828122478225856321e+04 -3.282433440603190684e+04 -3.088498829107228084e+04 3.563878363813264878e+04 1.878341297153380583e+04 -1.946748178976128111e+04 -2.178170634579379112e+03 3.812133173429162707e+04 2.236801462131529115e+04 -4.736185605652205413e+04 -1.203099508174626390e+05
2.172162813076283783e+02 2.054087200740468688e+04 1.928034197160744225e+04 -1.991574892017524689e+03 9.569699799176305532e+03 3.227931279543554410e+04 8.372650810051709414e+03 -1.830232370833982714e+04 6.545422538765677018e+03 1.754404880950460210e+04 1.367646970305943978e+04 1.970596202008920955e+03 -1.992552601499482989e+04 1.513525358663173392e+04 1.757551777875050902e+04 -1.857938047338396427e+04 1.064944828103703912e+03 2.372403432877035812e+04 -2.191129142913268879e+04 -4.994571847360927495e+04 -8.374231656343908980e+03 1.303310444011003710e+04 -1.196458688020359841e+04 -2.429059972520923475e+04 -2.353269244966216502e+04 -3.613436106184960227e+04 -9.361961015674605733e+03 1.866520014009438455e+03 -1.688850649661620264e+04 -3.995999112230434548e+03 -1.184166560386065976e+04 -2.359630211518377473e+04 -2.794239289432886289e+04 -3.765286769019438361e+04 -9.586349692690302618e+03 -6.891007578960750834e+03 -1.540676476652144629e+04 3.806073517480399460e+03 -3.177087173971769516e+03 1.732707421891968988e+04 1.778292936607588490e+04 -1.787435899328555388e+04 -6.525839599635204650e+03 1.810955025721268612e+03 -3.640447735233479762e+03 1.440010165606504597e+04 2.300929968580018613e+04 -2.059327334209161927e+04 -9.299582949388356064e+04
-1.419439637279719464e+05 -6.440092889853985980e+04 1.208588187044367078e+04 1.504668038149244967e+04 4.883548381476430222e+03 2.686382898711599410e+04 2.711277793569024652e+03 -1.899581457328167744e+04 1.421542115131102037e+03 3.601282399351475760e+04 1.227463465736937360e+04 -1.321887488884443883e+03 2.302176640223478898e+03 -1.293557365497690625e+04 1.009318316748249345e+04 2.745679503583232872e+04 2.793009625034758938e+04 1.603877580637345091e+03 -1.953846997435903177e+04 -2.267061726393873687e+04 -4.238485857931693317e+03 2.007357287147894385e+04 -3.635390963754616678e+03 -1.481564240952144610e+04 -1.616756992734741652e+04 -5.567107758688594913e+03 2.363538040590361925e+04 7.677087496413150802e+03 -1.657003170985265751e+04 -2.075544118852063548e+03 -3.197634926909726346e+03 -1.181440742991981097e+04 -1.321519113815156743e+04 -1.895513067225692794e+04 8.782950755703612231e+03 1.152983186955685960e+04 4.523325876507529756e+03 1.860932975178005290e+04 8.684655852703144774e+03 6.360414671362377703e+03 6.187258048739691731e+03 2.531255408888665261e+04 1.065894474755620467e+04 -1.085706527024728712e+04 4.021462579010386253e+04 3.101442801897056052e+04 -1.739568414282996673e+04 -3.256517834088276140e+04 -4.846871641289826948e+04
1.226954607042716234e+05 5.292282378417439759e+04 -2.125301638909147005e+04 -1.891531986315382528e+04 2.444091401077457704e+04 -4.059217152389464900e+03 -2.854129147555795498e+04 3.853462594270269619e+03 2.171828266844389145e+04 3.603019964939448982e+03 -1.575024168443636154e+04 -4.515698448958632071e+03 2.395011172920931131e+04 8.836324724688893184e+03 -2.237997835196438245e+04 -2.572933709598088171e+03 2.829326054721607943e+04 3.216255669685779139e+03 6.571533393434947357e+03 3.457596942316740751e+03 -1.684576986881496850e+03 2.448983685098937713e+04 1.438087616406846792e+03 1.577608069346737466e+04 3.852546234702452784e+04 -3.530082960205487325e+03 -2.448692178659253113e+04 9.537248984124758863e+03 3.338939685359946452e+04 2.340934555104462197e+04 2.634481539935217006e+04 1.951559939479909372e+04 1.991755092691163009e+04 4.191472448903365876e+04 1.728245897174916900e+04 2.003151873868759503e+04 6.495826812839372724e+04 7.586526918108589598e+04 6.492761501096538996e+04 6.522396507454667881e+04 3.856645526553597301e+04 3.218514432301145280e+04 7.129079587612047908e+04 7.529452366681661806e+04 7.504247290416978649e+04 6.550614271662183455e+04 9.727072600930172484e+04 1.661665005142268492e+05 2.077350179578901734e+05
-1.101951386168363388e+04 -2.799840508465419407e+04 -2.879932553114483017e+04 -3.353311382670653984e+03 2.008760085242101923e+04 -7.765379370830487460e+03 -5.856017773199707153e+04 -2.137129090740915854e+04 1.776011865105832112e+04 -2.982873397180807660e+04 -4.172421797236890416e+04 -5.616832637315441389e+03 -4.723320553894154727e+03 -2.217164557689102367e+04 -9.387664399691857398e+03 -7.961066460266010836e+03 -1.737713472233738867e+04 -1.576750537758924474e+04 -1.481555311707778310e+04 9.132048327737706131e+03 9.237972505652607651e+03 -1.016132523160193523e+04 -5.993054774444317445e+03 6.752857637184148189e+03 3.834588434255565517e+02 -1.759068309809660423e+04 -9.598076532711231266e+03 -5.886283939908040338e+03 9.305083102080869139e+03 3.365741429297369905e+03 -3.501290606567631767e+04 -1.084459262870922976e+04 4.668666227342338243e+04 4.712564489513178705e+04 -3.625674158975161845e+03 -8.241411024938861374e+02 4.054259220778479357e+04 3.967265602201232105e+04 2.555532515048977803e+04 6.129353146825451404e+03 5.280553999473486328e+03 2.696657913620583713e+04 3.860293521705886815e+04 1.087732037587527884e+04 -1.231493427287213854e+04 2.659317261655809125e+04 2.312159910987221519e+04 -1.238816616983962012e+04 -1.877732061504456215e+04
-7.696793110808357596e+03 -2.854915453412104398e+04 -3.586773982256994350e+04 -1.248761171664221911e+04 -6.974648759787669405e+03 -3.345591005243477412e+04 -1.382943873803011957e+04 3.358600941864977358e+03 -3.164330522035015747e+04 -3.621145523080485873e+04 -1.718480685463873670e+04 -2.841624685504936497e+04 -5.597498410163095105e+04 -7.944798672324394283e+04 -7.227180261019381578e+04 -6.093534461717357772e+04 -8.643609805149027670e+04 -6.073386585732803360e+04 -3.699932455434462463e+04 -8.554520906327520788e+04 -8.044977574420040764e+04 -7.048402441898369580e+04 -6.635905258619470987e+04 -7.558220657811150886e+03 7.810737156541959848e+03 -1.007719016590269166e+04 -2.540963632112840423e+04 -5.336107959097725688e+04 -4.607674570332170697e+04 4.252468997147021582e+03 5.216600368876234279e+04 5.443723637363288435e+04 1.277743389990075957e+04 4.187661199306577328e+04 9.567447370121951099e+04 7.242111798375855142e+04 5.521103988590766676e+04 7.004192747408537252e+04 8.185742398083672742e+04 7.004354598742774397e+04 7.030486901057907380e+04 6.659887604575515434e+04 4.921373610428404936e+04 7.433026405618907302e+04 1.117937725906087144e+05 1.176290355848320178e+05 8.102220575630763778e+04 2.476296401437179884e+04 -2.797696332418126985e+04
-3.420735607098328182e+04 -9.011227131122723222e+03 5.627795727050339337e+03 4.536452985630603507e+03 -1.278392854801495560e+04 -1.481567800510674715e+04 2.829397787936608074e+04 2.181096788743155776e+04 -1.254100810503581306e+04 3.097020391054678475e+04 5.081973536391154630e+04 1.596941381299990462e+04 3.769582316817832179e+04 6.350289599839015864e+04 4.655627896805526689e+04 6.009806354821205605e+04 8.598741889421947417e+04 8.750786065822464298e+04 1.124795224754779774e+05 1.407579385957796476e+05 1.227014630488700641e+05 1.096926934464135993e+05 1.152453675775907177e+05 1.244009054626802972e+05 1.153747207477862248e+05 9.883530045030053589e+04 8.495869118676625658e+04 5.745296048247849103e+04 3.919800775911420351e+04 6.549869296752160881e+04 8.928844866939465282e+04 6.664339028036914533e+04 7.887570080289174803e+04 1.092680083471350372e+05 1.120636348164406372e+05 1.161543251696275547e+05 9.798319029257982038e+04 8.474665739689965267e+04 9.706649231971800327e+04 8.731766351149394177e+04 8.842180410327296704e+04 8.536994513022410683e+04 9.475573936550051440e+04 1.205608185649908846e+05 1.055444274682670366e+05 8.074438560332031921e+04 9.739891598466830328e+04 1.834678946742480621e+05 3.016239436583388597e+05
3.034262436340213753e+04 -6.591467865073354915e+03 -2.869884402869502082e+04 -3.286809263881876541e+04 -4.629573152415105142e+04 -2.407653817484970205e+04 -1.076500154798850417e+04 -4.029974875040355255e+04 -2.195612996118151932e+04 -9.181169868097640574e+03 -1.419207496568557690e+04 -2.188918545056364383e+04 -2.887035504536467488e+04 -1.166366812802152708e+04 -2.918652100357576273e+04 -5.763405543373667751e+04 -3.294251164159510517e+04 -9.419373797136358917e+03 -9.341209265694487840e+03 2.088172204399597831e+04 3.019654380492283963e+04 1.877189159917182405e+04 2.140650789471695316e+04 -1.235481784969917499e+03 1.313243518947286066e+04 4.970544715644791722e+04 9.997251205640874105e+03 -2.325855106828387943e+04 -1.958748520308284787e+04 -1.570836643877552706e+04 3.726082909357480821e+04 6.498071001900825649e+04 5.235518161265662638e+04 5.677823740858002566e+04 5.894814237646639231e+04 6.147307588646069053e+04 6.217505054650243255e+04 6.960798117419485061e+04 5.580209995023331430e+04 2.216727748207625700e+04 5.148746266320857103e+04 7.437359908944956260e+04 5.102952776156584150e+04 7.768845422528142808e+04 6.588392514677303552e+04 3.268302657874292345e+04 7.252229955920518842e+04 1.088227898729378649e+05 1.224145357075008797e+05
4.342162743647347088e+04 4.480320406117243692e+04 3.850531618518289179e+04 7.405198557680691010e+03 -5.590862691315123811e+03 1.663470898551166465e+04 2.776931322514428030e+04 4.697552540877957654e+04 1.989658364691433599e+04 -1.836640788722433354e+04 2.300204752638827995e+04 4.198725425958405685e+04 9.299647095904216258e+03 -2.379922567342872753e+03 8.977521832275666384e+03 7.738075314991865525e+03 7.438760033983307949e+02 2.401463734218849640e+04 5.253351072475196270e+04 3.185770463285734149e+04 1.580316971012504655e+04 5.569004590070119593e+04 8.193320369871813455e+04 3.060297575881140074e+04 2.034208936573140090e+04 6.087828320087277098e+04 4.720919367944580154e+04 1.223864184052220662e+04 -8.689548664697213098e+03 -2.646607122442132095e+03 2.230330585705806152e+04 7.247518420015732409e+04 8.532453492298419587e+04 3.569860799980245065e+04 3.842652189181552967e+04 3.976607591408543522e+04 8.662545662955439184e+03 -1.130404663534142310e+04 -2.387870262566144811e+04 -3.066057625255768653e+04 -8.331401131406950299e+04 -1.191499553555333987e+05 -1.792268526834954973e+05 -2.645159466085903696e+05 -3.330288529205428786e+05 -4.629471122928941040e+05 -6.293829577701416565e+05 -7.638398822906282730e+05 -8.630446531818448566e+05
-4.904087728122249246e+04 -4.276812546304427087e+03 3.412317921465722611e+04 5.086622306727804244e+04 3.610195843677502126e+04 6.965529896115185693e+03 1.695891892246436328e+04 3.480138099126634188e+04 3.528817614394941484e+04 2.157303797299391590e+04 8.038358360790880397e+03 2.767154539746115915e+04 2.031638311062121647e+04 6.191473956569097936e+03 -4.212110055959783494e+03 -6.712017700338008581e+03 2.951778555681809667e+04 2.658296538982540369e+04 5.670578322460642084e+03 3.520334022570749221e+04 4.374572025597440370e+04 3.026585325525955705e+04 5.422039438199144934e+04 5.375690464206862816e+04 1.798806797014541371e+04 8.273970746813549340e+03 2.046656567355969310e+04 1.158990109572189249e+04 -7.308637240057561939e+03 -9.348361847514333931e+02 -6.362985563318874483e+03 1.181334358887428607e+04 4.963568614068225725e+04 5.394582756605812756e+04 2.939623026861216204e+04 2.826128100859939877e+03 -2.287994060898206953e+03 -4.751910430248253397e+04 -5.878996905332326423e+04 -3.891920252892294229e+04 -9.043021830293632229e+04 -1.277486405835955229e+05 -1.344409805514438776e+05 -1.605529746330288763e+05 -1.695563342160316242e+05 -1.578038946706505958e+05 -1.211088275849760394e+05 -5.028662262062478112e+04 2.601780841461778618e+04
-1.342179160157682782e+04 2.763286155706738646e+04 3.740610780412681925e+04 1.261700435133971041e+02 8.396806752716656774e+03 5.752060236496616562e+04 4.253272621135693043e+04 5.256096293742302805e+03 9.272878893534623785e+03 2.518900102819313179e+04 3.022764050518168369e+04 2.435184756162928534e+04 2.073337458743480965e+04 6.213467749475967139e+03 4.246505081828217953e+03 2.340793999290329521e+04 1.763670912667294033e+04 1.553489891710338998e+04 -2.004552149155642837e+03 2.419757883675629273e+04 5.716637882462234120e+04 1.200687842123431619e+04 4.427809705084655434e+03 3.037656276836054167e+04 2.442947055707912659e+04 -7.694779654993850272e+03 -2.335466226446436485e+04 -2.643106288887793198e+03 -1.542356082238245290e+04 -6.568546476119087311e+04 -5.276682211813764297e+04 -4.750757029731213697e+04 -1.284253931285641302e+05 -1.823625562187225441e+05 -2.086204948429076758e+05 -2.953252644912568503e+05 -4.436253656409101095e+05 -5.955553072536723921e+05 -7.493035706445509568e+05 -8.795711535733402707e+05 -9.327942552075565327e+05 -8.919992193230448756e+05 -7.370376365102105774e+05 -5.027810741239222698e+05 -2.245291324125737883e+05 4.303381427176622674e+04 2.845535828566076234e+05 4.161389035687888972e+05 4.365163553730146959e+05
3.507273581199115142e+04 2.032231621997198090e+04 3.120982403561356477e+04 7.671591970269219019e+04 1.087017296701378655e+05 7.433075352470041253e+04 6.072246171097503975e+03 2.057487849728215951e+04 8.227694763758336194e+04 1.044189256909884862e+05 7.430157262511784211e+04 1.169685289205529261e+04 1.455682031853939407e+04 5.973057083218009211e+04 6.639352985614095815e+04 5.033645950010395609e+04 2.889431706658797339e+04 2.938392807307536714e+04 4.278864625142887235e+04 7.920786462491378188e+03 -1.731494553023355547e+04 -1.211463555460795760e+04 -2.407965541380690411e+04 -8.167421846257615834e+04 -2.535526382183893584e+05 -5.356070822235769592e+05 -1.006021643701825291e+06 -1.634335477124407887e+06 -1.926151528635672992e+06 -1.587309898887468036e+06 -1.020159132829867769e+06 -5.749046901351530105e+05 -2.679046555477567017e+05 -1.237710522221457213e+05 -3.480576357600511983e+04 1.347600484322169796e+05 3.306940937737817876e+05 5.003757304779728875e+05 6.934629933536043391e+05 9.076416832505469210e+05 1.034490200628208462e+06 1.053199580790244276e+06 1.012783215004453203e+06 8.551499131371389376e+05 6.786420600423315773e+05 5.745464483715462266e+05 4.446703389887989615e+05 3.445691304735367885e+05 3.040690164902415127e+05
4.321628793535635486e+04 3.005067068166681929e+04 4.486483315675284393e+04 6.316008584355585481e+04 6.154030250021605752e+04 8.388750711892495747e+04 7.706111220119052450e+04 3.043972074476184207e+04 4.651904898200882599e+03 3.307718135038157925e+03 -3.205648744915387942e+04 -1.837952656408014009e+05 -4.064889374347693520e+05 -7.021696162367877550e+05 -9.770795434346651891e+05 -9.378643575080790324e+05 -6.752841634496878833e+05 -4.684676529001442250e+05 -3.667345285063490737e+05 -3.192062322495621629e+05 -2.888156387563501485e+05 -2.568515754268448800e+05 -2.134595875353268348e+05 -1.575133581373663619e+05 1.112964226704230532e+04 3.247558813692005351e+05 8.168346566399859730e+05 1.436090211783305742e+06 1.742397285190526629e+06 1.460317858636843041e+06 8.956142918330450775e+05 4.614686646788317594e+05 2.563286315804010956e+05 1.729649935939231655e+05 1.478916453965940746e+05 1.163402012496953830e+05 5.625095987590611912e+04 6.138520553970034234e+04 5.470470755637506954e+04 3.358640669757733122e+04 7.384030327622918412e+04 5.537966370655386709e+04 3.299020310601894744e+04 4.661929735375428572e+04 6.119363367907237262e+03 1.363950498678605072e+04 5.831355672460631467e+04 6.651415396510832943e+04 7.391958734166156501e+04
-4.671323476257381844e+04 -1.184620805583836191e+05 -1.910808295177411928e+05 -2.303524792076495651e+05 -2.310330468752363231e+05 -2.062672435349668376e+05 -1.796442503589787520e+05 -1.954406731689233566e+05 -1.909574940132735064e+05 -1.603509275391115807e+05 -1.367525812772511272e+05 3.534683397010434419e+03 2.463166878798800753e+05 5.274249857130050659e+05 7.676139699462506687e+05 7.392483521350369556e+05 5.013154263282200554e+05 2.707260012626646785e+05 1.684736826890729717e+05 1.571054700904641650e+05 1.295147223270031391e+05 1.029226930443837773e+05 5.991836468674603384e+04 5.942379635293013416e+04 8.927588765582186170e+04 6.711228168933303095e+04 5.109990980272425804e+04 8.041680272624955978e+04 1.091201530634133378e+05 8.022359047972690314e+04 7.771846514588070568e+04 6.142441524003492668e+04 4.797478393200458959e+04 7.743845091987168416e+04 2.365435673127626069e+04 1.939701689188904129e+04 7.508066550086368807e+04 5.748668114407337271e+04 5.121396626811451279e+04 5.423452960530971177e+04 3.857114990387321450e+04 4.586849826388084330e+04 4.877535129708121531e+04 3.575846719584637322e+04 1.992661316384351812e+04 2.839089291257550940e+04 1.991096299549052492e+04 -3.363432081256131642e+04 -9.069849599603749812e+04
-1.588422941058524593e+05 -4.209882671100783045e+04 4.364080987856138381e+04 6.518658127184605110e+04 2.545345196238486096e+04 -1.316730736827594228e+04 5.083778830783558078e+04 9.087802012014441425e+04 2.843159975600440521e+04 3.111354543798312079e+03 2.311736562973243417e+04 7.747585950899514137e+04 9.553217027394566685e+04 3.462161123738042079e+04 5.084748251829290530e+04 7.756510529667139053e+04 3.908024933989520650e+04 7.537654697764082812e+04 8.810371032013790682e+04 1.381500835341284983e+04 1.558976353859179653e+04 4.508177707422873937e+04 3.005189277755573858e+04 5.881293433965742588e+04 6.335529264993965626e+04 1.955350474512670189e+04 3.316452940693148412e+04 6.674074200025654864e+04 7.100193820209812839e+04 6.525706470478326082e+04 2.921584484924108256e+04 5.582850336504634470e+03 1.165821116563177202e+04 -1.646364143962273374e+04 -3.962554713478311896e+04 -4.384840625061781611e+04 -4.376749896589887794e+04 -2.861826854001276661e+04 -6.176564641049480997e+04 -8.991558510679146275e+04 -1.028889642647121800e+05 -1.523705866225645877e+05 -1.773243714537234046e+05 -2.144137438044715673e+05 -2.895554066095793387e+05 -3.857213813730038819e+05 -4.675712430768190534e+05 -4.973912014867514372e+05 -5.078013211101543857e+05
1.629405563422187115e+05 9.942737787976513209e+04 3.769683407444972545e+04 3.175791436136934499e+04 4.858102294601849280e+04 9.512957970728166401e+03 -9.916914577624993399e+03 2.805137948365888587e+04 8.235777855763443222e+04 6.094225629072750598e+04 1.931390971265503322e+04 4.540750007261520659e+04 3.954107155397649331e+04 7.289903530050648260e+04 9.001200029277239810e+04 5.204270939982964774e+04 7.359775735283619724e+04 5.352682002834623563e+04 6.239139618599435198e+04 7.516707117218172061e+04 2.019154465378966415e+04 4.878020889824279584e+04 6.380415304331120569e+04 3.395768218062585220e+04 6.859213265343004605e+04 5.875145527825236786e+04 4.378542078018665779e+04 7.874401364184462000e+04 8.346921216507320059e+04 7.368409163595066639e+04 3.763283261549088638e+04 1.312495379504968878e+04 -1.327920267256547231e+04 -4.136107845639344305e+04 -3.437964570519386325e+04 -3.819574647292040754e+04 -6.649364714088750770e+04 -8.024573759656061884e+04 -8.486380285903572803e+04 -1.392242899746630574e+05 -1.781755137239818578e+05 -1.987874484827626147e+05 -2.482701161471770902e+05 -2.572018958190168196e+05 -2.545594178338072961e+05 -2.930732566525685834e+05 -2.905333345914552920e+05 -2.189183287472407683e+05 -1.303529100680276752e+05
1.418497631933132361e+05 8.227316022428567521e+04 2.564174121769612248e+04 2.213721107371385733e+04 6.622645616764202714e+04 8.762771060501107422e+04 7.257183687805078807e+04 4.716318095539463684e+04 3.659302600703082862e+04 4.704253568299461040e+04 6.594547501343197655e+04 6.279116999154217774e+04 5.921548608792363666e+04 6.511447889861295698e+04 8.080066308306407882e+04 9.964386845545965480e+04 6.529821775271563092e+04 4.639714134798850864e+04 5.212172479194123298e+04 3.556014609101112001e+04 6.936032484984013718e+04 6.957678184480743948e+04 2.827505640409083571e+04 2.664898960400011856e+04 5.863048491301015019e+03 2.776306570391147397e+04 6.967166328948223963e+04 7.700382682742225006e+04 5.339701681587041821e+04 1.319345521420473233e+04 7.571651606849511154e+03 -1.384393451473466121e+04 -6.912913756983471103e+04 -9.621971925633272622e+04 -8.626660896989039611e+04 -1.414953701265036361e+05 -1.971968340101009817e+05 -2.394706746796150692e+05 -2.685197476856410503e+05 -2.650342979509143624e+05 -3.270424622560686548e+05 -3.447628032624206389e+05 -3.102206554017894669e+05 -2.672988789534430252e+05 -1.665677294305359246e+05 -4.827797335776255932e+04 5.738144641232851427e+04 1.203313305815384374e+05 1.470367118199618999e+05
-1.898477967016514740e+05 -1.259014161446248327e+05 -5.600420809802017902e+04 -5.196082677604863420e+04 -9.924323552098940127e+04 -1.070523112405498687e+05 -1.103137280046939559e+05 -7.955925391288471292e+04 -6.748976558912542532e+04 -8.242031328962178668e+04 -6.075512226001595263e+04 -8.625998015486396616e+04 -8.569002931806608103e+04 -4.825650186961860163e+04 -6.220500412731774850e+04 -7.203762017437850591e+04 -3.863848915789282182e+04 -5.342830329376732698e+04 -1.078228220343589201e+05 -6.605555274552898481e+04 -5.505233452146046329e+04 -1.053423250801279210e+05 -8.637365282542328350e+04 -8.834267142708983738e+04 -1.064319664849608671e+05 -5.446025273777206894e+04 -4.063808090490067843e+04 -8.472686828972678632e+04 -5.551298331658495590e+04 -1.724666657522914466e+04 -4.467997352097870316e+04 -8.672959626710519660e+04 -8.921056409206404351e+04 -3.851244448727811687e+04 -1.649485165398800746e+03 2.128544968378264457e+04 6.511377143426204566e+04 1.450495378066264093e+05 2.163967179092286387e+05 2.425266636912414106e+05 3.043118642737691407e+05 3.840854719934581080e+05 3.878105871753349202e+05 3.713208438515728340e+05 3.844509158762235893e+05 3.441278102557398379e+05 2.682129439125130302e+05 2.251004252454728121e+05 1.971205572911961935e+05
3.055601385771296918e+04 3.434255724016111344e+04 2.420942071665194817e+04 -1.051259459971333854e+04 -1.535322590934811160e+03 3.724286161581403576e+04 4.032144032098585740e+04 1.517246612565935357e+04 -4.967592038301518187e+03 5.659223450347781181e+03 4.427088765805761795e+03 3.507576887088350486e+04 5.441522981898742728e+04 3.721999168017646298e+04 6.871231266442913329e+04 6.012486290637752973e+04 2.978481145168188959e+04 3.893878315575420856e+04 3.150789528343011625e+04 4.594387328994341078e+04 5.836725879024009919e+04 4.157118088143758359e+04 5.968900393709202763e+04 5.403544352520850953e+04 3.752104504179445212e+04 5.709297387147667177e+04 6.417634947938490950e+04 7.134868201697838958e+04 8.908240780423505930e+04 6.835559143277336261e+04 2.795531399620816956e+04 5.046141842613034532e+04 7.260709907801391091e+04 4.453340759035205701e+04 1.478338479035295313e+04 1.472232727319344121e+04 4.128872647968823730e+04 2.870333009967004182e+04 2.706691929342923686e+03 1.070391252869737218e+04 2.050871056213515112e+04 3.313676286226834054e+04 2.891670212658928358e+04 -9.107231421076226979e+03 -2.384905742626878782e+04 1.048232154615104082e+04 1.317876942135606077e+04 -4.196962210888092523e+04 -1.050465415614587837e+05
-2.687217170503568923e+04 -3.689951678315993195e+04 -3.534351925482040679e+04 -1.867147949975332449e+04 -2.275297210057033226e+04 -3.350963612771010230e+04 -3.443244761307140288e+04 -3.852196739593639359e+04 -3.712847993127072550e+04 -3.339152219385140052e+04 -3.078422176156892965e+04 -6.039754062716379121e+04 -6.089294745004732977e+04 -2.375610320450503787e+04 -3.918929501116508618e+04 -4.526809695496922359e+04 -4.310099424474174157e+04 -6.046700916747792508e+04 -4.903851614639276522e+04 -5.688224748490026104e+04 -6.871032803726842394e+04 -5.970624906403827481e+04 -8.689901939083950128e+04 -7.192027787808922585e+04 -4.499222766258759657e+04 -8.091304374946036842e+04 -6.134254850083362544e+04 -3.290313477002212312e+04 -8.425707955626398325e+04 -1.047899132885503350e+05 -5.021237824243155774e+04 -3.916213995195017196e+04 -5.524717292646563146e+04 -3.954156079358654097e+04 -3.907116661954205483e+04 -3.749155971760058310e+04 -4.162523625607730355e+04 -3.305881099076953251e+04 -1.039569974833272863e+04 -9.670084965182468295e+02 3.010089337607519701e+04 2.719714925580797717e+04 3.029080410749884322e+04 7.897491608702740632e+04 6.501179797065595631e+04 3.204096234141616151e+04 5.488078540074673947e+04 9.613269886394799687e+04 1.326745016542528756e+05
2.716547377931425581e+04 2.794552864157594740e+04 2.721123406197875738e+04 4.526989041769411415e+04 5.555498464062111452e+04 4.371322777908056742e+04 4.720426924832275836e+04 4.586947714313282631e+04 4.048918821019469760e+04 3.810268041226663627e+04 4.394176352085196413e+04 5.307935026925418060e+04 4.877421573546598665e+04 2.710947524188668467e+04 1.851192027941578999e+04 3.107423948618827853e+04 1.526932466964365449e+04 2.717357665198505856e+04 4.481541323257260956e+04 3.689207866991637275e+03 -1.549090627318935003e+04 9.674544108274974860e+03 3.279987878384417854e+04 1.711986812966654543e+04 -1.105064722010865808e+04 -1.366265054573898669e+04 -2.754527754135790747e+04 -3.780885878906713333e+04 -3.015552600802038796e+04 -4.883681389343121555e+04 -6.284973893183632754e+04 -5.298370487827935722e+04 -6.137086557268060278e+04 -7.198124493952479679e+04 -7.061768913699773839e+04 -7.614910325763048604e+04 -8.588614842126838630e+04 -9.751733659999462543e+04 -9.510333212238037959e+04 -8.401874451155867428e+04 -9.881108729940056219e+04 -7.727550744064545142e+04 -5.344048952450961224e+04 -6.920511799005922512e+04 -5.591623321204700915e+04 -5.209915671104665671e+04 -5.135571572071057744e+04 -4.154501207856795372e+04 -4.652887388612635550e+04
6.973342001292620262e+04 5.009963108663214371e+04 2.934082203340949127e+04 1.920841212835511760e+04 2.170175199746154249e+04 2.413660964128211708e+04 1.470903553883544555e+04 5.055633391457382459e+03 1.888282992396850750e+04 1.511661729076876509e+04 -1.824601263797376305e+03 -2.227523915935315017e+03 -2.737242795919882337e+04 -4.036097386488107441e+04 -3.390867087378863653e+04 -3.774819349710016832e+04 -3.921173123599147948e+04 -5.937142095004671137e+04 -6.446616550136238220e+04 -4.514373670972416585e+04 -4.721274763840480591e+04 -6.231102361940432456e+04 -6.511517780221777502e+04 -5.621090339613147080e+04 -3.339906217981473310e+04 -3.730892464722256409e+04 -6.994737443979835371e+04 -5.746348591128486441e+04 -2.535031643856200390e+04 1.092202933359716553e+03 1.773549774079700001e+03 -8.116476893192040734e+03 2.994086527178290999e+04 4.381223758129647467e+04 5.003411730765952962e+04 8.492229636249245959e+04 8.394186117729972466e+04 7.249329950587719213e+04 7.868245619771184283e+04 1.033634503583013575e+05 1.106679486346548365e+05 7.731571874843242404e+04 8.246873578435019590e+04 8.829667813493867288e+04 6.673958174083978520e+04 7.142936311996870791e+04 5.487802299132441112e+04 3.394423763442304335e+04 3.850439715490140952e+04
-1.587825573608278937e+05 -1.166077610920183361e+05 -7.481284517911265721e+04 -6.700565697334241122e+04 -7.218220776034286246e+04 -6.844080019815010019e+04 -4.625356732503854437e+04 -9.356776640343014151e+03 -1.705825069919222733e+04 -9.364427503023762256e+03 3.345348148432036396e+03 1.082591258877067594e+04 4.421235977206373354e+04 4.911861767352087190e+04 4.660050039514317177e+04 4.425452348019462079e+04 6.881139227480159025e+04 9.378240629710486974e+04 7.576907173875949229e+04 8.016847304606923717e+04 9.914821453887251846e+04 9.233807480748501257e+04 7.174219710577758087e+04 6.359747096939824405e+04 5.397679458663325931e+04 6.117243010347000381e+04 8.145894227403913101e+04 5.391771998038174934e+04 3.128550246387015795e+04 3.912652641753084026e+04 3.755141666828421876e+04 2.992296483032987453e+04 6.743060589797241846e+03 3.143108625081280479e+03 6.737253499304584693e+03 -1.676605223910877248e+04 -8.329842255625320831e+03 1.963580219467988354e+04 1.041077390516878222e+04 -3.104312670489880838e+04 -3.644459038507181685e+04 -2.734531529349621269e+04 -5.456501019070841721e+04 -5.372572255233531178e+04 -3.915812484396158834e+04 -4.756623814158944151e+04 -4.810741758818045491e+04 -4.089027512047317578e+04 -3.567577914058265742e+04
8.503285402373873512e+04 6.143403000023683126e+04 3.774724140166654252e+04 3.098168268086735043e+04 3.000251703328103758e+04 2.665409332068520598e+04 1.295677748217713088e+04 -1.170061554439601605e+04 -1.118901577268843539e+04 -1.577037261115037836e+04 -2.180991037486819550e+04 -2.659601598410517909e+04 -4.027849255959152651e+04 -3.878500537175567297e+04 -3.802464271459028532e+04 -3.575272225774824619e+04 -4.620874565807752515e+04 -5.666255351810829598e+04 -4.730891812781918270e+04 -4.625281355693003570e+04 -5.092415298422558408e+04 -4.554509173394758545e+04 -3.278068940853706590e+04 -2.850977751993920538e+04 -2.466990551576597500e+04 -2.213801330799466814e+04 -2.393514535346181947e+04 -1.166638869253805024e+04 -3.853407621063495753e+03 -7.155017040204256773e+03 -4.825258508644765243e+03 -8.988223702180839609e+02 7.029440057231084211e+03 8.762219825875974493e+03 6.236201310530304909e+03 1.395423631838634901e+04 1.088996319173015945e+04 -1.481616767705418169e+03 1.094231666356776259e+03 1.692926560252085619e+04 1.967334349421433581e+04 1.525851925209282490e+04 2.391622012131840165e+04 2.419074032601200452e+04 1.767730879932062817e+04 2.081763102120014810e+04 2.237092724753895891e+04 1.935291300658716136e+04 1.671867445620553917e+04
