-6.245376914347845595e+05 -4.240613701401115977e+05 -2.156021291071374435e+05 -1.042992636827875103e+05 -9.210242083499903674e+04 -1.018188731282316294e+05 -1.338107483922703541e+05 -1.307173348560127488e+05 -1.347562224023750168e+05 -1.640868056644421304e+05 -1.541945238695734879e+05 -1.356780354538660322e+05 -1.411307310045913036e+05 -1.318738810992317158e+05 -9.951974531938950531e+04 -7.126683485410467256e+04 -5.098645825923088705e+04 -3.645019621085794643e+04 -2.334452511724969372e+04 3.728303194184321910e+03 1.710753890984959435e+04 1.153579322545276955e+04 2.496174685848021181e+04 5.631684519746608566e+04 8.935174656992335804e+04 1.404672744542675209e+05 2.687139318142684060e+05 4.028194550079986220e+05 4.402086042125209351e+05 3.901440348735146690e+05 2.694894692377058673e+05 1.861350407672628062e+05 1.535844106249405304e+05 1.483677009585606866e+05 1.930532687139476184e+05 1.623458291942552896e+05 9.984917687475890853e+04 4.785572342952957842e+04 -1.597611346478050109e+04 6.397002455309964716e+03 -2.195744663601601496e+04 -1.583265566426730948e+05 -3.094733798018788220e+05 -5.208984894397665048e+05 -7.022972430011221441e+05 -7.603981546165803447e+05 -7.475320707179355668e+05 -6.934453658619156340e+05 -6.213327516856822185e+05
3.256511400951512624e+05 3.940248966937634395e+05 4.775339147790235002e+05 5.549793038315237500e+05 5.483221254490218125e+05 4.937102746826984221e+05 4.554625323883099481e+05 3.779466140150181018e+05 3.121949554595905356e+05 2.898813191315366421e+05 2.220638709506962914e+05 1.237824970297063701e+05 7.615382916687848046e+04 3.928961583054834045e+04 -6.145013366180146113e+04 -1.547690453445829917e+05 -2.023734231675826013e+05 -2.439342982410379918e+05 -2.953028481977432966e+05 -3.453794186047888361e+05 -3.826072587560059037e+05 -4.033885678359818412e+05 -4.216956989713715739e+05 -4.690471717378110625e+05 -4.514483502754588844e+05 -3.710114701264409814e+05 -3.724075271456695627e+05 -4.004026339899253799e+05 -3.730285616453147959e+05 -2.864692562415162101e+05 -1.882481969234503340e+05 -1.474726105255831499e+05 -9.269064805464120582e+04 -5.250622921676025726e+04 -5.807729906229721382e+04 2.861570230444124900e+04 7.280473700257949531e+04 5.266060228599607944e+04 1.366697966862190515e+05 2.143819751992844976e+05 2.703824235008514952e+05 3.407929079570843605e+05 4.412786230643530143e+05 6.182343866740321973e+05 7.651541430458846735e+05 8.823318897596686147e+05 1.014552560873119044e+06 1.065798788872304372e+06 1.049751197930725291e+06
-8.050094910069326870e+06 -5.242105146052981727e+06 -2.078572611447235337e+06 1.041239855062034912e+05 6.197464260743800551e+05 7.316875400703246705e+05 7.507083420905289240e+05 7.539136617986699566e+05 7.675388890103027225e+05 7.328103514027770143e+05 6.617205281266982201e+05 6.439270712480361108e+05 5.853476841789322207e+05 5.040414472318750340e+05 4.698964213663837872e+05 4.123927257408469450e+05 3.395112846345821745e+05 2.768893760809168452e+05 2.510275251569145767e+05 2.171355884375042806e+05 1.995744566753179533e+05 1.822692063628253527e+05 1.457856538165836828e+05 2.169523776035379851e+05 2.567825440152772935e+05 1.592639598813459743e+05 7.437703808416693937e+04 5.446700514219643082e+04 -1.537966315252543427e+04 -6.001022481427725870e+04 3.868748165985348169e+04 9.053745735877763946e+04 1.145045356674073264e+04 -9.513626129758427851e+04 -1.459884211738151498e+05 -1.691151174147033598e+05 -1.984997501336783171e+05 -2.049402776125957025e+05 -2.544639464427561616e+05 -3.655992777107703732e+05 -3.657897727616183693e+05 -2.572981278213145852e+05 -2.387855994372141722e+05 -1.828151853712456650e+05 -6.296184014321662835e+04 -1.223964941511163779e+05 -2.335924874167091039e+05 -2.385095118375279126e+05 -2.118284583048580680e+05
8.002332678979599848e+06 5.468611665674816817e+06 2.656756844678566791e+06 7.420613089692411013e+05 2.991359441746316152e+05 2.733316703639500774e+05 2.799491145576392300e+05 2.068014807216969784e+05 1.934939160763497930e+05 2.142592614866772201e+05 1.728157241538064554e+05 1.231844926970007364e+05 1.114673967361340765e+05 4.963256217872188427e+04 -2.347211205851519480e+03 -3.661298125434783287e+04 -1.265199913094148505e+05 -1.829558046603414696e+05 -2.302175411682946142e+05 -3.963125363585639279e+05 -6.783931349019606132e+05 -9.366327450431345496e+05 -1.004193191914366325e+06 -7.897097392259461340e+05 -4.352154254267943325e+05 -1.835206986614323105e+05 -1.434262912855595350e+05 -1.861916483068310190e+05 -1.065866569542052457e+05 -3.847185735323384870e+04 -5.316934812055469956e+04 -3.517859836047119461e+04 -3.364234162363805808e+03 3.453961897284886800e+04 -2.360332772823353298e+04 -1.503394557945827255e+05 -1.562226109079527669e+05 -1.322001250335235381e+05 -2.244725782220297260e+05 -3.377184944799400400e+05 -3.459606818410251290e+05 -2.925685701719529461e+05 -1.972770927433334291e+05 -8.106738713138806634e+04 -3.027697823288710788e+04 -2.209767499127332121e+04 -1.608934765969007276e+04 -3.761715279579395428e+03 1.601230008836649358e+04
-4.931208071378022432e+05 -9.612645018674265593e+05 -1.501529929776878562e+06 -1.982920136735538021e+06 -2.261952974213145208e+06 -2.309551988362290431e+06 -2.014279586639421992e+06 -1.530281582903481321e+06 -1.101659194993755314e+06 -6.756139152178727090e+05 -2.514557936892919242e+05 2.548512827474018559e+04 2.160576363865220919e+05 3.719278528801077046e+05 4.725447414528024383e+05 5.417018563552121632e+05 6.033229793952344917e+05 6.439325173066568095e+05 6.492534055721077602e+05 7.146861147564593703e+05 8.711763244023479056e+05 1.069189379213639768e+06 1.122064102122078417e+06 8.366145107508061919e+05 4.136410567895099521e+05 1.214497266822585370e+05 -9.551715383357123937e+04 -3.023499691419789451e+05 -3.651265607085952652e+05 -3.287573159665587591e+05 -2.613367916872631758e+05 -1.613808017216432781e+05 -7.507374542823573574e+04 -1.041600219270558409e+04 1.526455987901500703e+04 9.130732843828774639e+04 2.348922627790673287e+05 3.880347523590906058e+05 5.205678572120445897e+05 5.628093015526595991e+05 5.526517793334287126e+05 6.076974448506924091e+05 6.927224422831367701e+05 6.842491301109115593e+05 6.141245045677365270e+05 4.858801795827988535e+05 2.783730357185225002e+05 1.304265023752120323e+05 6.048102445658296347e+04
-6.562558077577336226e+05 -4.209908790886767674e+05 -2.529114790549464524e+05 -1.389765844907923602e+05 6.454741568777477369e+03 4.122166975805163383e+04 2.159711421809159219e+03 -2.175052246602717787e+04 -1.049377409549925942e+05 -1.732254438322705682e+05 -1.823585712819839828e+05 -1.719579383189922664e+05 -1.394544427141773049e+05 -1.179728384630288929e+05 -1.429603460752149113e+05 -9.343380994783714414e+04 4.054428558647399768e+03 1.075553298149327748e+04 -1.241345147616812028e+04 4.859042610061797313e+04 8.199653181722178124e+04 3.088087645328417420e+04 3.360364652402489446e+04 3.829488819908862934e+04 2.162421464830916375e+04 3.847313503141747788e+04 5.555047086214483716e+04 5.433158659043349326e+04 2.491138065634015948e+04 9.258707915614824742e+03 -2.065516386599489488e+04 -3.827023108053253964e+04 -1.987643769449274987e+04 -6.616322545023635030e+04 -8.908471232076385058e+04 -8.261729884485248476e+04 -1.464821662780013867e+05 -1.593312019659064244e+05 -1.025774520239795092e+05 -9.574460185372992419e+04 -1.358796326059389394e+05 -2.017352308728366625e+05 -2.907648529894133098e+05 -3.960687786051142029e+05 -7.548485962684557308e+05 -1.513174218333656900e+06 -1.862880628168825293e+06 -1.467422832150115166e+06 -8.925235410775812343e+05
1.496634959605471697e+06 1.296150986824614229e+06 1.070331679583796300e+06 8.029075785567327403e+05 4.219067676176200621e+05 -2.083171017856509425e+05 -1.003420687414436135e+06 -1.614451021507194499e+06 -1.769998194869478000e+06 -1.474312820642953273e+06 -9.380392481094894465e+05 -5.175590945941445534e+05 -3.659929902933071135e+05 -2.677280070523556205e+05 -1.629889076523976983e+05 -1.468693608279136824e+05 -1.794443162990138517e+05 -1.430173890867808368e+05 -4.341323653796268627e+04 -4.156762987742701080e+04 -9.619717128523904830e+04 -9.788712320245394949e+04 -8.777817115249496419e+04 -1.029457573562465841e+05 -1.205127892641031649e+05 -1.048217252409448847e+05 -8.069127149461570662e+04 -3.141510710604046471e+04 2.985171288411947899e+04 6.235901546860695817e+03 -8.753852864097978454e+04 -1.358655313894997817e+05 -1.137634430017720442e+05 -8.997010330185736530e+04 -8.729528017029236071e+04 -1.201000055348773021e+05 -1.536416674249267671e+05 -1.416669563946565613e+05 -1.347568483098072466e+05 -1.047088524754869286e+05 -7.360960612964862958e+04 -1.066014475169868674e+05 -1.036529806771429721e+05 -8.162831779409316368e+04 2.129143868363802321e+05 9.653868111854871968e+05 1.310933334994698642e+06 9.419467282581920736e+05 4.172357672909682151e+05
1.984857349599767476e+05 2.412658399838255718e+05 3.938041581934154965e+05 6.514520719729624689e+05 9.221768167448316235e+05 1.243204991073616548e+06 1.446268301720592193e+06 1.363284835301856743e+06 9.358741043957355432e+05 1.975577920744034927e+05 -5.005782114882468013e+05 -8.332927227939949371e+05 -8.885987563276645960e+05 -8.052843788440073840e+05 -6.097034334268753882e+05 -3.983007449562501861e+05 -2.432788299561800668e+05 -1.325424952106185956e+05 -3.135913928097579628e+04 3.931563071768311784e+04 1.464641958965505473e+05 1.690820040443573380e+05 1.340046508112211013e+05 2.296850520025688456e+05 2.628159855231930269e+05 2.359218773607062176e+05 3.383313231774449232e+05 4.443250520822047256e+05 4.130933530962284422e+05 3.503912200471675606e+05 3.044474620628170669e+05 2.479499514768760419e+05 1.811470530140659539e+05 1.529027949473309563e+05 1.706451366360125830e+05 1.521719618689167546e+05 1.008291846180508146e+05 4.938591528971306980e+04 6.918782459309988189e+04 1.193124651324611623e+05 8.480331944207113702e+04 6.913609537332784384e+03 -6.442894180021516513e+04 -1.393680067548492225e+05 -2.054255089304207359e+05 -1.683515480017007794e+05 -9.378925033477577381e+04 -1.224609648965259548e+05 -2.061249897430357523e+05
1.890761824881331995e+04 1.180121790671185590e+05 2.125567063293415122e+05 3.410692619969632942e+05 5.281497729626789223e+05 6.996718585025516804e+05 8.091447908454571152e+05 8.687356759553591255e+05 8.110139370014446322e+05 6.258478297432154650e+05 3.473739164394281106e+05 -2.898544372328571626e+04 -3.460290180007722229e+05 -5.209649159846592229e+05 -5.490916929773081793e+05 -5.095146503654544358e+05 -4.142239402006092714e+05 -1.959708230340401642e+05 -6.018679180600878317e+04 -1.092139223826967645e+04 1.148995791808186332e+05 2.388291911250053672e+05 2.039404694087719545e+05 1.742334713047237601e+05 2.545178804310853011e+05 2.743510312701982912e+05 3.297223515936641488e+05 4.054220537002409692e+05 3.872848279345270712e+05 3.502011177443271736e+05 2.745167681882960023e+05 1.855209077298059710e+05 1.403511150812489213e+05 1.160501368766198866e+05 1.281533337447399972e+05 1.319062881579520181e+05 1.158118002563787159e+05 8.770940625658130739e+04 4.440614651004585903e+04 5.721374688975606114e+04 6.183184180306841154e+04 1.927035133390780538e+04 -5.871967059487348888e+04 -1.503279567620854359e+05 -1.854098567520126235e+05 -1.634168474725079723e+05 -7.141670153559930623e+04 4.421846642915531993e+04 1.371152508923835121e+05
8.091521654541424941e+05 6.085826364340030123e+05 3.670079728299602866e+05 1.570911893532681279e+05 7.587540648662974127e+04 9.346646779362356756e+04 1.355417888962619472e+05 2.078107468011514284e+05 3.482518694098689593e+05 4.398576050592234824e+05 4.658851194188904483e+05 4.556711619347700616e+05 3.569303438907443779e+05 2.105003059459340002e+05 2.874195256856182823e+04 -1.501727377938006539e+05 -2.652783914345855592e+05 -3.901644401837982587e+05 -3.912568720901616034e+05 -2.631833601060133078e+05 -2.196805480296822498e+05 -1.487183010105942376e+05 -7.587203837811108679e+04 -9.781149062320753001e+04 -6.442081062879855745e+04 6.552450670122157317e+04 1.879553746028614696e+05 2.405012419319978217e+05 2.307829392666463391e+05 2.007624385500092758e+05 1.949403780171631952e+05 1.413717174194241525e+05 3.717185898389320937e+04 4.549071852470636077e+04 1.308558326322964422e+05 1.241035485301837325e+05 8.928484683721761394e+04 4.099759576700314938e+04 -1.124988332630935474e+03 2.046497281411569566e+04 6.940218300987704424e+03 -3.876450593990727793e+04 -8.383816883913800120e+04 -1.347148232721524546e+05 -1.914981235206869897e+05 -1.737286219936136040e+05 -7.476289197413247894e+04 2.562282372680690605e+04 1.251556841862467118e+05
-1.928701185803946573e+05 -2.543234564140584844e+05 -3.544788434661676292e+05 -3.886230155781229842e+05 -3.000150108625894645e+05 -2.533779922829126008e+05 -2.071863275303984992e+05 -1.278185779809427913e+05 -5.057669791440293193e+04 5.518128714938950725e+04 9.317668833071365952e+04 6.261961522533977404e+04 1.235678057830953039e+05 1.992499139820574783e+05 1.288358338330726838e+05 2.417932930020464119e+04 -2.191041395210032351e+04 -5.145565272570820525e+04 -9.618514548314129934e+04 -7.372785659095819574e+04 -6.375138167211832479e+04 -1.249544338377383538e+05 -8.453487734081130475e+04 -4.408854924666206352e+04 -9.131932978561846539e+03 6.021160247939405963e+04 1.095653844551634975e+05 2.180044304415426450e+05 2.732559313627280062e+05 2.511907331689506536e+05 2.280678666914900532e+05 1.829375654902106617e+05 1.699289281861644122e+05 1.793543490236334037e+05 2.143094399867187603e+05 2.825755820076299133e+05 2.592899585808478296e+05 1.638057657590255258e+05 1.273109014607688587e+05 1.835441253861422301e+05 1.794021825105663156e+05 8.156271871954289963e+04 2.620513880236097611e+04 4.053119669369945768e+03 -6.120340369525307324e+03 1.250321307310508564e+04 6.444907528628426371e+04 9.894967794651136501e+04 1.005612189070943277e+05
-2.227024919044198468e+05 -2.774577258971836418e+05 -3.017635895231796894e+05 -3.301472845022724941e+05 -3.468973086971526500e+05 -2.770844327139637899e+05 -2.004482346434085630e+05 -1.216318993466119282e+05 -4.288833468352095224e+04 1.342766413545235991e+03 3.630104689364088699e+04 1.071320401202319190e+05 1.070699909315225668e+05 -1.672844177552172914e+04 -1.188093913616465870e+05 -2.917268753917965805e+05 -4.449047560199325671e+05 -4.516779252876583487e+05 -4.444881233310659882e+05 -4.348358072131303488e+05 -3.346501573339988827e+05 -1.974576110621271073e+05 -1.854723296158048324e+05 -1.855437218187945255e+05 -8.918078614904489950e+04 -2.496627639266080223e+04 1.911703589528784505e+04 5.215087002510711318e+04 3.932584812777352636e+04 1.789319853218321805e+04 6.103375268939998932e+03 3.026225262055985513e+04 8.509912014633504441e+03 -3.529521609125364921e+04 -1.227835321711600409e+04 6.796088160728660296e+04 8.307350616592861479e+04 -5.569195421499910299e+04 -1.758162071515833377e+05 -1.894587000087261840e+05 -1.602392429262545775e+05 -1.865394733272113372e+05 -2.397138967052517692e+05 -1.926557389003937133e+05 -1.924848945309349801e+05 -2.287322481433505891e+05 -1.595013924469455378e+05 -1.395875538835743209e+05 -2.020146027676281519e+05
-4.858027335635779309e+05 -5.251253757211454213e+05 -5.339423639929371420e+05 -4.896884481978121330e+05 -4.465308739875763422e+05 -3.575306153973360779e+05 -1.923837566320798360e+05 -8.403596671356353909e+04 5.789482339157961542e+04 2.322605487879262655e+05 3.601511305677562486e+05 5.591021943651867332e+05 7.898582593724128092e+05 1.027993451375077246e+06 1.259521512212304166e+06 1.487370707277296809e+06 1.637470692363714101e+06 1.509078775376983453e+06 1.193639407321097329e+06 8.048076740811662748e+05 2.341513039291752502e+05 -5.292901676947083324e+05 -1.318825225008116104e+06 -1.835622468699947465e+06 -1.996882209525355371e+06 -1.988362265089526307e+06 -1.849993837321816245e+06 -1.658102189506901894e+06 -1.533910343709357781e+06 -1.379351316032988485e+06 -1.109887680236206623e+06 -7.767286698440872133e+05 -4.379885334747843444e+05 -2.068185848528086208e+05 -4.707489328276971355e+04 1.454030518427309580e+05 2.393946725939889438e+05 1.659204431016407907e+05 1.065067751415339299e+05 1.550841241760640405e+05 2.198849534155311994e+05 2.376663462318540551e+05 1.983505540733672678e+05 1.939539727395107038e+05 1.961348658911450766e+05 1.090509260603720322e+05 2.580159079963807017e+04 -5.834840288660489023e+02 -8.041047750921919942e+03
1.035232821526732878e+05 2.046544296072534344e+05 2.458859137309627258e+05 2.104387760228564439e+05 1.600324788900616113e+05 8.468724649588693865e+04 5.777806404279539129e+04 1.011584874539404409e+05 8.597575574203801807e+04 9.407770397374406457e+03 -4.348089931008871645e+03 2.077917080452607479e+04 1.266126878348586615e+04 3.402024968956538942e+04 5.101093682249484118e+04 5.680930647569778375e+04 1.126199944578547729e+05 1.944249485108592780e+05 2.931542575387718389e+05 3.531597928515837993e+05 7.600106523292255588e+04 -1.106034489562229021e+06 -2.614126307137053460e+06 -2.669604665969601832e+06 -1.435964164259781828e+06 -4.148179292600266635e+05 7.319664300099341199e+04 3.104988815230904147e+05 5.458777573325634003e+05 7.051016768858968280e+05 6.358576956125034485e+05 4.280846423434556928e+05 1.954125835684691556e+05 8.839842018322087824e+04 4.485550906545505859e+04 3.926927626380324364e+04 1.031084950535297394e+05 3.464195980661315843e+04 -8.302084140872443095e+04 3.013966198850423098e+03 1.101974432118006516e+05 1.162972356448883656e+05 2.280710754251043545e+05 3.746978831773604034e+05 3.984916956011155853e+05 4.101009071178840240e+05 5.370103408350422978e+05 6.633576942040941212e+05 7.196888566577993333e+05
-3.335696666279545170e+05 -3.888044657096180017e+05 -4.442248313186426531e+05 -4.409618028593830531e+05 -4.143265395817434182e+05 -4.240681175016651978e+05 -4.146852039722578484e+05 -3.943701637457709294e+05 -4.011825480808332795e+05 -3.766875889236687217e+05 -3.277105256763026118e+05 -3.557361655290881172e+05 -3.532467709566114936e+05 -3.237624331844563130e+05 -3.525856835865851026e+05 -2.989289289456792176e+05 -2.241050635131252930e+05 -2.098364394401144236e+05 -1.435984400766757317e+05 8.038098102086223662e+04 7.321508159968624823e+05 2.349866657668757718e+06 4.300920477189436555e+06 4.606659189873971976e+06 3.193400643993658945e+06 1.691553353186175227e+06 6.493843475485462695e+05 -1.993727856061011553e+05 -9.349234436018727720e+05 -1.415742030444452539e+06 -1.609428410929976497e+06 -1.631400457162456121e+06 -1.511055654102316592e+06 -1.249151980324605014e+06 -9.376909507612425368e+05 -6.193954579027928412e+05 -3.220436530981524847e+05 -1.972080615165763302e+05 -1.450478431597732706e+05 5.260370287534873933e+04 2.151970312430062331e+05 2.457939262464791536e+05 3.862103857921455055e+05 5.783692993604943622e+05 5.400963170476481318e+05 3.795227402367154136e+05 2.055760503196499776e+05 -2.583526357171428390e+04 -2.661617985474700108e+05
-1.131281471055262955e+05 -4.294188664374814834e+04 2.752266665556817316e+04 3.830907881652819924e+04 9.662678943641367368e+03 5.760139630758197745e+04 1.282671105665939976e+05 1.255980575501599233e+05 1.282133390726085636e+05 1.921307138943665777e+05 2.465932449026150862e+05 2.587861336990318960e+05 2.676703911986986641e+05 2.701806317316367058e+05 2.788651219125313219e+05 3.285689101111351047e+05 3.004824713311248925e+05 2.167139816095731221e+05 2.125972830121463630e+05 2.155374610898434184e+05 2.106207074440314900e+05 1.929609209680347703e+05 1.411168192483456805e+05 7.638868844580417499e+04 -5.142951060406677425e+04 -3.398708513940065168e+05 -9.198888494513095357e+05 -1.405454856594735989e+06 -1.290194539353033761e+06 -7.718852544639942935e+05 -2.773045363571153139e+05 1.682821214490188868e+04 1.836964816136609588e+05 2.794428172936748597e+05 2.502003231936393131e+05 2.602774833957661176e+05 3.205323704290639143e+05 1.955061664804092143e+05 4.087683959442365449e+03 -2.628698622491349233e+05 -9.675931644177094568e+05 -1.764250632612529909e+06 -1.558347100825117435e+06 -4.754363283722298220e+05 3.104055206902544014e+05 6.046811941155449022e+05 8.154836353869200684e+05 9.780984583582868800e+05 1.072533515908414731e+06
1.058967021876019135e+04 -1.234336792558315501e+05 -1.751687664941709663e+05 -1.584955226445162843e+05 -1.705131980786973145e+05 -1.468327271321322769e+05 -1.581689715317770024e+05 -1.867911736280803452e+05 -1.541684875655483920e+05 -1.454297761666384758e+05 -1.527063746382192476e+05 -1.684648525869124569e+05 -1.602091573366487864e+05 -1.578587408045132179e+05 -1.694270400961976266e+05 -1.447520203562455717e+05 -1.632134361441424116e+05 -1.619984649156683590e+05 -7.535762803476233967e+04 -4.798310113736079074e+04 -5.599382604443235323e+04 3.362715596827957779e+04 1.594141795922773890e+05 3.035893151192425285e+05 5.800461331072443863e+05 1.063854621825083392e+06 1.692524822520500515e+06 2.189859632005176973e+06 2.233409346789485309e+06 1.714726399227436632e+06 6.642036897064121440e+05 -1.222881805588053539e+06 -3.545407877870756667e+06 -4.365625524675196968e+06 -3.026645279451689683e+06 -1.337690755173755344e+06 -4.461265236610765569e+05 -5.593265465700859204e+04 1.678309920882014558e+05 5.700040145305669867e+05 1.537739271914260462e+06 2.624287113515675534e+06 2.611898269255245570e+06 1.703585396057022503e+06 1.100675876214230433e+06 8.708744459867717233e+05 7.079356908832415938e+05 6.578131316310442053e+05 6.769457654917519540e+05
2.224527755646703881e+05 2.048863356482615927e+05 1.856157816541235079e+05 1.771661447382939223e+05 1.657908819340809714e+05 1.337508761559001578e+05 1.242700563654215657e+05 1.531468885538926406e+05 1.600057231852407567e+05 1.442539164476328879e+05 1.103805889735667151e+05 9.859776502271409845e+04 1.063900582885252661e+05 7.927946450734452810e+04 9.949412511865375564e+04 9.018227330503577832e+04 3.689357802846643608e+04 3.656620037072570994e+04 -3.216661930186091922e+04 -1.746845667743764352e+05 -3.292125764685617178e+05 -5.652614777814601548e+05 -7.950964751308506820e+05 -9.898994447106807493e+05 -1.133164184043780435e+06 -1.074285038727030158e+06 -9.024960401424316224e+05 -6.965321600400798488e+05 -4.026626337492056191e+05 6.342438024149741977e+03 7.466953030035779811e+05 2.249408774833221920e+06 4.101217122116953600e+06 4.422959477283075452e+06 2.649591671192314476e+06 6.256153496677172370e+05 -5.288531697924924083e+05 -1.030996023572081234e+06 -1.148455250399929006e+06 -1.113706236484064721e+06 -1.016469409449856728e+06 -8.215679223669599742e+05 -6.389552436007927172e+05 -5.366825757388876518e+05 -5.239530409425793914e+05 -6.764776510553183034e+05 -8.958936744050902780e+05 -1.030375644502633950e+06 -1.106081105226746760e+06
-3.378229614958423190e+04 1.135414610122097656e+04 2.521693059876258485e+04 4.267843718676886056e+04 7.688452741320361383e+04 3.190771871988545172e+04 -1.984401257992431056e+04 -3.916635567911725957e+04 -5.343513651212560944e+04 -6.018658961060270667e+04 -1.127530681963982061e+05 -1.128245700045228004e+05 -9.653137640198110603e+04 -1.408100263345111161e+05 -1.625096175919314846e+05 -1.871985492137903348e+05 -1.646196900842189789e+05 -8.043785847592516802e+04 -5.757337075425311923e+04 4.335794224069104530e+04 2.938285537371111568e+05 5.458347356894229306e+05 8.808897377731789602e+05 1.194673878869506763e+06 1.309410921085581882e+06 1.307387259228780400e+06 1.125795445373877417e+06 9.015349248657748103e+05 8.206266050795237534e+05 8.172135222773789428e+05 9.012029650212195702e+05 1.049663550135303754e+06 1.179953723894218914e+06 1.283678107781742699e+06 1.403386247061789967e+06 1.408229816440507770e+06 4.949545504415594041e+04 -6.104234068800225854e+06 -1.058574356477954797e+07 -5.628112906816807576e+06 -4.032166227889629081e+05 4.034145527125652879e+05 6.942765294328257442e+05 9.698963219948955812e+05 1.238418062233760022e+06 1.420200142620811472e+06 1.561674122487168992e+06 1.644209491945216665e+06 1.647939687414876651e+06
1.015501425160619547e+05 9.654860595139325596e+04 1.157774809406691929e+05 1.388836470880778506e+05 9.651140472014958505e+04 6.047045638915733434e+04 9.744224144655163400e+04 7.226319702414912172e+04 -7.655633139438577928e+03 -2.072315108227485325e+04 -1.704299976474430878e+04 -4.588580961964908056e+04 -9.855214187904493883e+04 -1.493374598916852847e+05 -1.446809139240939985e+05 -1.530253940863623284e+05 -2.306515412852605223e+05 -2.691149298660456552e+05 -2.502377231239369430e+05 -2.730848208826499758e+05 -3.674918935246380279e+05 -4.397303513059158577e+05 -5.436549873862541281e+05 -8.323269145972141996e+05 -1.192004563863520510e+06 -1.393226793531501899e+06 -1.314189265460371505e+06 -1.030427947947029956e+06 -7.706086157776736654e+05 -5.864913855129997246e+05 -3.859374766247500665e+05 -2.644572034935122356e+05 -2.368700768616711721e+05 -1.843106704609086737e+05 -1.227494236467471346e+05 -3.323299521522130817e+04 1.389060772155431565e+06 7.567132304523197934e+06 1.195047065109610930e+07 6.940445648088261485e+06 1.671499559203654528e+06 8.438299526622761041e+05 5.612701037755310535e+05 -1.422254601944983006e+04 -5.043813125404162332e+06 -1.196300729543454945e+07 -1.071265964749384299e+07 -5.519445756323852576e+06 -2.261492183032434434e+06
-9.357790733367449138e+04 -5.175972907221876085e+04 -1.365773053184978198e+04 3.087189458383363672e+03 1.295572454509965610e+04 3.343763634395156987e+04 -1.007100897681072820e+04 -6.824323914122954011e+04 -7.502066045359242707e+04 -9.344655061955563724e+04 -1.176893280949298060e+05 -1.765133869981218595e+05 -2.083488665581534151e+05 -2.081505081243084278e+05 -2.628047415647597518e+05 -3.053794575217037927e+05 -3.056736950081542600e+05 -3.221611618485620711e+05 -3.370527188338018022e+05 -3.400259476916834246e+05 -3.276597485953243449e+05 -2.005153722423706204e+05 -1.003509391004638746e+04 2.994832602851954289e+05 7.005625596821489744e+05 9.257301541582266800e+05 8.486895977792292833e+05 5.832795519735382404e+05 4.301569364069291623e+05 3.977964233085365850e+05 3.979311207106363727e+05 5.000549373948177090e+05 5.727367019256803906e+05 5.700353763544260291e+05 5.932202383218826726e+05 5.252261030826776987e+05 4.649716798033479135e+05 4.991409445567852817e+05 4.591161310438474175e+05 3.464749646654662210e+05 1.067749786622866523e+05 -3.504549435432981700e+05 -1.036556368934686296e+06 -1.676054566261159722e+06 2.027482794968060683e+06 7.743226757942007855e+06 5.385056452241960913e+06 -7.362719595979070291e+05 -4.706744315064828843e+06
-1.216323473308875691e+05 1.626666042357106926e+04 1.238353441324579471e+05 1.342715933782891952e+05 1.185278424109856132e+05 9.545991798993787961e+04 6.319713595701608574e+04 8.775849604389822343e+04 5.127328797811083496e+04 -1.834498349257046357e+04 -2.844987224190845154e+04 -4.946864680307044182e+04 -7.659675879811396590e+04 -9.057071893301326782e+04 -1.587947581380284973e+05 -2.163072113129602221e+05 -2.046893083984470577e+05 -2.116134438737934979e+05 -2.430784008591580205e+05 -2.962880074481653282e+05 -3.694690286985126440e+05 -3.609474406658407534e+05 -3.188984408816765063e+05 -3.363669089696482988e+05 -3.438399036173357163e+05 -3.840477377032216173e+05 -3.927860500938547775e+05 -3.202022787705215160e+05 -3.235301976413752418e+05 -3.515417441177852452e+05 -3.330190771706111263e+05 -3.466116567293656990e+05 -3.013125357856936753e+05 -2.469114637384335510e+05 -3.608063647532262839e+05 -4.485249402004410513e+05 -4.192716526915314607e+05 -2.864285458069937304e+05 -2.134502347224112600e+04 1.824042952733719721e+05 4.234938392004575580e+05 9.646892895874027163e+05 1.729302104330267757e+06 2.608539309410633985e+06 3.430820832833490334e+06 3.807887386205100920e+06 3.647337619135946035e+06 3.388125231426521204e+06 3.234543729224327952e+06
-9.040084124571876600e+03 1.116283131758973468e+05 1.759512360669759801e+05 1.498825827093240805e+05 1.597251308895647526e+05 1.720400924673593836e+05 1.234035487305663992e+05 9.640975800844910555e+04 8.332662258624611422e+04 6.902550424245418981e+04 4.685514810713380575e+04 8.791266794505761936e+03 -3.842645626405999064e+04 -3.829436783307767473e+04 -4.210857416132069193e+04 -8.474807349106413312e+04 -1.084981137351861689e+05 -1.083383519080963451e+05 -8.010046416347892955e+04 -1.405701712556764251e+05 -2.214115793909144122e+05 -1.822405537198208040e+05 -1.640496953451660229e+05 -1.979556444515036419e+05 -2.546242259875726886e+05 -2.879023160493670148e+05 -2.527071372183852654e+05 -2.375464816886237240e+05 -2.125609442566929501e+05 -1.965529573676030850e+05 -2.871301673822741141e+05 -3.114760238750024000e+05 -2.572083213049346814e+05 -3.385546662443806417e+05 -4.248615414440426975e+05 -5.386966067476888420e+05 -6.758140360825925600e+05 -5.115510598748377524e+05 -2.915395864679885563e+05 -2.701152625076784752e+05 -2.421558277151051443e+05 -2.496260417957820464e+05 -3.563895419077733532e+05 -4.882165206416551955e+05 -6.511978034435021691e+05 -9.829377124877618626e+05 -1.658116683015184943e+06 -2.343026516387534328e+06 -2.843292904757721350e+06
1.714183736110862228e+05 1.280496282553940546e+05 8.198211537368485006e+04 8.070258278195984894e+04 1.184685180964879692e+05 1.088252325225766981e+05 6.516826816521643195e+04 4.069391424440254923e+04 5.480037021610769443e+04 1.666134946382953785e+04 -2.685130315861897543e+04 1.600657726252393331e+04 -2.952456956278183497e+04 -7.872545390091545414e+04 -2.994191647179832216e+04 -4.570700756819860544e+04 -9.430333602620533202e+04 -7.023232760584499920e+04 -4.419379631173791131e+04 -7.885484175334568135e+04 -1.084343171075304272e+05 -7.148677034929255024e+04 -3.526826756424270570e+03 1.434960264807159547e+04 3.782415662724833237e+04 8.663866112081438769e+04 1.844249828270407161e+05 2.931310517326351837e+05 3.058223356953384355e+05 3.093861668773024576e+05 2.877093546366087394e+05 2.511979257682836615e+05 2.674788118487787433e+05 2.884702320157517679e+05 2.170944607886481099e+05 5.935139682646002620e+04 -8.082680007791845128e+03 1.794990405607679859e+05 4.276656964783610310e+05 4.318614170240461826e+05 3.711990785878156312e+05 3.817028587922691368e+05 2.199447021837104112e+05 -1.509353359380494803e+05 -7.024476825482246932e+05 -2.382754531513558701e+06 -7.071216635388450697e+06 -1.273677842573051527e+07 -1.736271695472856238e+07
1.076371532771002967e+05 4.330430596579401754e+04 3.187662633128627203e+04 5.207600874447962269e+04 4.652983251464320347e+04 5.857806465974124148e+04 6.523207747457479127e+04 8.144021554988296703e+04 7.751801889542560093e+04 5.158150774252135307e+04 8.338636796601372771e+04 6.272137841093377210e+04 2.774686850563739426e+04 7.170718350535025820e+04 7.632886857303674333e+04 2.163767709731473587e+04 1.242508827752317302e+04 5.566491908517479897e+04 2.420592219219543040e+04 -2.143963087706640363e+04 1.141263734010839835e+04 -1.081909888227540068e+04 -8.910834744820138440e+03 2.541038453222438693e+04 -1.084495465220254846e+04 8.561811332763172686e+02 1.020504231623637024e+05 1.903160350450347178e+05 2.072101574892440112e+05 1.707146798627943499e+05 1.107796479274112498e+05 9.963188165027578361e+04 1.269760354914618656e+05 1.361766957030340564e+05 8.201181368305668002e+04 -5.645842800127819646e+04 -1.277930248752817861e+05 9.514300073162320768e+04 3.786087178711018059e+05 4.405037296419310733e+05 4.681686771176476032e+05 5.420675850576669909e+05 6.057477941486269701e+05 5.973101888464596123e+05 5.457858650885475799e+05 -5.283931956153525971e+04 -1.041215221343450947e+06 -1.235378610502666794e+06 -8.168863259140688460e+05
-3.451268981552851619e+04 -5.961055455212766537e+04 -5.820753726948163239e+04 -2.364360853702237364e+04 -1.079925228739739396e+04 -2.524408627621602500e+04 -4.110435645095998188e+04 -4.684039911328000017e+04 -2.371888908848637948e+04 -1.899738857668126002e+04 -4.871456910346756922e+04 -3.549392982982692774e+04 1.531194834882626310e+04 9.947589432704262435e+02 -3.342746792608522810e+04 4.549673442088649608e+03 4.253190563395037316e+04 1.195351381073123775e+04 -1.987337713508168235e+04 1.969312586443265900e+04 4.366012212951318361e+04 3.284235088256536983e+04 8.135566014156222809e+04 9.883896346611442277e+04 5.182996549745427910e+04 7.052693912220979109e+04 1.677978039249139838e+05 2.573148615419636481e+05 2.681009091704617022e+05 2.261220488109393045e+05 1.333969487527795136e+05 4.021040238658292219e+04 1.779233683628274594e+04 -1.695577901409694459e+04 -1.421053954253151314e+05 -3.456928115531621734e+05 -4.781432809690885479e+05 -4.957430768730419222e+05 -7.017200358155230060e+05 -1.563885078016169602e+06 -3.577973819524940569e+06 -6.644700047720758244e+06 -8.732715246015263721e+06 -7.696751789668269455e+06 -4.096863217869203538e+06 1.459422525175247341e+06 9.587778202431496233e+06 1.694457788014797494e+07 2.214674190772581846e+07
-8.599769269843818620e+04 -6.803945186053181533e+04 -4.740753311838489026e+04 -6.532240294633083977e+04 -1.027724579370988067e+05 -6.525632566103013232e+04 -2.663084557367255911e+04 -5.087530867400346324e+04 -7.166265131076227408e+04 -6.072638229976291768e+04 -3.141468817120767199e+04 -3.716834592356451321e+04 -2.872360608293086989e+04 1.497303398078656755e+04 8.882573477894766256e+03 3.035783894578355830e+04 5.449480604365817271e+04 1.886367776780389249e+04 5.334863602241966873e+04 8.924949803287745453e+04 8.983606986090296414e+04 1.318317312162254239e+05 1.507202604135093279e+05 1.458155220012121135e+05 1.547924237020198489e+05 1.756715744413667126e+05 2.478568149478818523e+05 3.358939080087298062e+05 3.403125889600778464e+05 2.382466032804220449e+05 9.037050386919896118e+04 -1.003769213828537613e+04 -9.452198564977128990e+04 -2.642244768684026785e+05 -5.758509233059891267e+05 -9.856739472226750804e+05 -1.520757841473096982e+06 -2.207182178692168556e+06 -3.129203394587380812e+06 -3.911678130684584379e+06 -3.000303359544336330e+06 3.189485787320686504e+05 3.809268752386405133e+06 4.680016023435168900e+06 3.445441841282894369e+06 2.134176520104222931e+06 1.243800729407956824e+06 7.434644147621295415e+05 4.963630022659935057e+05
3.878760279767453903e+04 -9.242585841246182099e+04 -1.938496568922709266e+05 -1.844743965045199147e+05 -1.712584687904745806e+05 -1.564850301353726536e+05 -6.406438098914803413e+04 -5.210342554695680155e+04 -8.461207677275530295e+04 -1.577537179269711487e+04 7.125545319402596215e+04 7.041591000612251810e+04 1.103017317062767397e+05 1.853851445460167597e+05 2.036481359619937721e+05 2.311775388887328736e+05 2.880549227712618303e+05 2.898223715864877449e+05 2.405341164769196766e+05 2.764564386503478745e+05 3.798978129033634905e+05 4.273112092488734052e+05 4.158870653883793857e+05 4.378630947528288234e+05 4.578172822286430746e+05 4.089343570893104188e+05 4.435128897425604519e+05 5.619657966979150660e+05 5.320464927739519626e+05 3.807037575052520260e+05 2.204316456861854531e+05 -5.279990533031523228e+02 -3.720782685185261071e+05 -1.080693205620188965e+06 -2.448114285341728944e+06 -4.200602304139460437e+06 -4.941327402425374836e+06 -3.754661221736903302e+06 -1.318870352911913767e+06 1.272588772964369506e+06 3.097086473343526013e+06 3.489173408860231750e+06 2.782225114166496322e+06 1.874692596913809888e+06 1.222755605107090436e+06 8.476999199760007905e+05 6.059129130306243896e+05 4.496894755928947125e+05 3.597016540147801861e+05
6.402916284525411902e+04 3.183475389130762778e+04 -4.092453889927125419e+04 -9.980787759835945326e+04 -6.333692321655689739e+04 -5.140527534938880126e+04 -5.574431889312108979e+04 -1.399719363034819253e+04 9.855007786973146722e+03 1.200888001112616621e+04 5.992627880768850446e+03 5.453881726658425760e+04 9.857585533856760594e+04 8.058606598468028824e+04 1.212718574634345132e+05 1.749605345097371319e+05 1.629925910080784233e+05 1.312399629810533370e+05 9.635327431722541223e+04 1.460534193925558939e+05 2.667889784317226149e+05 2.899285587453048793e+05 2.452298769851045217e+05 2.374924889480459969e+05 2.322376612968218978e+05 2.008050932544573443e+05 1.884213950920093339e+05 1.825226452188510448e+05 1.174554174608783796e+05 -5.903351240063854493e+04 -3.405551610283139162e+05 -5.630743136460675159e+05 -6.382185447793769417e+05 -4.761810041502765380e+05 2.111488497720005107e+05 1.324152908574466361e+06 1.996659417265763972e+06 1.793660529116754187e+06 1.245631656367332209e+06 7.403333696640017442e+05 3.892028425447638147e+05 1.234446291130753234e+05 -9.945498806060617790e+04 -1.460317840025532059e+05 -1.068602970655779354e+05 -9.061797404574416578e+04 -8.069324245181633160e+04 -6.977657629890041426e+04 -5.965593670596554875e+04
3.124922014394540747e+04 5.051491471909686516e+04 7.793973749954599771e+04 9.438306582931544108e+04 8.264400856147403829e+04 9.095701854515934247e+04 1.085573197527264274e+05 1.071881738556840719e+05 1.628623340719786647e+05 2.183155009434266249e+05 1.904727949724475038e+05 2.164968282573681208e+05 2.652873528302006307e+05 2.744600750222160714e+05 2.901659577351527987e+05 2.980856437858894933e+05 3.381874057117967168e+05 2.733739882522786502e+05 1.564834527554921806e+05 2.459950176317940932e+05 3.138455614914707839e+05 2.183337372139792424e+05 9.200556079347757623e+04 -9.464550384640414268e+04 -2.987931619041776285e+05 -5.168504517991091125e+05 -6.750010348360227654e+05 -6.323663375951593043e+05 -5.079753040596552892e+05 -4.126192465022900724e+05 -3.303444427723299013e+05 -2.754889160058522830e+05 -1.914788917024281109e+05 -9.308395668762395508e+04 -2.941933120324377524e+04 1.328162604362290585e+05 4.006926579214637168e+05 6.462067536736151669e+05 7.666582032434230205e+05 7.314109216134217568e+05 5.310022100142664276e+05 1.778714195708767511e+05 -6.193677747054584324e+04 -1.398035161581363063e+05 -2.528599722913347650e+05 -2.936171616789936088e+05 -2.746380990167389391e+05 -3.038710621526106261e+05 -3.390705734075093642e+05
-1.327372480787743698e+05 -1.504531544995552686e+05 -1.831412919585999916e+05 -2.315940284286625101e+05 -2.468533895823929925e+05 -2.259066478953172336e+05 -2.177848398144123494e+05 -1.938824211842439836e+05 -1.556616923608817160e+05 -1.478727956945657497e+05 -1.116828512676875107e+05 -4.517706174097838812e+04 -2.364089457158115692e+04 -4.586251432381686755e+04 -1.606194171210518107e+04 5.808711153251363430e+04 6.819930790545197669e+04 4.194286538055166602e+04 6.458952266693813726e+04 1.854862305910499999e+05 3.361054872086961986e+05 4.398590930917999358e+05 5.880370815553772263e+05 8.080847732875546208e+05 1.020554796911746962e+06 1.224588422210216755e+06 1.354718235875188839e+06 1.350290758195481030e+06 1.176078524304757360e+06 8.733844199261502363e+05 5.882136141585949808e+05 3.212343489335030317e+05 -8.366056707760319114e+04 -1.071017894388493150e+06 -2.950450717932257801e+06 -4.848492472671492025e+06 -4.596349622458213940e+06 -1.857055509497880470e+06 6.949469091035970487e+05 1.609834200369946426e+06 1.543625779006107943e+06 1.115605649668290745e+06 8.129071440664099064e+05 7.058081157883870183e+05 6.362479454175640130e+05 6.847995856324250344e+05 8.050210858961527701e+05 9.355699292449533241e+05 1.080833986081251409e+06
-3.201905306502885651e+05 -2.719958941669028136e+05 -2.642405515031714458e+05 -2.815505908732302487e+05 -2.783897175476886332e+05 -3.225959392273216508e+05 -3.563623275088320952e+05 -3.117926389772037510e+05 -2.438169135939099360e+05 -1.901970243061077781e+05 -1.929207855800632387e+05 -1.613348509627394378e+05 -9.511117135174572468e+04 -7.758531652012607083e+04 -3.357783055689651519e+04 9.405070442153373733e+03 1.357883882345049642e+04 -2.242912225963664241e+04 -5.604053355797077529e+04 4.730515031682443805e+04 2.090264583595846780e+05 2.664011924472285900e+05 2.340912354516335763e+05 2.743487627973079216e+05 3.356413964087550994e+05 2.745308888403817546e+05 2.654144529777113348e+05 3.269388340806479100e+05 3.103871431475273566e+05 2.931935334067384247e+05 2.947235320584150613e+05 3.015591915429111687e+05 3.401278053665022017e+05 4.511395244719454786e+05 3.809728625116978073e+05 -3.521606552356277825e+04 1.594973042956687277e+04 5.343402764771608636e+05 6.564651585208777105e+05 4.856186386644536396e+05 3.753978203820590861e+05 2.990430221224969719e+05 1.982527110067890026e+05 2.531561262725165579e+05 3.925884551045605913e+05 4.505405429724475835e+05 5.690384002444641665e+05 6.836240682694162242e+05 7.295671994057064876e+05
5.751078436296898872e+03 9.986731394164962694e+03 2.141970721335383132e+04 5.430397403557447251e+04 8.206842913350556046e+04 8.514464426829363219e+04 1.238530425813223701e+05 1.728465955379944062e+05 1.753001612718800316e+05 1.861656221668818034e+05 2.105869873748453101e+05 2.211658756239922950e+05 2.184173000500594790e+05 2.131656564590229536e+05 2.326401409831304627e+05 2.245319641790411551e+05 2.008154700027081417e+05 1.358503559988457127e+05 7.396344066815797123e+04 1.759384650323772512e+05 2.588253125092884584e+05 2.640660295268752961e+05 2.533604469324932434e+05 2.106559865680173971e+05 1.688178897481701570e+05 7.387040622954384889e+04 -1.993050841044177068e+05 -7.125843317962440196e+05 -1.580253476454669610e+06 -3.231009371403928846e+06 -5.223798833627509885e+06 -5.668951251084078103e+06 -3.485377145165279508e+06 1.362663533899374306e+05 4.116379845283962786e+06 7.721508201636307873e+06 8.374149738235276192e+06 5.506468766498302110e+06 2.465819378531598952e+06 9.978462187269153073e+05 2.930644741152329370e+05 -1.711771630303682759e+05 -4.095045575611572713e+05 -4.568157506803991273e+05 -5.187967354602003470e+05 -6.066156418558955193e+05 -5.881280284909023903e+05 -5.234297302868789993e+05 -4.727852660897653550e+05
1.751447965152327670e+05 2.041429326887009665e+05 2.140000637898629066e+05 1.890576407262415159e+05 1.507280299674312118e+05 1.240395975952558219e+05 9.976605874602682889e+04 6.985134145914344117e+04 5.194098970212507993e+04 5.788465787773020566e+04 6.010014319588663056e+04 4.675297609355766326e+02 -6.719916332978755236e+04 -1.206119988758291584e+05 -2.308271473468630575e+05 -3.470003595504387049e+05 -4.566560918520555133e+05 -6.964358240512954071e+05 -1.011350724115909194e+06 -1.281500798613414634e+06 -1.611070251080961432e+06 -2.047517466689751251e+06 -2.547389690870773047e+06 -2.996124445057646837e+06 -3.253482786889944226e+06 -3.108193900429759175e+06 -2.585347896868914366e+06 -1.736348154419105500e+06 -1.660714161723479629e+05 2.349230092571966350e+06 5.240168411805491894e+06 6.551754224719636142e+06 5.293910294068363495e+06 3.168873431832037866e+06 1.711948862810529070e+06 1.113661921892780578e+06 9.693316318336289842e+05 8.233551586931585334e+05 6.474118841977906413e+05 5.194176314218188636e+05 3.999913833693424240e+05 2.412790710620190948e+05 1.624523117320491001e+05 1.852734801683984697e+05 5.777629715361492708e+04 -5.573846987780402415e+05 -2.419352430918532424e+06 -4.818407130405800417e+06 -6.848939908107466064e+06
2.829039164606365375e+05 2.144390371764893644e+05 2.285450002491415944e+05 2.819460968054772820e+05 2.164481203517061658e+05 1.596534645170320291e+05 1.790098487884097267e+05 1.944132715393791441e+05 2.000400599226122722e+05 2.011813399977106601e+05 2.213051794422792736e+05 1.818887148288195021e+05 1.382297844630375039e+05 1.922405316182994284e+05 1.626265032740775496e+05 9.939377319518849254e+04 9.863080458890181035e+04 4.511625039056525566e+04 3.582866036187624559e+04 6.059772214211989194e+04 7.152530899198586121e+04 8.670102955467905849e+04 4.261818117884080857e+04 -2.257190802767572459e+05 -1.443379217583427671e+06 -2.996205500734500587e+06 -2.404430317649524659e+06 -1.771080010247536702e+05 9.669655147388398182e+05 9.840239283611292485e+05 8.525818230402364861e+05 6.958091183198853396e+05 4.963322163376167882e+05 2.800869016398795648e+05 1.741805295503581874e+05 2.103988981703876052e+05 1.903583110467294464e+05 -1.678236724172895774e+05 -8.476417123574336292e+05 -1.727015370900621638e+06 -3.087738210804249626e+06 -5.125490939654408954e+06 -6.928770275118421763e+06 -6.990607497744792141e+06 -5.119972644067768008e+06 -2.310408221084501594e+06 1.466032970015389845e+06 5.161891703156540170e+06 8.021073578465320170e+06
2.788223191352151334e+05 3.206247096903098281e+05 3.354664529004367068e+05 3.354774724115850404e+05 3.547990902395395096e+05 3.557082203167371918e+05 3.187516577589849476e+05 3.299748019626718014e+05 3.599863340101726353e+05 3.281976819444387220e+05 3.421904886566339992e+05 3.538900503721381538e+05 3.067812881116694771e+05 2.754941703156512231e+05 2.447525540692731738e+05 2.044616041597328149e+05 -2.080095711945607327e+05 -4.703121799702201970e+06 -9.647396410209909081e+06 -6.650856655422392301e+06 -1.607922940651042387e+06 9.929275961622036994e+04 1.124953998159764335e+06 2.220354739907486364e+06 3.955677222754023504e+06 5.723137617638126947e+06 4.800726564105271362e+06 1.824329934403216233e+06 1.467119006205769256e+05 -7.775223900709534064e+04 2.383715885458420962e+04 1.302832548708831891e+05 7.510880144575005397e+04 9.323751291245501488e+04 1.962219103609095328e+05 3.477518189065442421e+05 5.185994781604674645e+05 3.777161841381173581e+05 1.538208261538241059e+05 1.953071517171338201e+04 -1.896383508248273982e+06 -6.738121521533306688e+06 -6.659517239064425230e+06 5.568800312110767700e+05 3.909662116785052232e+06 2.374663813869840931e+06 1.222301071105465526e+06 7.460148111535814824e+05 5.587399377141119912e+05
1.570897647331003682e+05 8.143439861538354307e+04 2.953044872090691933e+04 4.745165605054353364e+04 6.717270834196824580e+04 1.252289250609470764e+04 -3.294760099379339954e+04 -9.264629383265879005e+04 -1.614018045022385777e+05 -2.065602654565008415e+05 -3.756855038479266223e+05 -6.029195711536160670e+05 -8.328830132602885133e+05 -1.161584024333860260e+06 -1.577398147767670918e+06 -2.006014585113154491e+06 -1.964885273646943271e+06 2.398498723576775752e+06 7.565726903584870510e+06 5.177589916717113927e+06 9.614072136362674646e+05 1.190468313734163530e+05 4.402147009168425575e+04 -3.067101931475894526e+04 -1.108300058312304318e+05 -2.238144535971512087e+05 -5.128656367708761245e+05 -8.739593912678551860e+05 -1.179324736987181939e+06 -1.344646426746038953e+06 -1.427054999528917950e+06 -1.631885836486039450e+06 -1.815866946655885316e+06 -1.948472715338574257e+06 -2.165778532408294268e+06 -2.349403236729556695e+06 -2.609234963198687881e+06 -3.063281306109862402e+06 -3.218616681950077415e+06 -2.452539732384895906e+06 9.942923597914613783e+05 8.261059128667378798e+06 1.075112914071517251e+07 4.456299094537214376e+06 -2.080909817013703287e+04 -2.450541995700034313e+05 -2.914379294685213827e+05 -2.529740384976323694e+05 -1.806854199782470241e+05
-1.966030628886085469e+04 6.825565908977296203e+04 1.480168624660288915e+05 1.582817548816092312e+05 1.555019605826237239e+05 1.683177062553295400e+05 9.485238111214130186e+04 8.679027144753502216e+04 1.267883729103779770e+05 4.793093603104352951e+04 -5.823560432763770223e+03 -5.841253473612584639e+04 -1.708394456899258657e+05 -3.208256279367195093e+05 -4.979811044945379253e+05 -5.420712073796314653e+05 -3.169886252345175017e+05 1.461804835102520883e+05 6.028054650407283334e+05 8.594714973038932076e+05 8.413052192304155324e+05 6.954560162882257719e+05 5.718259557613065699e+05 4.146060070558453444e+05 2.825927139786650660e+05 2.105192862545665121e+05 5.445860290579672437e+04 -1.113790476707802154e+05 -4.695053378178318962e+04 1.544695702572066803e+05 3.785407492842925712e+05 4.806480654483318795e+05 3.619695087193413638e+05 1.697689365581031889e+05 9.145059907896211371e+03 -2.313609952805587091e+04 -7.723723558199731633e+04 -2.909847278414242901e+05 -4.645757665642302018e+05 -5.289303606520100730e+05 -4.906853624968791846e+05 -3.282249440807222854e+05 -2.166516280747594428e+05 -2.394976110754949041e+05 -2.799638161838814849e+05 -3.432937084334834944e+05 -4.514995960953832255e+05 -5.191173512028746773e+05 -5.446108312962939963e+05
-6.592774462479574140e+02 7.633815709399644402e+04 8.257907410428741423e+04 -1.539767192388536350e+05 -8.032401694959844463e+05 -1.875754155576868681e+06 -2.539669616877944209e+06 -2.138344346729719080e+06 -1.451965131418838631e+06 -9.990074798400746658e+05 -6.331717225542524830e+05 -2.967291583004416898e+05 9.533682788038253784e+04 6.274733477842528373e+05 1.308091421768476721e+06 1.884144754652371630e+06 2.139795907251247205e+06 1.992615264891646104e+06 1.543876255469658179e+06 1.083645320212089689e+06 7.260533837536051869e+05 5.451484408305257093e+05 4.795912263324143132e+05 4.093759143607165897e+05 3.960693624058329733e+05 4.152067627427456900e+05 2.651790777478883974e+05 4.878539566867402755e+04 2.615878017226327211e+04 1.044360216832139995e+05 2.310242160479533486e+05 2.958721313881690148e+05 2.652608626741871703e+05 2.844664128603467252e+05 2.755799232011483982e+05 3.197722588251051493e+05 3.892303012679619715e+05 2.293383000986073166e+05 -2.478618979497672990e+04 -1.775853282026941888e+05 -1.935823442076798528e+05 -1.627215954738496803e+05 -2.619630968189444393e+05 -4.136795795409134589e+05 -5.773901250479682349e+05 -7.692152444722866639e+05 -8.692763059427688131e+05 -9.104869359500270803e+05 -9.638478563025813783e+05
-9.797209981892954092e+05 -8.478578094841215061e+05 -6.982324807769327890e+05 -4.919269564395654015e+05 1.079203744593542069e+05 1.177088438325153431e+06 1.823964052087102784e+06 1.485961147588532185e+06 8.050127642942253733e+05 4.224686349091641605e+05 3.106603734580859309e+05 2.887839401984821307e+05 2.654348986009425716e+05 2.405967508784669917e+05 2.210859494975011330e+05 1.850251762416155543e+05 1.801536296328415629e+05 2.748780936199179851e+05 3.372971086928737350e+05 2.596540103883307893e+05 2.030392615824532695e+05 2.105035492972822394e+05 2.006552874384219758e+05 1.794170051946998574e+05 1.887123921311288141e+05 2.106662399147171527e+05 1.031960553486710414e+05 -1.665500229370081797e+04 7.281422127561643720e+03 5.996026003645965829e+04 1.388132265006420203e+05 1.327552356888181530e+05 -1.556716806614706293e+05 -2.528079785174330231e+06 -8.707003681930813938e+06 -1.081072916345060058e+07 -4.064217539134529419e+06 1.859891187604520470e+06 3.243759129980170168e+06 3.541075033214864321e+06 3.382013671257595997e+06 2.922372689459451474e+06 2.312714887314644642e+06 1.641523083635110874e+06 1.004241870895061409e+06 5.339670595146876294e+05 1.829843791711016092e+05 -1.092411061540746014e+05 -3.500506431834918913e+05
1.871661087202663766e+05 1.279367465431278106e+05 1.134167592844459869e+05 1.613884171041718218e+05 1.733436201553558931e+05 1.867144768009893014e+05 2.157558131926634233e+05 1.682985509380523581e+05 1.880290038387465465e+05 2.452898786259173939e+05 1.979255371096951421e+05 1.791558872870519408e+05 1.873270645938464440e+05 1.708859747396489838e+05 1.910592133014869178e+05 1.919741847853584914e+05 1.616986049094703048e+05 2.525784066745835589e+05 3.418944328873476479e+05 1.813030959642492235e+05 5.650605925184232183e+04 5.138362356519792229e+04 -1.825404254908789881e+04 -4.420694154410762712e+04 -6.769817043415992521e+04 -1.293555594237111509e+05 -2.259474371753460728e+05 -4.406959209719214123e+05 -7.154046777762407437e+05 -1.182015467811143957e+06 -2.417278246927594300e+06 -4.675450138057223521e+06 -6.383498500727461651e+06 -3.288402147202300839e+06 5.868901786425144412e+06 1.068548993717369810e+07 5.664233121274426579e+06 8.015201331142466515e+05 -8.913213269814103842e+04 -3.188569170575640164e+05 -4.776810987778315321e+05 -5.949245327660180628e+05 -8.132024291317772586e+05 -1.174107965848237742e+06 -1.413566610105919419e+06 -1.505510834250303917e+06 -1.561074186866174452e+06 -1.626877461458638776e+06 -1.703577618323147297e+06
5.515318026489694603e+04 3.776352576838701498e+04 -2.498238049127394333e+04 -1.059715174960730365e+05 -1.191551611087925266e+05 -6.619286699511576444e+04 -3.161811088706599548e+04 -8.226015214997471776e+04 -1.323998974426650675e+05 -1.974399149224335561e+05 -2.662035376029963954e+05 -2.807455195946388412e+05 -2.705441573041024385e+05 -2.193115739690255723e+05 -1.586476892433710746e+05 -3.334317447137419367e+04 8.594445279828504135e+04 1.967888286070955510e+05 3.064809768530539004e+05 2.460781966449575266e+05 1.799053302874378860e+05 1.639275526962589938e+05 1.230424109850721434e+05 1.216154942422871245e+05 9.468803842028114013e+04 3.929864867895969655e+04 -1.784132955258254660e+05 -2.024008297321419464e+06 -6.514459194838112220e+06 -8.269314590370915830e+06 -3.454775932730423287e+06 2.497945965991846286e+06 5.605764056104688905e+06 5.563777282094381750e+06 3.458809538934285752e+06 1.625568133828057908e+06 6.670532522376726847e+05 2.427996559363969136e+05 8.511894160255923634e+04 6.448717067949462216e+04 1.887936136066867039e+05 4.408259076195821399e+05 5.402048491274748230e+05 3.856062023749105865e+05 2.105170004531112500e+05 5.140169600417697802e+04 -1.332473126568961889e+05 -2.707141851494074799e+05 -3.553758122946531512e+05
1.850157883088104427e+05 1.056602660159114748e+05 3.904375476107816212e+04 7.300425311696028803e+04 1.508262195832503494e+05 1.519975628964311909e+05 1.900097568827912910e+05 2.555933496724173892e+05 2.920418209009224083e+05 3.434392385910904268e+05 3.635176886804403039e+05 4.072673706074421061e+05 4.457058736824545776e+05 4.103772523305086070e+05 3.846766898859640351e+05 3.660625463329780614e+05 3.128145085777215427e+05 3.118610187649027212e+05 3.679669654073950369e+05 3.066001105563191231e+05 1.512109262149899732e+05 4.773012933932477608e+04 3.484126869298052043e+04 3.164376000509946607e+04 3.137977757360227406e+04 3.425488109656726010e+04 -4.629749013185810298e+06 -8.535056620635019615e+06 -2.544262297828714363e+05 7.267950946457128040e+06 4.485796855140662752e+06 1.098553823723046575e+06 3.778974894178118557e+05 2.308247679803755600e+05 1.992116122248992324e+05 1.398814368812602479e+05 -6.555619476755987853e+04 -1.866244750082846731e+05 -1.677795345650522504e+05 -1.946542423129717354e+05 -1.771435965140699409e+05 -5.530511674442165531e+04 -1.024641652495481540e+05 -3.865697153488895856e+05 -6.227000098177819746e+05 -6.806898511589661939e+05 -7.094346114144733874e+05 -8.004329888040926307e+05 -9.075156574194100685e+05
-2.444945260407984024e+05 -2.812263849072043085e+05 -3.064112127762926975e+05 -3.099560020481294487e+05 -3.146003905468387529e+05 -2.829372318430977757e+05 -2.467824741439835052e+05 -2.714634583331646281e+05 -3.052871177077760804e+05 -3.191959435476745712e+05 -3.509951074708080851e+05 -3.916095509176377673e+05 -4.128974720116819954e+05 -4.690904257359213661e+05 -5.114463651448020246e+05 -5.774592906513139606e+05 -7.102853817114375997e+05 -7.325490228654234670e+05 -7.555286872613937594e+05 -9.912036589201302268e+05 -1.272026439827457536e+06 -1.474769333578297868e+06 -1.644335311536418274e+06 -1.725146413538749330e+06 -1.720677135511795990e+06 -1.653269179973866791e+06 3.330552576732172165e+06 9.281897836860897020e+06 5.871398836275056005e+06 7.520383322640522383e+05 4.586980989552335814e+03 -2.547030427274876274e+04 -5.686764608253492042e+03 -4.203832490486092865e+04 -2.139796099640056491e+04 -7.156795941191329621e+04 -2.719858263563949149e+05 -3.272230542275069747e+05 -2.549681040295399725e+05 -2.136703417848905083e+05 -1.345762791762533598e+05 -9.781908144796732813e+03 2.820692420631530695e+04 -1.695521166126145981e+05 -3.388127072238427354e+05 -3.485198971677153604e+05 -3.541017907217617030e+05 -2.845446326315872138e+05 -1.507386817573513836e+05
3.209047483660105499e+05 2.351210623233055230e+05 1.395496459516289760e+05 9.184899629195570014e+04 1.124302401668683160e+05 1.352019354650110472e+05 1.395726564960204996e+05 1.397778672174901003e+05 1.046060651438893983e+05 6.642295717931119725e+04 8.637809637439204380e+04 7.138474561143096071e+04 4.736583107311162166e+04 6.491787329767248593e+04 5.480871377818391193e+04 6.976547690734162461e+04 1.124542408157142345e+05 1.694511344378406648e+05 2.024639017792651430e+05 8.396902011081692763e+04 -6.298548783728596754e+04 -1.351587949215900153e+05 -2.040513992508933879e+05 -2.897276432799114846e+05 -3.807447120810683118e+05 -4.494871361169496085e+05 -2.394025164309993852e+05 1.318517029375655693e+05 2.368978123800479225e+05 2.150550617685075849e+05 1.505127615691163810e+05 7.338629267571377568e+04 3.098857266173616517e+04 -7.531440402672160417e+03 -4.745117254060343839e+03 -1.446418605220963946e+05 -4.289223322454203735e+05 -5.222443697770368308e+05 -3.802157741671547992e+05 -3.305794159791540005e+05 -3.536176724346300471e+05 -2.544411889673222322e+05 -2.177793438042857451e+05 -2.875803115770402947e+05 -2.363470866899308749e+05 -5.500282112901902292e+04 1.336151362846441334e+05 2.527994762538570212e+05 3.180802631613856647e+05
-1.047675205541599425e+05 -9.177284422665252350e+04 -8.256558129971381277e+04 -7.572270161123012076e+04 -6.671478026924887672e+04 -6.876397572239508736e+04 -6.283056736836442724e+04 -7.251083973606012296e+04 -1.346517714658693294e+05 -1.807599209650651319e+05 -2.009191234687752440e+05 -2.100188703901950503e+05 -2.051910840939671034e+05 -2.063418914692009566e+05 -2.039001207600812195e+05 -1.987301732420749031e+05 -1.459492494216829073e+05 -3.751152767625171691e+04 5.737714314091135748e+04 1.303291293667280115e+05 1.562407378107307013e+05 2.147718840299060103e+05 3.426081114087726455e+05 4.544975727713605156e+05 6.060870066248755902e+05 6.827022481172751868e+05 7.310729906988855219e+05 8.425757222711415961e+05 7.531290398575949948e+05 4.626753244487910997e+05 1.545942325610674452e+05 -1.961615258507686667e+04 -6.168482781067700125e+04 -1.220840231550391763e+05 -1.651278090139382984e+05 -3.208800667480677366e+05 -5.898705557492214721e+05 -6.087224296806391794e+05 -5.161686034538432723e+05 -4.873980923040640773e+05 -4.421398793197300984e+05 -3.730544044087593793e+05 -2.979306050369624281e+05 -3.126528602738116751e+05 -2.561786616445182008e+05 -3.262810265558061656e+04 2.021396072611982236e+05 3.559462066147517180e+05 4.522084044954603305e+05
2.076533922922679631e+05 2.320159503057948605e+05 2.794576440355739323e+05 3.012382459170475486e+05 2.656626688894175459e+05 2.646667117193282465e+05 2.576540735947491194e+05 1.936920634213311714e+05 1.663095510272250976e+05 1.690826227924844716e+05 1.452366731854272075e+05 9.433853065536834765e+04 5.473252850148116704e+04 5.700724146983702667e+04 4.831869831628864631e+04 3.650183264106744900e+02 -3.820373240087076556e+04 -5.209927065036026761e+04 -6.322302276603283826e+04 -9.801617284916562494e+04 -1.230906393264009384e+05 -1.280301571062591393e+05 -1.722088412199812592e+05 -2.067266513952926616e+05 -2.410367434049840958e+05 -2.549729567494068760e+05 -6.693674101828871062e+04 1.373273799518940505e+05 1.135541821860536002e+05 8.483340596285270294e+03 -1.170034910664249910e+05 -2.056482348364083737e+05 -1.957845504798760230e+05 -1.871665585882145679e+05 -1.854937752330441726e+05 -2.141240683676730841e+05 -3.362059938200403121e+05 -3.990444655295875273e+05 -3.562704548245527549e+05 -3.196259484495377401e+05 -2.728016888439016184e+05 -2.219044270760794170e+05 -1.258094558595619164e+05 9.813392796946712770e+04 3.505885765190755483e+05 5.353009220870429417e+05 8.096936159988432191e+05 1.158868580526753794e+06 1.465552245478732977e+06
-2.681940879226021352e+05 -1.729763611276575830e+05 -8.922643643323682772e+04 -5.978609407422482036e+04 -5.359496239136205986e+04 -7.018839275668136543e+04 -1.252282758966611873e+05 -1.326327295554801822e+05 -1.161215346466633491e+05 -1.238730981048137764e+05 -1.265637284643891035e+05 -1.321323345696146134e+05 -1.462215788719186094e+05 -1.539980151253984077e+05 -1.586091525742084486e+05 -1.416444021169446642e+05 -1.213088749691087287e+05 -1.769147621458977228e+05 -2.196881415836104425e+05 -1.064491030534554739e+05 3.265234653299511410e+04 8.282961168821202591e+04 1.160641181458779611e+05 1.260727526927075814e+05 1.068657902271660278e+05 1.018828520206442336e+05 2.076105627707149833e+05 3.715048682219646871e+05 3.435332409080004436e+05 2.045911940014044521e+05 1.131979185169622651e+05 4.251958455395634519e+04 -3.392870579409645870e+03 -1.585418472677760292e+03 3.074905471832613694e+04 1.763742601178836776e+04 -3.921474383285403019e+04 -7.505708723590953741e+04 -9.434654894386749947e+04 -8.876557857234706171e+04 -5.200037409056670731e+04 -1.123279016581387259e+04 1.677458263130388223e+05 5.842263757414217107e+05 9.757838531963357236e+05 1.171253277802021708e+06 1.445693336099652573e+06 1.823861718258987647e+06 2.156367409851190634e+06
-1.465101414119998226e+05 -1.120600059257412795e+05 -6.483577187827916350e+04 -7.038121118530281819e+03 4.587162219700985588e+04 7.201352610674803145e+04 1.106888452144630719e+05 1.941758535138798179e+05 2.718290073220850900e+05 3.007846661479561008e+05 3.095922423296726774e+05 3.673653944839316537e+05 3.909489767554621794e+05 3.514345673222850310e+05 3.302846014905661577e+05 2.926249303587247850e+05 2.123300416326676495e+05 8.068308399451780133e+04 -4.211954912534565665e+04 -3.753870090047712438e+04 -4.741217916307505220e+02 -2.259067970633623190e+04 -5.371367289495537989e+04 -9.614008309610636206e+04 -1.542549111123663024e+05 -2.024909595875941450e+05 -2.474029976554447785e+05 -3.168629783637885703e+05 -3.802749984544059262e+05 -4.017790320584025467e+05 -3.802188724881852395e+05 -3.099415553321887855e+05 -2.136501955782307778e+05 -1.180930910937605659e+05 -7.162111202342086472e+03 2.495926995410983218e+05 6.013091539796737488e+05 6.860876129120892147e+05 6.192367033245679922e+05 7.312262631073807133e+05 8.666061710559024941e+05 8.597329153756456217e+05 7.835866371278804727e+05 4.046129706180337816e+05 -8.768586306685688905e+05 -2.891612312273056246e+06 -4.396431396843411028e+06 -4.787534965297514573e+06 -4.706833983396697789e+06
2.095532543097216403e+05 1.212770598642235855e+05 2.525672520088858437e+04 -4.467923869291564915e+04 -8.922011465867399238e+04 -1.077675298691610806e+05 -1.113623372280562762e+05 -1.569182717311198357e+05 -2.043987526389538543e+05 -2.087689299286284368e+05 -2.036445726884995238e+05 -2.256376932525018346e+05 -2.247851723864731612e+05 -1.945415630716887827e+05 -1.759514501852390240e+05 -1.528387505635328707e+05 -1.124964498638293007e+05 -3.276094366621691006e+04 3.587922467311727087e+04 8.308899182156892493e+03 -3.469279831857415411e+04 -2.801031523369597562e+04 -1.098754727572669799e+04 1.669595593601107248e+04 5.581909366243059048e+04 8.319363845410400245e+04 6.898819909416476730e+04 5.118072584838964394e+04 8.182318745792130358e+04 1.215201344351226144e+05 1.432622015384548868e+05 1.356995258988173155e+05 1.004161121739894734e+05 6.216217924404190853e+04 1.291381763279775623e+04 -8.626038481452240376e+04 -2.081112448431669036e+05 -2.329896750827906362e+05 -2.226624349137999234e+05 -3.166696556311208406e+05 -4.517447946588812629e+05 -5.465282806981129106e+05 -6.393693746054468211e+05 -5.243739812052802881e+05 3.846062194762576837e+05 2.005610529328108765e+06 2.939786606849962845e+06 2.675416509579516482e+06 2.045735579584674910e+06
