-1.656055496692399029e+05 -1.430079513706687139e+05 -1.032716890739083756e+05 -4.565614335128874518e+04 2.510521225964569021e+04 8.237925821807945613e+04 9.253983283228072105e+04 7.791340089076122968e+04 5.995672146230394719e+04 6.115519943277374841e+04 3.409776580199366435e+04 -1.084287472812319174e+05 -2.887644367601386039e+05 -3.081444504785757163e+05 -1.291300778782487614e+05 7.692664656602137256e+04 1.998933796626216499e+05 2.663786637293172535e+05 2.876696296956651495e+05 2.836730373911017668e+05 2.889827848741238122e+05 2.875092532176062232e+05 3.025651014354462968e+05 3.234709770526750362e+05 2.894315370988372015e+05 2.540785646600919426e+05 2.774878655953853158e+05 3.170361125913000433e+05 3.470632415164798731e+05 3.021890206063924124e+05 2.045343387917955406e+05 1.608936841160359327e+05 6.736581545591517352e+04 -6.129870557450433262e+04 -1.703824177214438096e+05 -3.211794786988543347e+05 -4.177950889755717944e+05 -4.664811683463548543e+05 -5.478303724868460558e+05 -6.486046121327881701e+05 -8.104770465125762857e+05 -1.058238310944485012e+06 -1.247069939742765389e+06 -1.270245039258195087e+06 -1.159836996086108498e+06 -8.939524098721654154e+05 -4.851556955918902531e+04 1.183018731369666755e+06 2.316658533058320172e+06
5.045334331998855341e+05 4.373034694628040306e+05 3.675557487961030565e+05 2.805075440765905660e+05 1.937345424829889089e+05 1.697574193635866977e+05 1.348422938343263231e+05 5.462825112578691915e+04 -1.110900427373964339e+04 -1.835516049563735723e+05 -5.123953902594447136e+05 -1.174090699274101760e+06 -2.142823310913135298e+06 -2.363912471607508138e+06 -1.456534096280919854e+06 -5.447869621919558849e+05 -1.826041923120466527e+05 -6.246174987455550581e+04 -9.468403530190698802e+03 -3.322375357388402335e+04 -7.418746848212345503e+04 -6.386727632268983871e+04 -1.083742423801871482e+05 -1.920406640388132073e+05 -2.215910834758321289e+05 -2.248160959612594452e+05 -2.401969140132497996e+05 -2.452802537795198150e+05 -2.415681547129042447e+05 -1.280947107507470064e+05 6.584714686662610620e+04 1.535427743565472774e+05 2.940480513072730973e+05 4.673551353045420256e+05 5.609508894731423352e+05 6.613575919169031549e+05 6.953091292753100861e+05 6.807561062295429874e+05 6.977907243838306749e+05 7.323760979731221450e+05 8.172007879354188917e+05 1.002230102637291304e+06 1.214902487161313184e+06 1.382849552677992964e+06 1.474229688241014490e+06 1.402737677719288040e+06 9.500920643392675556e+05 2.627128380199931562e+05 -3.792016404037456959e+05
1.329955453170416877e+04 6.656729569177515805e+04 1.547122032733932137e+05 2.836431623341743834e+05 3.209676312300325371e+05 3.193894841293059289e+05 3.930338334870794788e+05 4.606308551780423149e+05 5.289067891078866087e+05 6.010777708699149080e+05 7.975908327929310035e+05 1.397030686472780770e+06 2.164162569884910248e+06 2.196242663051261101e+06 1.298299049743963638e+06 3.938944122784046922e+05 -2.690434232875285670e+04 -2.034449594319993630e+05 -2.697676680959647056e+05 -2.241481970145285595e+05 -1.880572219413074199e+05 -1.667619359310809523e+05 -1.062881228571133688e+05 -1.604949148284527473e+04 1.260443561673858203e+05 2.502582211435397621e+05 3.163862505671202671e+05 3.281089956189324148e+05 3.438326813995351549e+05 3.536446401363445912e+05 3.227607053905830253e+05 3.325983342887598556e+05 3.263037347501376644e+05 2.855414734060647897e+05 2.520883266222705133e+05 2.379904960263408720e+05 2.103797908041812479e+05 1.434794022561986931e+05 1.013445623095137998e+05 -1.026963456619344652e+04 -1.465480192779260688e+05 -2.395371019421508536e+05 -4.529739198368396610e+05 -7.261185636928372551e+05 -9.890421877833434846e+05 -1.196241314380182885e+06 -1.654415088226530002e+06 -2.481800279865096323e+06 -3.346427900791279972e+06
3.057803677535776515e+05 4.196841793749991339e+05 4.310200700568383327e+05 3.510850951008612756e+05 2.836874465749862138e+05 1.739632320805867203e+05 1.608225782754197717e+05 2.069534064699839801e+05 1.592232756997330580e+05 1.482914184491890483e+05 1.116661735574416816e+05 2.514104348811088130e+04 1.882736306983116083e+04 1.300026674834964797e+04 -5.524460458223987371e+04 -8.402709792328090407e+04 -1.438640715764267370e+05 -2.459189897876237519e+05 -2.433502238484651316e+05 -2.281107150611022953e+05 -2.680440832304512151e+05 -3.250652532828280237e+05 -3.593618233548301505e+05 -3.327677618846792029e+05 -3.380131352861099876e+05 -3.764586516886991449e+05 -3.871877483862589579e+05 -3.908097654290038627e+05 -4.113040028219800442e+05 -4.391364225998767070e+05 -4.152956284725769074e+05 -4.011226149059446761e+05 -4.313658089282414876e+05 -3.915584952944845427e+05 -3.173908917664990295e+05 -3.012774807227468118e+05 -2.332014363425329793e+05 -1.392316953192497604e+05 -1.753806430732579902e+05 -1.651430926307144109e+05 -3.585267596672521904e+04 4.748860301406239159e+04 5.903846310911816545e+04 4.152592896105488762e+04 1.053756824467920233e+05 2.288075181599373464e+05 -1.430101863060225733e+05 -9.777219536893325858e+05 -1.804556142319159582e+06
3.322373829679233022e+05 3.714063504304978997e+05 3.876159163018201943e+05 2.765588230864889920e+05 8.965054548049019650e+04 -7.589713557010330260e+04 -1.620696943474467844e+05 -1.654919584564235993e+05 -2.629009054472406860e+05 -4.185023124899088871e+05 -6.152804377805483527e+05 -8.796290960735679837e+05 -1.036658863366482779e+06 -1.113868627553419676e+06 -1.107781647804622073e+06 -9.136508477747705765e+05 -6.134089062540631276e+05 -2.987723838414966594e+05 -8.159894769425573759e+04 9.759125417289393954e+04 2.122623548514270224e+05 2.388403406398720108e+05 2.587441595559179550e+05 2.082252612099911785e+05 1.938180623673360096e+05 1.843654461868755752e+05 8.726216366660047788e+04 1.767571440401300788e+04 -1.473244700491684489e+04 -4.808156489460100420e+04 -8.102824156640039291e+04 -1.255839150531577179e+05 -1.376199826660384424e+05 -1.347430268458264181e+05 -9.508257232946541626e+04 2.373968194114975631e+03 5.090977810208639130e+04 1.032640710099441931e+05 2.505030528486527037e+05 4.210896809166831663e+05 5.918822948755789548e+05 8.182724998096093768e+05 1.051777367202591384e+06 1.222449722924068803e+06 1.288216741493909387e+06 1.152367262824424310e+06 6.559856082019517198e+05 1.597885438059596345e+04 -5.365306559793651104e+05
3.985662011966813589e+05 2.164533627032324439e+05 9.733308936636615545e+04 4.729951804021769203e+04 -1.244700071330962237e+04 -9.637101249069010373e+04 -2.071507928989557549e+05 -2.322939166243850486e+05 -1.790277367362616351e+05 -1.919738068821969791e+05 -1.933613284145212383e+05 -2.185119761525164358e+04 2.577818113831198425e+05 4.540302905977294431e+05 4.658993792363979155e+05 3.352428747369595803e+05 2.189395351573149674e+05 1.224411141436938196e+05 -7.881534263706300408e+03 -8.880380365635571070e+04 -7.937437971871951595e+04 -1.225572897280838806e+05 -1.655816744569349103e+05 -1.651750276695564389e+05 -2.051065634023323655e+05 -2.086945369025307009e+05 -2.026545616632574238e+05 -2.161941170379035175e+05 -2.282576684884770075e+05 -2.097336124817773234e+05 -1.968155076828769525e+05 -2.398239391624163254e+05 -2.623622925421306281e+05 -2.318878172303630272e+05 -2.241895352703613753e+05 -2.279187303528669290e+05 -1.704725472537208698e+05 -1.072367384347855696e+05 -4.354693189343396807e+04 1.043923106171860127e+04 -4.351457156117423438e+03 7.910632491220545489e+03 5.100583417050063144e+04 1.630922279902704759e+04 -3.108390137187601067e+04 -4.641031166522216517e+04 -1.956446521689475048e+03 1.342316474203090183e+05 2.991257774586086161e+05
3.037950282512628473e+04 -2.187801202196350787e+05 -6.438067264902560273e+05 -1.491086636967374943e+06 -2.686393649285418913e+06 -3.418369924052639864e+06 -2.810325667598770931e+06 -1.352703212765700184e+06 -1.321201574293812737e+05 6.481383460862888023e+05 1.121362712712670676e+06 1.324448447281975299e+06 1.493091584408484399e+06 1.584803672975794412e+06 1.399096395447867690e+06 1.113478479308469454e+06 8.817093972436676268e+05 6.967830702391981613e+05 5.412476244633396855e+05 3.552035161182537558e+05 2.346624164901546901e+05 1.755162446681785805e+05 9.621740252707258333e+04 3.597503012315437081e+04 -1.730278137089053052e+04 -5.519643809224359575e+04 -7.465619497455918463e+04 -9.318030820157234848e+04 -8.748253138053773728e+04 -9.652011072275860352e+04 -1.622461489870690857e+05 -1.626998189844197477e+05 -1.427643917942628032e+05 -2.220235553320341278e+05 -2.506117805987558386e+05 -1.875722112679978018e+05 -1.628203209426100948e+05 -1.572340508479649434e+05 -1.242849109565395629e+05 -7.455300345935008954e+04 -4.671571376142324880e+04 -1.007454809398403158e+05 -1.201420340992623242e+05 -1.319904738830159185e+05 -2.091508323001292301e+05 -1.715509753109103767e+05 1.936486122998425271e+05 7.500577550077768974e+05 1.278286610940341605e+06
-8.609172666065944359e+05 -3.977778639985993505e+05 2.726418567256759852e+05 1.341533661341454834e+06 2.653287697400519624e+06 3.461300468984444626e+06 3.073238843604084570e+06 1.986820455819579074e+06 1.049129716817916604e+06 4.815209592343306285e+05 1.997374510500958422e+05 6.151454705581290182e+04 2.051834673402481712e+04 5.757296856067120098e+04 2.391424613342678640e+04 -6.341624896413134411e+04 -4.720220426690520253e+04 1.962281221673032269e+04 1.434757929062470794e+04 -2.058037455535610206e+03 3.757196843325858936e+03 3.164880619246116839e+04 7.561822578940354288e+04 7.782350038400175981e+04 5.813010222900623921e+04 3.565932653611525893e+04 2.681900824693008326e+04 7.727636227020423394e+04 8.628142949961335398e+04 1.868007773766294122e+04 3.949899938816041686e+04 5.711701290540047921e+04 -2.535317192534403875e+04 -6.351140176273486577e+04 -7.249287819053279236e+04 -1.247756304652647814e+05 -1.356880168069254141e+05 -9.061394265590945724e+04 -1.101951571002062410e+05 -1.135590064856656827e+05 -1.249155169786543120e+05 -2.293715221330421045e+05 -2.959371838505822816e+05 -3.595683264876435278e+05 -4.343673671275615925e+05 -4.774149086195743876e+05 -1.395237566320737096e+04 9.818826500728640240e+05 2.001172050295331748e+06
-9.511544820702322759e+05 -1.102576226165292785e+06 -1.331113642674608156e+06 -1.434212144480043091e+06 -1.248088540468743304e+06 -1.087365982205774169e+06 -9.738414261365319835e+05 -7.397705490321095567e+05 -5.079420485873202560e+05 -4.090519200628839899e+05 -3.514408443071441725e+05 -2.265066790881976485e+05 -1.541414841575531755e+05 -1.317107447076702956e+05 -4.160973747239029035e+04 4.024402597438893281e+04 5.609533801223756745e+04 6.767322512252582237e+04 1.577675740343329962e+05 2.071064157051295042e+05 2.062445015107002109e+05 2.915883756758193485e+05 3.151995992316374322e+05 2.853343257571759168e+05 3.152593018972764257e+05 3.412167878974649939e+05 3.527328732456953148e+05 3.656962838294573012e+05 3.846297831092304550e+05 3.612103417982868268e+05 3.123308856123184087e+05 3.158648888245812850e+05 2.930595565784838400e+05 2.323050641129155410e+05 1.870992591323737288e+05 1.151909661307946080e+05 2.831336697112408001e+04 -3.163097456963453442e+04 -7.258961365925648715e+04 -2.050652153267213143e+05 -4.025795942847995320e+05 -5.476543133334420854e+05 -7.124008715324797668e+05 -8.461166579341096804e+05 -9.085117227885726606e+05 -9.814016540569692152e+05 -5.343059391179813538e+05 4.308887463659537025e+05 1.387201210204063449e+06
1.035713386780808680e+06 1.079780467321871081e+06 1.106710916197916493e+06 1.029742572885879315e+06 7.860275340023878962e+05 4.376852376490202732e+05 1.233928515919614583e+05 -7.693758650493714958e+04 -3.302668904956225306e+05 -8.472774967975411564e+05 -1.839823948827254120e+06 -3.088082026483681053e+06 -3.280693590115259867e+06 -2.094878281652599107e+06 -9.449824006744163344e+05 -4.816482630840255879e+05 -3.839547266470617615e+05 -3.374811894693262875e+05 -2.725313446888322942e+05 -2.130792884437688626e+05 -1.449858966921241954e+05 -1.369029843134921975e+05 -6.208418275786237791e+04 7.124789811245119199e+04 5.754843403447000310e+04 3.518263487152568996e+04 1.379653935287934728e+05 1.852935126679223031e+05 1.740504228780628182e+05 2.110451811430901289e+05 2.449251200190337840e+05 2.189325932453360874e+05 2.132913062774972059e+05 2.799408882113492582e+05 2.608170639362647198e+05 2.029033130536484532e+05 2.400905038614291698e+05 2.458491736904401332e+05 2.149646646756811533e+05 2.370569896116279997e+05 2.553436593371958006e+05 2.485615416766089620e+05 2.029152505649829982e+05 1.701835732410476776e+05 1.852982292022354668e+05 1.664669643585144076e+05 4.897068545800759457e+05 1.197453138378832256e+06 1.916306365839456208e+06
-1.723455597818609676e+05 -3.083644504568292177e+05 -3.801083977791857324e+05 -3.391313308702592039e+05 -3.290215946391981561e+05 -3.602713800769924419e+05 -3.155030904685189598e+05 -2.523802974658248131e+05 -1.823435667642845074e+05 1.150055661891382770e+05 1.032263533261140925e+06 2.285616613433266990e+06 2.391970782474199310e+06 1.122553106188315200e+06 4.421092494281753898e+04 -3.361850157293523662e+05 -4.638203035186235793e+05 -5.171704946455061436e+05 -5.225603010116172954e+05 -5.331270414804748725e+05 -5.699629249927955680e+05 -6.315479754658733727e+05 -7.172843616873447318e+05 -6.825624189863085048e+05 -5.285275775490293745e+05 -3.885286236166940653e+05 -2.291101750921729254e+05 -8.753565113504027249e+04 -8.321018536007788498e+03 5.901825619632296730e+04 5.662567620729544433e+04 6.489524382075661561e+04 1.237404014734060329e+05 1.413768605845324928e+05 1.217050753428701428e+05 1.101744343914469355e+05 7.014877416400828224e+04 -4.015875709596009983e+04 -7.939843151936665527e+04 -8.601576041019120021e+04 -1.878761361972292652e+05 -2.943010901966774836e+05 -3.610300958573851967e+05 -3.754359949809444952e+05 -4.040196549762552604e+05 -5.323669695448173443e+05 -4.961194675726797432e+05 -2.513538179873302579e+05 -1.756407955323345959e+03
7.196980027103554457e+05 4.598626815763413906e+05 2.619556410389132798e+05 7.797472644240781665e+04 -1.760714461721399799e+06 -5.477246785995373502e+06 -6.050265636432265863e+06 -2.566808408951871097e+06 -2.944731257625613362e+05 -2.588351165424659848e+04 5.733569024123437703e+04 5.490020900848368183e+04 7.709244205670990050e+04 1.818978539115409367e+05 2.402536255038282834e+05 2.446120047038863413e+05 3.041374963795538060e+05 4.040043485642671585e+05 4.896705125393781345e+05 5.728594113288999069e+05 6.611992494492720580e+05 8.206029089246296789e+05 9.532558754196015652e+05 9.769611220919974148e+05 8.664806050021790434e+05 6.765032593219438568e+05 5.357236615857613506e+05 3.492723733893949538e+05 1.657881653508231975e+05 3.612376580844260752e+04 -1.932556975106482860e+05 -4.337058330927919596e+05 -5.765741214176542126e+05 -8.123710094650951214e+05 -9.891066042049712269e+05 -9.724486549449644517e+05 -8.678268473547716858e+05 -6.315784993987483904e+05 -4.238865317745150533e+05 -3.070461297975264024e+05 -1.938140340512471739e+05 -1.749886799812521785e+05 -1.499003496556538157e+05 1.003773236614605412e+04 1.525518379216005560e+05 2.866053137477494311e+05 5.356488622246638406e+05 7.937269166290898575e+05 9.970758379062870517e+05
-2.733158304716190323e+05 -1.342693362037972547e+05 3.934827210396062583e+03 2.181105631293761544e+05 1.951912792752664071e+06 5.494555879521284252e+06 5.977922446004156023e+06 2.269609171925727744e+06 -2.354057813291363418e+05 -6.310732021797597408e+05 -9.534704041404263116e+05 -1.271696785355780739e+06 -1.515883187059443444e+06 -1.753846756440615747e+06 -1.848732752746799961e+06 -1.706902757474454818e+06 -1.509635379823012976e+06 -1.367729581403254531e+06 -1.200361813305643853e+06 -9.596331841595380101e+05 -7.091766257609189488e+05 -5.077797913787066936e+05 -3.280586568839866668e+05 -1.302838596601579338e+05 1.303424231129558757e+04 6.914716608822345734e+04 1.570945674415268004e+05 2.721073403667109087e+05 3.562813988507697359e+05 4.250778818417522125e+05 5.148862552293571644e+05 6.833134066415394191e+05 9.731837801034301519e+05 1.244422684381715022e+06 1.341697356386466417e+06 1.286085955135094700e+06 1.048552622369460529e+06 7.420578583153486252e+05 4.779329508194134105e+05 2.596624564014556818e+05 1.227273029666682705e+05 -2.892971473873220384e+04 -9.721354200861207210e+04 5.364768074942287058e+03 9.457416311506694183e+04 1.577482996298563667e+05 8.314246994410408661e+04 -1.687994220538139343e+05 -4.340953794402908534e+05
-1.551184368348866701e+04 5.983839976048376411e+04 1.304772402663361281e+05 1.800038689440404996e+05 2.517403677805126645e+05 3.504583513976102695e+05 3.929050603366338182e+05 4.151958983323860448e+05 5.207387954878504388e+05 6.354566520127261756e+05 7.017701481391128618e+05 7.750821708110019099e+05 7.965202997977028135e+05 7.343200606964089675e+05 6.261569029718518723e+05 4.620236686208955944e+05 3.477615258906738600e+05 3.335504342141938396e+05 3.388086318868589588e+05 3.466636896792624611e+05 3.234395573624351528e+05 2.799450597522805911e+05 1.756904711685643997e+05 5.128790876726293936e+04 2.017930750218499452e+04 -3.890248776951897889e+04 -1.796140313937941100e+05 -2.464669176362806465e+05 -2.742743424308716785e+05 -3.167103767157092225e+05 -3.313480045610049274e+05 -3.095839985596833285e+05 -2.338989700558895711e+05 -1.632846472621168941e+05 -1.344358909402942518e+05 -1.050863524987654528e+05 -7.857107858428196050e+04 -1.012941411553767975e+05 -1.046543104262673296e+05 -1.432458918043990852e+05 -1.838007508098965045e+05 -1.405583908206613269e+05 -1.162151980138147483e+05 -4.923651650315104052e+04 4.002322787644504569e+04 8.514291306797508150e+04 -2.666082018932539504e+05 -1.060583552464075852e+06 -1.898842821576958522e+06
-8.343615026818590704e+05 -7.091580499947303906e+05 -5.979750772708938457e+05 -5.725142223080180120e+05 -4.826203996163532138e+05 -2.916703621936906129e+05 -1.949253553169546649e+05 -1.105090552993351594e+05 7.387040714090690017e+02 1.384419017295297235e+05 3.604329721357501112e+05 5.923066970257062931e+05 8.020651887202253565e+05 1.027303412342298077e+06 1.116321729962655576e+06 1.055547106950689806e+06 9.791166646042990033e+05 7.411893473312371643e+05 3.898874447963315761e+05 1.369025313121528598e+05 -5.211062972419266589e+04 -1.622976506281702314e+05 -1.677515079772277968e+05 -1.926791237495488022e+05 -2.131015576260685921e+05 -1.649418318445532932e+05 -1.404604800197557779e+05 -1.681115203460652265e+05 -1.892608414372079133e+05 -1.940628978866879479e+05 -2.032128201196609880e+05 -1.424538907816164428e+05 -6.027086612673915806e+04 -1.752235978179679660e+04 4.648507664096556982e+04 7.800598817557329312e+04 4.284846244016064884e+04 5.130027165148940549e+04 7.710496563406196947e+04 3.631467770974258747e+04 1.192106559542310424e+05 2.237741198589360574e+05 2.766231688169492409e+05 4.618556575546262902e+05 6.405607743201116100e+05 7.207410541735569714e+05 4.231165033931734506e+05 -2.126467103885749821e+05 -8.346644795049293898e+05
4.228957323182816617e+04 1.131739052108605392e+05 1.402793914674837142e+05 1.438914795129675185e+05 2.161644388868443202e+05 2.758239816969579551e+05 2.650234771276881220e+05 2.241568926340551698e+05 2.076894705466112937e+05 2.499278301688172214e+05 2.828475645229629590e+05 3.533844561147998902e+05 4.225514862433191156e+05 4.065521729285682086e+05 4.115927387651753379e+05 4.562819484711511759e+05 4.565505558296720264e+05 4.325559626180619234e+05 4.001233427580881398e+05 3.421377079862575047e+05 2.486607034611371346e+05 1.668461386096170172e+05 1.860586924786188174e+05 1.184873603851159569e+05 3.739056288759480231e+04 1.157094323545601219e+05 9.076445240752911195e+04 -4.053072579125035554e+04 -6.595578412016062066e+04 -7.835665812606783584e+04 -1.856739947044113651e+05 -1.818860850601773709e+05 -9.287552603964321315e+04 -1.073599903286229819e+05 -1.251082612002207898e+05 -7.311781743257632479e+04 -4.922206915958668105e+04 -1.357445193024615292e+05 -1.534376089397121686e+05 -9.663638773177773692e+04 -1.009192752957462799e+05 -2.200736260616476648e+04 1.382607187850950286e+05 2.247761009520040825e+05 2.139937320323958993e+05 2.760345911088362336e+05 -3.553103093036403880e+04 -9.080487962069932837e+05 -1.860119320811042562e+06
1.208055664061249117e+05 1.393988922784043825e+04 -6.006834217354477732e+04 -4.675415627723847865e+04 1.650466995961323846e+04 4.867992271574618644e+04 3.223868848333947244e+04 -5.378695502440707060e+03 -7.753481046180234989e+04 -1.741222330826712423e+05 -1.857396549631085072e+05 -1.288782211006765720e+05 -1.728618256854678621e+05 -2.415454977789340192e+05 -1.966436061320563604e+05 -1.462087627838628250e+05 -1.349565707599686575e+05 -1.061273011619777535e+05 -4.444101368368137628e+04 -1.486291957044159062e+03 5.398644693559501320e+03 -8.961567233564099297e+03 1.261611956775595900e+04 4.971309340857260395e+04 5.353982946355245076e+04 8.067164891661360161e+04 6.253082718147168634e+04 1.198053291816904675e+04 7.964877682389342226e+02 -1.546351695869874675e+03 1.967389945275499485e+03 -1.283172529365413357e+04 1.707249639024643693e+04 1.332392166132191778e+05 2.154736823312123015e+05 2.085044546779681696e+05 2.059052551177592250e+05 2.489335190079150489e+05 2.612245430042821099e+05 2.862856893309791922e+05 3.800927701740885968e+05 5.230373580510061001e+05 6.492229068346914137e+05 7.561232245092124213e+05 8.884933509953415487e+05 9.760340666204837617e+05 5.566074502895907499e+05 -3.433032848215135746e+05 -1.261205214940917678e+06
-6.753786090033838991e+04 -8.445096803479827940e+03 2.364526094723260030e+04 6.051431773811345920e+02 3.138274659446324222e+04 1.773575131947289919e+05 2.476533042682420928e+05 2.099179659532820224e+05 2.285297590162372217e+05 3.465058799655524781e+05 4.954723348748670542e+05 5.662594425917634508e+05 6.285146880825775443e+05 6.655082189772655256e+05 6.312522228959274944e+05 5.967823054689508863e+05 5.178111949127926491e+05 4.533757454220901709e+05 3.556652617724463344e+05 2.052417926987255923e+05 7.646679177516512573e+04 -4.579697037930646911e+04 -1.672118049731221981e+05 -2.713621585958753712e+05 -2.739200058981077746e+05 -2.231137439379382413e+05 -2.170659830667863134e+05 -2.349935245187231340e+05 -2.134064928730370011e+05 -1.523286304777136538e+05 -1.078240427428684197e+05 -4.724624133137660101e+04 4.402156284617399797e+04 9.041631283551384695e+04 1.116435830421687569e+05 1.167072410647959914e+05 7.288339581151376478e+04 -4.624252247318532318e+04 -2.022781937810936943e+05 -3.047268526063263416e+05 -4.224596954094900284e+05 -6.326701136295013130e+05 -8.903455293518321123e+05 -1.181747638759119436e+06 -1.495654208871202543e+06 -1.738582903609999456e+06 -2.010373189358292846e+06 -2.327048110126770567e+06 -2.597088557822380215e+06
-2.072693062221514992e+05 -9.856902776751667261e+04 -2.269910324132069945e+04 -2.905472758859104943e+04 -3.337555351965420414e+04 7.470532436898781452e+04 1.351883075352815795e+05 5.587136893947893986e+04 2.877625037624954712e+04 9.646546739408222493e+04 1.680798938458611956e+05 1.957666979682109086e+05 2.704889616752915317e+05 3.516766226029719692e+05 3.655122770862362813e+05 4.665128222099160776e+05 5.578653911659060977e+05 6.439432355322784279e+05 7.986587818092810921e+05 9.063489103108439595e+05 1.030076107162239030e+06 1.092271947190456092e+06 9.998731063825124875e+05 8.980525226142341271e+05 6.805735306294802576e+05 -1.129576387160085142e+04 -1.471599351956832688e+06 -3.524506136894713156e+06 -4.750210613670784980e+06 -3.956859188508018851e+06 -2.215988398875272367e+06 -1.040014221158852335e+06 -5.025661652371520177e+05 -1.925396795164849609e+05 1.735933349300501868e+04 1.600910457602003589e+05 2.912411906421040185e+05 4.383198346808794886e+05 5.704653047778261825e+05 8.174074643015027978e+05 6.719038516275740694e+05 -1.497853273716378491e+06 -2.879715687653653324e+06 -5.820577439448814839e+05 1.557777122928092256e+06 2.119058744005664252e+06 2.056772594990544254e+06 1.410336109797356185e+06 7.739871151410350576e+05
-1.053790150145504158e+05 -1.697270485811897088e+05 -2.167332089755653869e+05 -2.609277929209929425e+05 -2.754248566237222403e+05 -2.184147444053087384e+05 -2.301305988111562328e+05 -3.405077652017647633e+05 -3.794554025186519139e+05 -3.651265906300977222e+05 -4.010947186813430744e+05 -4.186291253553648130e+05 -3.922424867381777149e+05 -3.845970090768240625e+05 -4.425667291225543595e+05 -4.824597298326263553e+05 -4.468559207907676464e+05 -4.670389871615769807e+05 -5.001601777450558729e+05 -4.606994235458113253e+05 -3.821798184327781200e+05 -3.328974666650902946e+05 -3.345847893201431725e+05 -2.429178545779725537e+05 6.986115756430150941e+04 6.444878637840135489e+05 1.803437001369459555e+06 3.620892380336670205e+06 4.343651965761382133e+06 9.624541293262019753e+05 -5.564791753184892237e+06 -7.950306749171508476e+06 -4.242569360987355933e+06 -1.041879118551952764e+06 -3.801402624438926578e+05 -1.710998694463334978e+05 -3.049258009486924857e+04 9.508407913868781179e+04 1.392484873632201925e+05 1.692233129376834258e+05 8.082689185498813167e+05 3.488992756529028993e+06 5.471120227010018192e+06 3.517481290431523696e+06 1.595523297217372572e+06 1.408339269767598715e+06 9.441711410291448701e+05 2.529764467068207450e+05 -3.904994933511642739e+05
5.951350551236828323e+04 -9.872353019818547182e+03 -3.638791767290956341e+04 -3.639340240770136006e+03 3.041834365118120331e+04 4.665224630938610062e+04 2.959803664387436584e+04 -1.750489364807435777e+04 -7.985099389734398574e+04 -1.246247009128273348e+05 -1.081790261506830575e+05 -1.263472092660231283e+05 -2.096725359544506355e+05 -2.817562827668733662e+05 -3.624541334027888952e+05 -4.860554395375224994e+05 -6.239028003672866616e+05 -7.320109786149985157e+05 -8.515970808223932981e+05 -9.889152401444879360e+05 -1.012701456898647593e+06 -9.558414633406931534e+05 -9.162635413975673728e+05 -8.667252876269044355e+05 -7.540141548633980565e+05 -6.229559460015296936e+05 -5.315676254442939535e+05 -3.940286594153447077e+05 7.558807702442631125e+03 2.414826815669375006e+06 7.155487895717583597e+06 8.329074239498296753e+06 4.020819471943642478e+06 5.426620662184739485e+05 -2.853674778519785032e+05 -6.595426544891949743e+05 -9.445361762298122048e+05 -1.365231676088008098e+06 -2.496303475587334018e+06 -3.377804014216153417e+06 -2.434908079781739973e+06 -7.655906454056163784e+05 6.113050827778334497e+04 1.942538129005697847e+05 8.569805343468114734e+04 -1.836368481592211174e+04 -5.872180276812310331e+04 6.016614936014346313e+03 1.539121833751411177e+05
1.651791247545041842e+05 -1.475481871748343110e+04 -1.257302204296865966e+05 -1.231800392653532326e+05 -1.238062586805608589e+05 -1.244177723325992702e+05 -1.233889991210890003e+05 -1.650190903994373512e+05 -1.999448647799728205e+05 -1.993415056041702628e+05 -1.919376443356305826e+05 -1.892261386892641895e+05 -1.662442515209112316e+05 -1.283154337034646887e+05 -6.972693833791697398e+04 -5.334594936255621724e+04 5.987450252796290442e+03 1.267782429108773358e+05 2.437755117853521369e+05 3.480301350884838030e+05 3.409582900105300359e+05 2.721865955640529282e+05 2.143865116425879532e+05 1.387962451599743217e+05 8.453831099264777731e+04 7.291826346518064383e+04 3.447682036225136835e+04 -1.856880526400345843e+04 -5.900989968169573694e+04 -4.332560576789535116e+04 -1.259393955129769165e+04 -5.997433713200618513e+03 4.378221094186289702e+04 6.845739507174585015e+04 4.159719744988239836e+04 8.768054260137409437e+04 3.248113377017586026e+05 7.769370965109569952e+05 1.812630139722965192e+06 2.829544315333470237e+06 2.239885745007192250e+06 8.443276955690155737e+05 2.048068628110191785e+05 3.252576007085666060e+04 -7.462035077354777604e+04 -1.825853320260643959e+05 -2.019653231369014829e+05 -1.805815552885411307e+04 2.251478840518407524e+05
-2.317651551494054729e+05 -1.978494594879884971e+05 -1.715239083852065378e+05 -1.349814363330369524e+05 -8.371790322940796614e+04 -7.367395629160455428e+04 -7.738194210854996345e+04 -4.600053820329773589e+04 -6.632224154127466318e+04 -1.454591693148540216e+05 -1.424307901506108465e+05 -9.182658133955561789e+04 -9.347179086907996680e+04 -1.006436362384556123e+05 -1.128468036356206867e+05 -1.696277484874009679e+05 -1.923230258175318595e+05 -1.326441056400653324e+05 -1.272275990985507960e+05 -1.648024447050556191e+05 -1.606863720558611676e+05 -1.627732959041168215e+05 -1.426826042428731453e+05 -1.027988951050791657e+05 -9.908504804385302123e+04 -7.770578246389061678e+04 -3.465059989611967467e+03 8.166799592298059724e+04 1.606184883615059080e+05 2.364712723462434951e+05 3.737313729927695240e+05 4.837582330941231921e+05 5.421126441035467433e+05 6.587225485901576467e+05 7.145020187197948107e+05 7.400281186083151260e+05 8.432959042014408624e+05 9.198473058764662128e+05 8.625861164697560016e+05 6.939956920451349579e+05 5.496922583317798562e+05 3.922604926535151899e+05 8.923645585324242711e+04 -3.020361302249538712e+05 -7.657213589709848166e+05 -1.710498159305857262e+06 -6.371238803191345185e+06 -1.378047284327852540e+07 -2.064068266564536095e+07
3.210984800691946875e+05 3.008923780012992211e+05 2.220189133171518333e+05 1.287425768206594512e+05 1.258796776720555499e+05 1.284977843098749872e+05 7.030647746927570552e+04 -1.898147584797698073e+04 -5.735164273050031625e+04 -5.647902135504409671e+04 -1.048625440197794233e+05 -1.325114173733165953e+05 -1.307192293677506968e+05 -1.562761140904331114e+05 -1.849120849469909444e+05 -1.803798904545691330e+05 -1.702946147597687086e+05 -2.096328405498933280e+05 -2.243512139895755099e+05 -2.069599269005265669e+05 -2.047213161917894031e+05 -2.063576643436680897e+05 -2.311864590086047247e+05 -2.088777566279896710e+05 -1.706233760408940143e+05 -1.923987093147296400e+05 -1.523268106923202868e+05 -2.727836119280260755e+04 2.130108739940632950e+04 3.633381655745337775e+04 1.445911931415317522e+05 2.214829349954383797e+05 2.498275942494373885e+05 2.729607547182239359e+05 3.022539589020016138e+05 4.248090337881143787e+05 5.743514072572727455e+05 7.358447060681659495e+05 8.326619313791156746e+05 8.787582959861878771e+05 9.334901256829488557e+05 5.649842062565628439e+05 -5.869788103817687370e+05 -3.181640171732454561e+06 -7.675929043645073660e+06 -1.129181831004182249e+07 -6.005397255072267726e+06 5.987273192060705274e+06 1.752657616632655263e+07
-1.826707464584626723e+04 1.702863288141088560e+04 2.766510721645317972e+04 2.590131722485250793e+04 1.999489090485440101e+04 1.030458637833362445e+03 -9.792808518614037894e+03 -3.955729940913442988e+04 -5.212421323733008467e+04 -4.709093377590755699e+04 -9.706339191645389656e+04 -1.541345299538079998e+05 -1.710946269270788762e+05 -1.826925415178993135e+05 -2.203439878875359718e+05 -2.742605641979028005e+05 -3.293651181073074695e+05 -3.678045969743105816e+05 -3.861361628360463073e+05 -3.797301513115960988e+05 -3.684718105521455873e+05 -3.741959697041601175e+05 -3.392980867688317085e+05 -2.891950441317749210e+05 -2.959262724575819448e+05 -3.056100645639526192e+05 -2.208752462138361298e+05 -1.159229660422718152e+05 -8.555976832751184702e+04 -6.581533177100960165e+04 -4.816444740574806929e+02 5.985552553589548916e+04 5.137006287077395245e+04 9.699451297783758491e+03 -1.860690436551533639e+04 -7.432829830795526505e+03 6.130630323954392225e+04 1.434932677316104528e+05 2.588453575834860094e+05 3.773813055489873514e+05 4.362787459695404395e+05 5.517150117406710051e+05 7.350872297311413568e+05 1.162036158877095208e+06 1.757720554677508306e+06 1.461425667400831822e+06 3.925018192956445273e+05 -1.002880069064123090e+05 -5.764979978142678738e+04
-1.722766516671993304e+04 2.061774112691637129e+04 3.614850479374569841e+04 3.882402388640912250e+04 3.255241699749603868e+04 -1.449608927570807282e+04 -2.494201941968640313e+04 2.698904779732413590e+04 4.465425640926708002e+04 1.097256983121042140e+03 -1.841042529922560789e+03 6.011818579900136683e+04 9.092779864105972229e+04 1.035936636928817607e+05 1.635190468128711800e+05 2.329369347151807451e+05 2.777587198541734251e+05 3.153875481172143482e+05 3.266126136244564550e+05 3.398566226282126736e+05 3.362944513582619838e+05 3.230903865260916646e+05 3.331310718796892324e+05 3.353341244135659654e+05 2.897692955984527944e+05 2.425606252094439697e+05 2.859328433558405377e+05 -1.691073172725760378e+04 -1.256287569690025877e+06 -2.078994303942817263e+06 -1.114218773362593958e+06 -2.511295766722306143e+04 1.124893929907563142e+05 8.759111776154884137e+04 7.607616620160092134e+04 2.006832956372818444e+04 7.493023670438583940e+04 1.442764050452390220e+05 1.669944295156890294e+05 2.080827359145763912e+05 9.848353947578201769e+04 -3.679599910371303558e+05 -2.638183017943222076e+06 -8.105515347701847553e+06 -8.675777262341184542e+06 1.506576183146167547e+06 1.091641502418515459e+07 1.288855301636311784e+07 1.244855452457955480e+07
-2.587988170977041591e+05 -1.680110820084519219e+05 -9.670758075575577095e+04 -1.125791140942601487e+05 -1.670313985843677074e+05 -1.670749099974635756e+05 -1.509135067535679555e+05 -1.604746946874365676e+05 -1.557236504832690116e+05 -1.202611618503578939e+05 -1.220088791316086426e+05 -1.101352703671727795e+05 -7.673573444903013296e+04 -6.061507840946433134e+04 -2.275029092270415276e+04 1.092195812816498801e+03 2.194837849616305903e+04 3.024754524885793217e+04 3.292664566688472405e+04 3.484180027720867656e+04 1.991150935325957835e+04 4.795410027101752348e+04 7.545151614671363495e+04 6.455261470560822636e+04 -4.337984690937679261e+03 2.030342111684149131e+03 1.595762351660234854e+05 5.973110363841999788e+05 1.877632066838555038e+06 2.764420323577649891e+06 1.909058644765903242e+06 9.454932193364948034e+05 7.201035805248864926e+05 6.105902904819231480e+05 5.650692487819469534e+05 4.946355978789506480e+05 3.540686498658033088e+05 6.808698019827762619e+04 -7.576934954040893354e+05 -3.100481372006752528e+06 -8.138041085367192514e+06 -1.285489487159052491e+07 -9.584742494745124131e+06 2.930938326137185097e+06 1.173525171713213436e+07 8.451139584202297032e+06 3.032859702570708003e+06 2.066886476941572502e+06 2.474007760294438340e+06
9.372677368097286671e+04 1.911374383298973553e+05 2.962638591400166042e+05 3.357168499530234840e+05 3.056440591659338679e+05 3.274305425239435863e+05 3.689325336599720176e+05 3.704200981730539352e+05 3.876457463500266895e+05 4.072418050463600084e+05 3.836793772614330519e+05 3.717658152837250382e+05 3.648744548139801482e+05 3.188167711015556706e+05 3.188043562500387197e+05 3.589087622398803942e+05 3.501588236675891094e+05 3.224743868949007010e+05 3.070518916303989827e+05 2.868678564607397420e+05 2.313654723542275606e+05 2.160457810446679359e+05 2.857816803919564700e+05 3.292436604324025102e+05 2.464104017335916869e+05 1.643781954961013980e+05 2.539135983354938217e+05 3.511516299301008694e+05 3.369148532429244369e+05 2.986219827654710971e+05 3.566880531983037945e+05 4.141862487449548207e+05 2.887988582874843851e+05 1.518395018560113385e+05 4.475141439383151010e+04 -2.094219347796742804e+05 -1.013502134279117454e+06 -4.760761968287415802e+06 -1.110611825367943384e+07 -1.069891809830002487e+07 3.051640518752466887e+05 1.083127756925706379e+07 1.211236013523794338e+07 7.305637533148242161e+06 2.886749670441076625e+06 5.702945916083976626e+05 -5.239054810330020264e+05 -7.350510896071493626e+05 -6.263070948982052505e+05
1.821465538749180851e+05 4.505354587818146683e+04 -6.018001665463083191e+04 -4.465259821168723283e+04 -2.869835001154569909e+04 -9.940215180671657436e+04 -1.005464994139038026e+05 -4.197678099022596143e+04 -9.312415089079935569e+03 2.778414180647814646e+03 -1.244186561525566503e+04 -4.301724017408560030e+04 -1.555967697757293354e+04 4.085064369894095580e+04 6.744071510271166335e+04 9.131502811666007619e+04 9.175371390447259182e+04 8.886208456649904838e+04 1.126153139877714566e+05 1.037301069947715732e+05 6.991753636539215222e+04 9.694928323660884053e+04 1.880606339247609721e+05 2.332860995134977857e+05 1.535882679939091904e+05 7.540914257246174384e+04 1.605994377512256615e+05 2.240417572755544679e+05 1.924867228350194637e+05 1.309513892166430596e+05 -2.707328453921922483e+04 -2.648642583632336464e+05 -7.913810019409004599e+05 -1.895461826685200911e+06 -3.744979453171839938e+06 -6.057591899056707509e+06 -6.849035588691472076e+06 -2.249391321881125681e+06 6.896145409263238311e+06 1.075312501640303619e+07 6.195793401209210977e+06 1.725631809678318677e+06 4.842357283954317681e+05 1.719899162268843502e+05 1.779035306170410477e+05 3.593818484993232414e+05 7.684512826213939115e+05 1.260187043226025999e+06 1.662218898016413674e+06
-9.474378709244768834e+04 -8.465108960837818449e+04 -6.674011621827952331e+04 -5.076308786170557141e+04 -5.885773847854579799e+04 -1.015438851513317204e+05 -9.930097208038202371e+04 -3.947291442687850213e+04 -2.610550632001829217e+04 -3.162355317821493372e+04 3.592123608250461984e+03 2.245083657573559321e+04 5.332259976421482861e+03 3.898305433423953946e+04 6.385103009364681202e+04 8.856785215539287310e+04 1.406119467866665800e+05 1.139447952600311837e+05 8.555250823381356895e+04 9.662624805641820421e+04 8.891675247999950079e+04 1.264168445150428452e+05 2.276341522729494609e+05 2.488567469839472324e+05 1.407375371966914972e+05 1.105580029496919597e+05 2.174577390364721650e+05 2.784170770955102053e+05 2.701528931040954776e+05 2.315285900728486013e+05 1.725194696657126769e+05 4.061693183393706568e+04 -3.063878072985969484e+05 -1.165975113928867970e+06 -2.451098448078848422e+06 -2.303502163053201977e+06 2.198702084293545922e+05 2.413743348427383229e+06 2.526875902608299628e+06 1.686962465458777733e+06 8.607733102724871133e+05 2.612509636915661395e+05 -1.715703655080865137e+05 -4.525770695014232770e+05 -5.729135760321521666e+05 -7.073021015356043354e+05 -9.114417016044923803e+05 -1.006926252865957562e+06 -9.931791738192057237e+05
-1.597166831936919480e+05 -4.817360087472473970e+04 2.229169838930829428e+04 1.381796618530643173e+04 6.053723348886705935e+03 2.045734166327747516e+04 2.902719401623471640e+04 3.958636196213780204e+04 3.349332881960435770e+04 6.212626997556065908e+04 1.027965723072703695e+05 1.020073957172281807e+05 9.043963296935544349e+04 5.117705354728968814e+04 7.191988558319280855e+04 1.195547715319845593e+05 1.010459603632625658e+05 7.466253385427989997e+04 3.952814543154090643e+04 -3.225036005896981806e+04 -1.128247741852824111e+05 -1.128998890344516840e+05 -8.152930481010139920e+04 -9.454604263941291720e+04 -3.394817191592309973e+05 -6.657440577475057216e+05 -7.475787088181820000e+05 -9.333676470944208559e+05 -1.399722538854255574e+06 -1.882016588195547694e+06 -2.294054340433211066e+06 -2.535386754827054683e+06 -2.154230691183340270e+06 -5.008610204528719187e+05 2.654693904644380324e+06 5.319143803916372359e+06 4.956623051655180752e+06 2.818392323761950713e+06 1.412557833111060085e+06 8.769493731505619362e+05 5.690648928332664073e+05 3.670973868978046812e+05 2.341967701230887324e+05 1.560410276158656925e+05 1.344650980799640529e+05 3.433833466566260904e+04 -3.219943403135430999e+05 -8.440222394288801588e+05 -1.350877595810724422e+06
-1.643556552901280520e+05 -2.424080990612856403e+05 -2.687675125349778100e+05 -2.608187513494339655e+05 -2.473882149445125833e+05 -1.983285238113603264e+05 -1.868443003197898506e+05 -1.633190274405933451e+05 -7.338922146125708241e+04 -1.294170695124194026e+04 5.907837222621310502e+03 6.972617018764198292e+03 2.176672788147698157e+04 7.885270900063915178e+04 1.159135796526970516e+05 1.068416191943106533e+05 1.127790635620477115e+05 1.649974790740815806e+05 1.787136586953419610e+05 1.036238696338841401e+05 8.313200634307559812e+04 1.751099415167120460e+05 2.900780361631774576e+05 3.542138703567614430e+05 2.856738630878676777e+05 2.177338885919015156e+05 2.900758520420643035e+05 3.477331263165985001e+05 3.616726760513844201e+05 3.698870193629409187e+05 3.361955868473157752e+05 2.924960090708921198e+05 3.100421921485408675e+05 3.413944740140866488e+05 3.194449951381832361e+05 2.833493877010187134e+05 2.063303663657275029e+05 1.273148402721565217e+05 8.365406006807461381e+04 -5.469876911811064929e+03 -2.251163911077333614e+05 -4.978157888857822400e+05 -6.394656574017407838e+05 -6.016573197429541033e+05 -5.246668914284973871e+05 -5.638787195952304173e+05 -1.234952259096761001e+06 -2.435573149358080234e+06 -3.607583756119950674e+06
1.982392155499837245e+05 1.710871664226579014e+05 1.718876587161502976e+05 1.585876725564594090e+05 1.273971991681901272e+05 1.093250875888042501e+05 7.590438952596735908e+04 1.250774948367327452e+05 1.674155383212201996e+05 1.316907249072391423e+05 1.797073564073073212e+05 2.102999897139671957e+05 2.039942112188144820e+05 2.639958654409564333e+05 2.747263202886095969e+05 2.644107664137848187e+05 3.241927031557136215e+05 3.809796639882549644e+05 3.708146616590963677e+05 3.237289268453605473e+05 3.115701287864064798e+05 3.854940674341928679e+05 4.713093048367602751e+05 4.737967757668225095e+05 3.388152800971865654e+05 1.469068917976985686e+05 -8.747546946178795770e+04 -8.460262643478941172e+05 -2.624494229886616580e+06 -4.814985539547199383e+06 -5.112759266894719563e+06 -2.668411431862466969e+06 2.105835315656391904e+05 1.868746708864489105e+06 2.476948360349050723e+06 2.447885247432422824e+06 2.095052079206069000e+06 1.713049934143931139e+06 1.454104876205965178e+06 1.147682617583920015e+06 7.669675973251285031e+05 4.774084210145538673e+05 2.892702150696995668e+05 2.521394878427968360e+05 3.130593865130511113e+05 3.159378491480303928e+05 -2.056941732292813249e+05 -1.209973309063777793e+06 -2.217204448996461928e+06
6.964560231281328015e+03 2.434081739935209043e+04 1.548719061436713673e+04 1.712875692654063459e+04 5.896293403493473306e+04 9.762695681754837278e+04 1.138754289595817681e+05 1.227928801935923984e+05 1.578579746700416435e+05 1.994939293325295439e+05 2.232401360827499884e+05 2.045298955329055025e+05 1.973490249270980130e+05 2.005149459175299271e+05 1.739630555114126182e+05 2.058746618138686463e+05 1.803755756998728029e+05 7.500264254107602756e+04 3.474814016517484561e+04 -4.410090842648060061e+04 -1.638311728974800499e+05 -2.352924395562149875e+05 -3.403753331233753124e+05 -5.565503935219013365e+05 -9.656144895360930823e+05 -1.463456099078756291e+06 -1.703903723861875944e+06 -1.294339960670188069e+06 4.827749390550828539e+05 3.345513991033518221e+06 4.796428684107375331e+06 3.675706808154497296e+06 1.896818561805859674e+06 9.020988763711652718e+05 5.230717831209767610e+05 2.612880258115185425e+05 -3.012987796639278531e+04 -1.941152169351698831e+05 -3.228869607836529613e+05 -6.103765469614868052e+05 -1.058368188948811032e+06 -1.918340161719386466e+06 -4.076467657404125668e+06 -7.738883533009096980e+06 -9.719314279834235087e+06 -7.057429350452566519e+06 -2.631544414398945868e+06 -2.323695134306102991e+05 7.776310721369981766e+05
1.734983057444331935e+05 1.867102780091227614e+05 1.724696410431351396e+05 1.737086691170405829e+05 1.944685947136895265e+05 1.590468938948470168e+05 1.490607915527652949e+05 1.748930538815329783e+05 1.751795987250808394e+05 1.864133165041856701e+05 1.810183729049458634e+05 1.620394587097689509e+05 1.514599676318175625e+05 1.216585731582017615e+05 8.307428001295193098e+04 4.481399668409721926e+04 3.614163924168678932e+04 1.181919493770692497e+04 -2.535208328801672906e+04 -4.223622736550169066e+04 -3.780570508359232917e+04 -1.057292076453450136e+04 9.053981879842467606e+03 -5.422756807605011854e+05 -6.815961069398349151e+06 -1.127143675233746693e+07 -3.385273722049722448e+06 3.658350927302243188e+06 4.154447456500055268e+06 4.034018172158536967e+06 3.458855573581677862e+06 2.715136606518500950e+06 2.058505452417021152e+06 1.525736568550928961e+06 1.123494300948804244e+06 8.384441116651578341e+05 5.187853741286373697e+05 1.776212363326344639e+05 -2.989925932080941275e+05 -1.236175259967418620e+06 -2.732831468895468395e+06 -4.364189621134720743e+06 -4.214413670735509135e+06 -2.522263796692742035e+05 4.337120281774690375e+06 4.607170735438691452e+06 1.755011890306330286e+06 -5.821631102122631855e+05 -2.062889649752889760e+06
3.882381405659543816e+05 2.853820935483963112e+05 2.095285741974659031e+05 2.095546814941917546e+05 2.048421004442207050e+05 1.950489780666247243e+05 2.648683304546283325e+05 2.853048899654825218e+05 2.511665648744385689e+05 2.853216665306533687e+05 3.343210681459461339e+05 4.012351506004054099e+05 4.475038818320897408e+05 4.183068650768836960e+05 4.361740237195044756e+05 4.227421702438732609e+05 2.951724657720485702e+05 1.124059226334793493e+04 -1.138775384831532836e+06 -5.021763466935806908e+06 -9.645951571450550109e+06 -8.990890268585195765e+06 -4.217414611711728387e+06 -3.536492346813678741e+05 7.356133492617106996e+06 1.293016427069291100e+07 6.088383438986754976e+06 -2.340559496573405340e+04 -3.413523162380442955e+04 -9.518385528048384003e+04 -1.499869981144727208e+05 -1.787246649274313822e+05 -1.368396375769230071e+05 -1.046389957443170715e+05 -8.645754530298267491e+04 -9.380627283418993466e+04 -2.256104405499356799e+05 -3.290646842714346712e+05 -3.737057203051515389e+05 -6.187305410280516371e+05 -1.100253264305942692e+06 -1.325885757678482216e+06 -2.482338019603041466e+05 1.701873339289751835e+06 2.101534421739060432e+06 3.998668668571907328e+05 -1.632994600437824614e+06 -2.752213912931462750e+06 -3.286147280568346381e+06
6.866235013163532130e+04 6.386782218367443420e+04 3.203644396082381718e+04 -2.582641627624980174e+04 -5.845714976007002406e+04 -4.815273209183954168e+04 -4.325709926779381931e+04 -6.105920842121122405e+04 -8.158229068227234529e+04 -1.195837052461865242e+05 -1.378142840189685230e+05 -1.362461544988037203e+05 -2.160863571734807338e+05 -3.430256283625202486e+05 -5.406294872856230941e+05 -1.038087003031688626e+06 -2.125636700927861501e+06 -3.723040643156417646e+06 -3.941403589194377419e+06 4.796990790926795453e+05 6.812085605288431980e+06 7.569000322151977569e+06 3.691731810362841468e+06 9.748684048556629568e+05 3.111562235178891569e+04 -7.399069169144765474e+05 -1.592743196605152916e+06 -1.989581290027275681e+06 -1.605699117875193246e+06 -8.642566302600589115e+05 -3.975696810563390027e+05 -2.597187065241454402e+05 -3.144626896346753347e+05 -6.586128315860682633e+05 -1.850803546536921058e+06 -4.420395054368264042e+06 -6.552726338652428240e+06 -5.846406256195924245e+06 -3.276694170212144963e+06 -6.117837704817056656e+05 2.241610611846864223e+06 5.227652791922151111e+06 6.496135341070167720e+06 5.031239365890358575e+06 3.124837245936225168e+06 2.817889935366102960e+06 2.536009993910264689e+06 1.208561564134152606e+06 -3.126942872101981193e+05
-1.595047705741308164e+05 -6.019119657823466696e+04 1.430190942337492015e+04 1.378740451866178773e+04 -1.832488347208709456e+04 -4.536332413510535844e+04 -7.735166160215158015e+04 -1.286519621184562566e+05 -2.165125779196387157e+05 -3.841862429738101782e+05 -6.743669551736101275e+05 -1.061362717532320181e+06 -1.563300303629657254e+06 -2.112894307274545077e+06 -2.409199005296540447e+06 -2.030944303383439779e+06 -6.680127209999803454e+05 1.624495056580344215e+06 3.510779779791190289e+06 3.408462505721398629e+06 2.074994987881653244e+06 1.097771096938811941e+06 6.695108314663242782e+05 4.952087780946749263e+05 5.865228429139828077e+05 1.007546260527740815e+06 1.482887141412793659e+06 1.508342261095825117e+06 8.379310798783279024e+05 -2.302576155253360048e+05 -1.148334519936905010e+06 -1.817980231539701344e+06 -2.427569541946294717e+06 -2.806002570932176430e+06 -2.295602903512914199e+06 -1.151211003516870551e+05 2.246000603865689132e+06 2.370133176145759411e+06 1.230628182039655978e+06 4.754297109268360073e+05 7.860811162376083666e+04 -4.802497281300032046e+04 -2.412719792380812578e+04 -4.686356185993528925e+03 9.075883415935095400e+03 -6.547687738086079480e+04 -3.718130882695576292e+05 -7.545762067340499489e+05 -1.070806741866383702e+06
-2.962561557447747327e+04 -1.135297568948590197e+05 -2.465982255093692802e+05 -5.905406258409494767e+05 -1.319360596833867021e+06 -2.115634316745708231e+06 -2.273619961723306216e+06 -1.801335636679577874e+06 -1.286023028795026243e+06 -9.141559957053679973e+05 -5.682507522030211985e+05 -1.052204727854412049e+05 5.152164489100687206e+05 1.187305262750159949e+06 1.737095900726271328e+06 1.956928447018873412e+06 1.851903810219229432e+06 1.545748536182945129e+06 1.181853465177409351e+06 9.298768387155721430e+05 7.788917148941244232e+05 5.969967358872228069e+05 3.779070679334115703e+05 2.573640878118749242e+05 2.519939723667630460e+05 1.886038634918804746e+05 -1.207491513123409823e+04 -2.379281240943241864e+05 -4.777609368390399031e+05 -8.573494544810097432e+05 -1.480917434234722983e+06 -2.297449223524607718e+06 -2.882188101667426992e+06 -2.579695966193395201e+06 -1.247657428754897323e+06 3.514378648329842836e+05 1.389720236450376920e+06 1.624547935189769138e+06 1.275447416496754624e+06 7.921062428496929351e+05 4.308900660507783759e+05 2.252840493657286279e+05 1.006277991032400168e+05 -9.895898208342725411e+03 -6.027199275878979824e+04 -1.074439636440363247e+05 -2.178534572938233614e+05 -3.176459406287160236e+05 -3.815849985560588539e+05
-8.954941791703454219e+05 -8.639216378965649055e+05 -7.343470475131470012e+05 -3.750439876923335250e+05 3.610812164848903194e+05 1.176769490658334224e+06 1.286370370234944392e+06 7.408435388140785508e+05 2.971696372846785816e+05 8.836122558830538765e+04 -6.081046089602762368e+04 -6.725671202046226244e+04 -3.913992760295514017e+04 -5.120144308646552963e+04 -1.081363405304722255e+04 2.120069646305643255e+04 4.958762100199237466e+04 1.210831133421742707e+05 2.040534592066250625e+05 3.437907775501661235e+05 4.306555509843741311e+05 3.999673538246132666e+05 3.792571801171295810e+05 3.588109764269026928e+05 4.314954588748516981e+05 4.476143661640526261e+05 7.325121051486232318e+04 -7.449695193853417877e+05 -2.197630909339345526e+06 -3.734382550674346276e+06 -3.632821520873696078e+06 -1.440791083276115824e+06 1.164794369588051923e+06 2.657905677156666294e+06 2.830349967869404238e+06 2.265358594280260615e+06 1.513270961690720869e+06 7.817851133638776373e+05 3.096921728206509724e+05 7.555771246785274707e+04 -1.090834330450170673e+05 -1.395528606648445129e+05 -6.300069545279233716e+04 -1.391896810477203690e+05 -3.728196494658181909e+05 -6.030944635065663606e+05 -1.831291576284235343e+05 8.923259803454736248e+05 2.005241582290017046e+06
1.118041296250886517e+05 7.605485081963695120e+04 2.497228148204158060e+04 7.478544285550131463e+03 1.562227794463979080e+04 3.463033992797136307e+04 1.101339592367003206e+05 1.537415781858726405e+05 1.451453192354530329e+05 1.890922239907375770e+05 2.684621513463209267e+05 2.872434426558904815e+05 3.123943373710789019e+05 3.587047114949381212e+05 2.832665939227443887e+05 1.694540647070971609e+05 1.649473407286860165e+05 1.167718291308846674e+05 -4.094646738958515925e+03 -6.895915822722596931e+04 -1.336275595090407005e+05 -3.356406458781572292e+05 -6.530966397679015063e+05 -9.211034422578805825e+05 -1.012452234586671228e+06 -1.036813708650296903e+06 -1.107390089172549546e+06 -6.057390019604656845e+05 1.108140634469012963e+06 3.239114290910077281e+06 3.993147437825536355e+06 3.021728495307177771e+06 1.710576783242586534e+06 9.443733041771347634e+05 5.941153998018121347e+05 3.523633259610505775e+05 1.131216668832348660e+05 -1.359598669881233945e+05 -4.484025878271488473e+05 -7.243781883137109689e+05 -8.327883871893594041e+05 -8.751151575989215635e+05 -1.020305509088645224e+06 -1.260655288496203721e+06 -1.548856841973612085e+06 -1.800445566044213250e+06 -8.908917223010141170e+05 1.063187624986002222e+06 2.976907941728833131e+06
-1.410702308625332080e+04 2.837922716717119329e+03 3.818962738354457542e+04 8.603102579203550704e+04 1.309238946807454340e+05 1.488269264916016255e+05 1.092214925649749348e+05 1.344930739440317266e+05 1.839481398879435146e+05 1.593154454127942445e+05 1.715895147650737781e+05 1.542467314176612999e+05 1.152558069067890756e+05 1.256084671834832989e+05 1.387442851737432647e+05 1.181364265854062978e+05 5.033986029549851082e+04 2.634424453848623671e+04 2.573316168171004392e+04 -3.818918890174245462e+03 -1.300364198960589711e+05 -4.472646286203241907e+05 -9.105423019360768376e+05 -1.470512978107142728e+06 -1.779308568438281771e+06 -1.735392849393537501e+06 -1.499450800928314915e+06 -8.375636669398243539e+05 -4.555919845486758277e+04 4.917022448446368799e+05 8.112153550185023341e+05 8.821286749506560154e+05 7.922452701967298053e+05 6.518428655430036597e+05 4.995091033953933511e+05 3.828487849111844553e+05 3.053252343127675122e+05 2.105092932334813522e+05 1.143347765192448860e+05 9.968005644986958941e+04 2.394028430420454242e+05 4.394857845925435540e+05 5.358131560776368715e+05 4.153193743893639185e+05 3.415105274311138783e+04 -4.174501492391562206e+05 1.671385168933264213e+05 1.833314147458566120e+06 3.587892942431750242e+06
4.170272665387891466e+05 4.869792173513269518e+05 5.480979795634630136e+05 5.393218817163141211e+05 4.729504298315441702e+05 4.619715129051473923e+05 4.514449255504584871e+05 3.698996038283805829e+05 2.795836126132053323e+05 1.956146788633484393e+05 9.258141771308146417e+04 -6.609223515377379954e+04 -2.725714723710552789e+05 -5.167043469844791107e+05 -8.373119473623223603e+05 -1.159496735110152280e+06 -1.368944022610958898e+06 -1.429840431748015806e+06 -1.355598939988848986e+06 -1.168176288282847498e+06 -8.802788418618720025e+05 -5.832434268666829448e+05 -2.534041474798873533e+05 3.264077393687309232e+05 1.150145646142337937e+06 1.668340136589248665e+06 1.528138106069235131e+06 1.095367516087719239e+06 6.769113023851247272e+05 3.800187316744991113e+05 2.151773631089600967e+05 6.100935497568501160e+04 -9.288389129069400951e+04 -2.444230919382240390e+05 -3.191686895566815510e+05 -2.678987816287555033e+05 -2.214191364315046230e+05 -2.369187198487638379e+05 -2.816581126023081015e+05 -2.146042059099994367e+05 -1.636625401981204050e+04 1.205552918733155238e+05 2.210672346068889601e+05 2.143950163155383198e+05 -2.671157202581380261e+04 -2.474677353189319838e+05 5.260647687077368610e+05 2.165913767081636004e+06 3.790410513628256042e+06
-1.327062392704829108e+05 -6.686877632644609548e+04 -7.936332071694778278e+03 3.891188216075534001e+04 8.749128526193089783e+04 8.195456481174915098e+04 4.770341507188271498e+04 8.181547413099918049e+04 1.273161597653234494e+05 1.463573910578269861e+05 1.756068544149458467e+05 2.336852092591289547e+05 3.555643446040629642e+05 4.926392976754867123e+05 6.676089172667704988e+05 9.002467941364747239e+05 1.022891815054172650e+06 1.015874200583638856e+06 8.948080225955341011e+05 7.449572592655019835e+05 6.023428492477973923e+05 3.032327143500139937e+05 -1.080521755764493719e+04 -1.602670689256046899e+05 -1.836746794047937728e+05 -2.040460926045486704e+05 -3.431979976105508395e+05 -4.357837061159084551e+05 -4.246726006630337797e+05 -4.056431236380012706e+05 -3.904296129367141984e+05 -4.308916549214350525e+05 -4.588991104734321125e+05 -4.985846108774419408e+05 -5.864318711178201484e+05 -5.788339305638510268e+05 -5.189118853420947562e+05 -4.996927968182726763e+05 -5.283404473720289534e+05 -5.407642015571749071e+05 -4.988388890946232714e+05 -5.384425124661361333e+05 -6.556163785209339112e+05 -8.024702148837989662e+05 -9.326111441587284207e+05 -8.874328748826493975e+05 -3.071212110754237510e+05 6.109740908416188322e+05 1.456925035991427489e+06
1.876135655661345227e+05 1.600518785574240610e+05 1.220914435722806375e+05 1.108351735494215973e+05 1.348265558642742690e+05 1.473407539186882495e+05 1.761106783854483510e+05 1.916604781686329225e+05 1.621464011300123530e+05 1.769923193483554642e+05 1.989248231676175492e+05 1.516904793285359046e+05 1.142930258429259411e+05 1.476248569456219557e+05 1.735290766927937511e+05 1.682629115867896471e+05 1.512680756687769899e+05 1.505413366878927918e+05 1.912389566133787157e+05 1.606449786754091037e+05 1.142582304480313323e+05 5.171556165078049526e+04 -1.185255280819549225e+05 -2.478750801522982074e+05 -3.182528125481621828e+05 -4.158555136276114499e+05 -5.455860143336759647e+05 -7.092246163882386172e+05 -7.481108069240871118e+05 -6.159026783490839880e+05 -5.095493334003548371e+05 -4.842731175851084990e+05 -4.719235270084775984e+05 -4.392227838888354599e+05 -3.849359996526616160e+05 -3.416438681157885585e+05 -3.228617914415369742e+05 -2.878634230241011828e+05 -2.001731980984914117e+05 -7.980729956980189309e+04 9.091672675902536139e+04 3.584114929323541000e+05 6.355213819586772006e+05 8.108165051971464418e+05 7.924015020327372476e+05 7.080335143743995577e+05 8.482344483374644769e+05 1.102682197468816303e+06 1.308827329229075229e+06
1.161193646643369284e+05 -2.424513922029294190e+04 -9.923877289998924243e+04 -6.271975410898445989e+04 -4.491559934234828688e+04 -5.756804046279285103e+04 -2.167791172716532310e+04 -8.640286221052549081e+03 -1.542005761919429642e+04 -4.564849053087526408e+04 -9.470992976654095401e+04 -1.149469826577115309e+05 -1.716490134390186868e+05 -2.291132538164673897e+05 -2.428900378041724907e+05 -2.702383988659132738e+05 -3.145413965378248249e+05 -3.571543091165948426e+05 -3.665412421894141007e+05 -3.173182669842207106e+05 -2.245301555765036028e+05 -1.361835223282105289e+05 -3.469442832400090992e+04 1.272079499356911983e+05 3.425243928794227540e+05 5.498778947882232023e+05 6.832610213660518639e+05 7.536974915325131733e+05 7.232343912866781466e+05 6.405059102299852530e+05 5.586229051045665983e+05 3.808415058458917774e+05 1.184902323297878029e+05 -9.786030825925956015e+04 -2.413573852609262103e+05 -3.806090232559649739e+05 -5.082670389846316539e+05 -6.329859705490537453e+05 -7.236490634585785447e+05 -7.325619406592138112e+05 -6.933245130347504746e+05 -5.977987614194006892e+05 -5.098058185141403228e+05 -3.974659549801433459e+05 -1.483837525045981165e+05 1.512433464218333829e+05 -3.012497015830068849e+05 -1.569974639781269012e+06 -2.917683861114748754e+06
6.316623423816054128e+04 1.107573221392522100e+05 1.072346897510578856e+05 4.694551982232951559e+04 6.195632234783261083e+04 1.097933787664806005e+05 9.254155778107809601e+04 6.094880161705077626e+04 1.150168672262236942e+04 -5.154576928573078476e+04 -1.341729084991677664e+05 -2.070656069544203347e+05 -2.745517280264174333e+05 -3.865513425917014247e+05 -4.757073885062707704e+05 -5.228665586958235363e+05 -5.062559228728063172e+05 -4.402309181429153541e+05 -3.545673293957950082e+05 -2.531622673917444190e+05 -1.865665864683976397e+05 -7.247174718053382821e+04 7.048274060085532255e+04 1.301817391919030342e+05 1.143489235806916840e+05 6.074838395215943456e+04 4.599546903322334401e+04 6.403261963438149542e+04 7.691404012351995334e+04 4.924047586668131407e+04 4.789884736237698235e+03 4.054028771526704077e+04 9.827157407416985370e+04 1.538450625754193170e+05 1.991859716032921569e+05 2.297930703820018098e+05 3.473052183033726178e+05 4.664759637220421573e+05 5.350105085344690597e+05 5.837279373477196787e+05 5.306373551047003129e+05 4.669985433656265377e+05 4.669316973561930936e+05 5.568363073552626884e+05 8.947635567811080255e+05 1.342669804873872548e+06 -4.873980476536904462e+04 -3.271798294092986733e+06 -6.539992517918943428e+06
-2.877516301750436542e+05 -3.290201330371201620e+05 -3.831766160964615410e+05 -4.427989034987694467e+05 -4.765899968586745672e+05 -4.478500371215339983e+05 -4.089304840077238623e+05 -3.880571381247139070e+05 -3.232625950017247815e+05 -2.363856395448965486e+05 -1.279220376117154956e+05 8.793848877830896527e+03 1.618258602307469118e+05 3.098132417080341838e+05 4.294782425567971077e+05 5.437132892663071398e+05 6.180221544254167238e+05 6.073982189146042801e+05 5.185062431261757156e+05 3.802659426764874952e+05 2.343959319491111964e+05 1.713513545120076742e+05 2.037994981223895738e+05 1.877176246359887300e+05 1.148048041752135032e+04 -1.199370031793659728e+05 -5.025645332134410273e+04 -1.169101359962954302e+04 -4.153578854587975366e+04 -8.298362672576346085e+04 -1.417993327161819907e+05 -1.228687257232376141e+05 -2.195702484794346674e+04 8.465448543778598832e+04 1.639575376657013257e+05 2.156639904020992690e+05 2.052196739480130491e+05 2.116986945591638214e+05 2.679732344059445313e+05 2.530060415675682016e+05 1.776422653984627686e+05 9.504113813687639777e+04 1.330815716096545802e+05 5.203276000775839202e+05 1.344153590380735928e+06 2.135551852950733155e+06 -3.008681974608285818e+05 -5.678911276283117943e+06 -1.101929268403795362e+07
-4.288128955336284125e+05 -5.289432227972430410e+05 -5.780253929730678210e+05 -5.175063609988136450e+05 -3.920662143644585740e+05 -2.682451419005519710e+05 -1.418298078267252422e+05 -1.070966838829904736e+04 7.929143503904921818e+04 1.234734919983020227e+05 1.388267883563822252e+05 1.431767141721503285e+05 1.506495551104307524e+05 1.256071252355467877e+05 7.667107855231733993e+04 6.914597548893652856e+04 4.940254954781272681e+04 -2.273524826348869829e+04 -6.693860941217275104e+04 -1.036015342686732765e+05 -1.463035991086504655e+05 -1.277491466679201112e+05 -7.743303038529132027e+04 -4.605202479913720163e+04 -6.693734945758490358e+04 -1.082533663926005247e+05 -7.395566367034893483e+04 -3.203629073861526558e+04 -2.776063926547068695e+04 -4.380246691842337896e+04 -8.380583111007569823e+04 -6.094184959030800383e+04 1.182946199653079384e+04 6.801706910933702602e+04 1.116005416291591682e+05 1.390143919462569756e+05 1.378740739278144902e+05 1.312034376678641420e+05 1.582388133674974670e+05 1.450187660915249144e+05 8.549532054370490368e+04 4.253824916697369190e+04 2.204693632360425545e+04 4.960049461486079963e+04 -8.869219701023987727e+04 -7.778584506778840441e+05 -8.255878795606232015e+05 4.848521384066976607e+05 2.155394944911808707e+06
4.899748659427855164e+05 6.623064310659538023e+05 7.925681631932089804e+05 7.881374663575841114e+05 6.560688131976348814e+05 4.748988776034092880e+05 2.800891374125785078e+05 9.337801800967985764e+04 -5.170015303752722684e+04 -1.414668762624205556e+05 -1.914922272723925416e+05 -2.285249356186250807e+05 -2.575670302976503735e+05 -2.372211692856216396e+05 -1.854784884654508787e+05 -1.811053826627905073e+05 -1.636872052648688550e+05 -8.493149572721446748e+04 -3.845325249014419387e+04 1.433681851922301576e+03 5.557506453551453887e+04 3.776197579485576716e+04 -1.958237010650921729e+04 -4.615914756082923850e+04 6.647645242337835953e+03 7.879015579819670529e+04 4.751395965897222050e+04 1.652209373831286211e+04 2.164611803222219169e+04 4.373157510446629021e+04 1.039898147495112644e+05 8.945811277153530682e+04 1.339573220786425190e+04 -4.441692576772753091e+04 -8.453276922838998144e+04 -1.129219380812718300e+05 -1.107544636321835133e+05 -9.816646374907596328e+04 -1.368596317640910856e+05 -1.401429824861402740e+05 -9.719733925376209663e+04 -9.172205488110205624e+04 -1.805600201082410640e+05 -5.435104995401375927e+05 -1.146546609250944341e+06 -1.365136604610157665e+06 9.203122612764334772e+05 5.037332179361354560e+06 8.910102291190158576e+06
