-4.222559699355787598e+04 -3.629570885106653441e+04 -4.007422305880486965e+04 -3.222999323679693043e+04 -3.458926336272724438e+04 -2.137335074070141418e+05 -2.961607654087445699e+05 3.745736233025550609e+05 9.214999406970997807e+05 3.689643772302677389e+05 2.369716809314432321e+05 9.690061201267142314e+05 1.058515898515201639e+06 5.558737601558185415e+05 2.386735415671453811e+05 2.673178909923085012e+05 4.880722084686248563e+05 6.295147023184881546e+05 6.981550970643453766e+05 7.046700993510191329e+05 5.657328984606466256e+05 2.571499855120140128e+05 -4.303962807067600079e+05 -1.492244912652565166e+06 -2.285144548952366691e+06 -2.367796381953012198e+06 -1.931715569897549227e+06 -1.283327197496535024e+06 -5.647458012155871838e+05 4.604441110407258384e+04 3.911243629032829776e+05 5.391563030876081903e+05 5.598438103161810432e+05 5.083717091584777227e+05 4.475253348573911935e+05 3.845193925061449409e+05 3.151349356150964741e+05 2.560593828547921730e+05 2.061274075138499320e+05 1.633381287585502723e+05 1.434564302131414006e+05 1.355216479892035422e+05 1.141839642395640549e+05 6.791038044733782590e+04 1.178256227691717504e+04 -4.096598162406723714e+04 -7.393950314184642048e+04 -8.038465488214550714e+04 -7.717620368673875055e+04
-1.781859849311502883e+06 -1.829116051094397670e+06 -1.507404716132350499e+06 -7.807043357401376124e+05 -3.969245158370537683e+04 1.435394235322318505e+06 3.647576584451607428e+06 3.977619858847256750e+06 -5.636205727819208987e+05 -7.121081197454457171e+06 -7.832612525407257490e+06 -3.026870774629449937e+06 3.776230741467587650e+05 9.736759770189560950e+05 2.060693536859164014e+05 -7.541995606905687600e+05 -5.709929395536445081e+05 -1.548798898493405432e+03 5.649342124653235078e+04 7.407845858527254313e+04 2.799218269180972129e+05 5.794223362348345108e+05 1.061507255228732247e+06 1.604801102902141167e+06 1.781842380119204754e+06 1.632305992665460333e+06 1.511246632551309885e+06 1.388044628113455372e+06 1.046330111243824591e+06 5.522477433696519583e+05 1.299436745973576326e+05 -1.464871577865199652e+05 -2.807157513579393271e+05 -3.491975404181808699e+05 -4.066643053846016992e+05 -4.309886745145831956e+05 -4.301819796112609329e+05 -4.273373034450567793e+05 -4.161215398401326966e+05 -4.154057062762228888e+05 -4.406051754555492080e+05 -4.613761426565277507e+05 -4.319906107970279991e+05 -2.837059551624038140e+05 -3.218967631513031665e+04 2.510764108600317268e+05 4.555840410364193958e+05 5.027007538863279624e+05 4.762838986534998985e+05
-7.428556849161722697e+06 -6.361785126799696125e+06 -3.730995050568699837e+06 -1.622395177765605040e+05 8.449812132682288066e+05 -4.846432029724195600e+05 -2.062819564432519954e+06 -2.047727701103031170e+06 2.171941431468351744e+06 8.101940432245060802e+06 8.115519070063955151e+06 2.815326614048980176e+06 -7.319866266069402918e+05 -1.524473874875501730e+06 -2.914586545521650463e+06 -4.299489667681511492e+06 -2.659103449632317293e+06 -3.005570564433218096e+05 2.137037880398383131e+05 -2.379563397360469389e+04 -3.510671548008567770e+05 -5.773342773738295073e+05 -4.609950872280396288e+05 1.460368489091141382e+05 1.065823317776032025e+06 1.509443671623812057e+06 1.148258749038957758e+06 4.194663473563021980e+05 -2.677923094768254086e+05 -6.219099991795337992e+05 -6.316561109792566858e+05 -4.623868365604538121e+05 -3.038668096551023191e+05 -2.181953935365892248e+05 -8.226839738441367808e+04 6.980279023400699953e+04 1.055339220722815953e+05 1.240216738217352249e+05 1.335976689616109652e+05 1.985907034480985021e+04 -1.245887674142803298e+05 -2.273258057485508616e+05 -3.210066027848906815e+05 -4.024483564642842393e+05 -4.578168161885702284e+05 -5.166946905491372454e+05 -5.682353955306654098e+05 -5.834847707923637936e+05 -5.828489961694576778e+05
8.450048036559216678e+06 7.500511123076085933e+06 5.144416480766357854e+06 1.813213418363428675e+06 1.877028474594773725e+05 -4.604860250238380395e+05 -1.622060958712408319e+06 -2.777017597560900729e+06 -2.787646167168607004e+06 -1.421104360186381731e+06 -2.426230309064337052e+05 8.715738709006481804e+04 3.930998098601775710e+05 9.066006268368979217e+05 2.428496910771954339e+06 3.710375713440991938e+06 2.098065939271641895e+06 -1.042507683900292031e+05 -6.800646413311730139e+05 -7.801499541571317241e+05 -8.641073112280156929e+05 -8.602693756057847058e+05 -7.276850656242109835e+05 -3.566650533816401148e+05 4.033234951211931184e+04 2.122473881312542362e+05 -3.053085262867272831e+04 -4.692901413366606575e+05 -6.855538096006599953e+05 -7.171161473854769720e+05 -6.294155723570658593e+05 -5.131954946125011193e+05 -4.236566583020632388e+05 -2.752993102528854506e+05 -1.452270626639800612e+05 -6.803346826582122594e+04 6.080604815288144164e+04 1.842646764382882975e+05 2.721473760727527551e+05 4.284302944612852298e+05 5.884763376206336543e+05 6.819701700759660453e+05 7.171918471485130722e+05 6.148864816285824636e+05 3.520799308767365874e+05 1.461684943904390093e+04 -2.109885098219100619e+05 -2.213350075376548921e+05 -1.420033996290797368e+05
-1.004369538791069645e+05 5.906669972704554675e+04 -2.210798542102560168e+04 -3.657128622474192525e+05 -3.325991954257733305e+05 1.369678179697255837e+05 4.213968939583718311e+05 2.762334188331985497e+05 8.719149071284855017e+04 1.880847504140000674e+05 9.832228952520337771e+04 -3.583367047536371974e+05 -6.063499776503338944e+05 -5.004094361568057211e+05 1.673162364312884165e+05 8.521689730779696256e+05 4.832416959807064850e+05 -1.591422889060958405e+05 -2.488503170829789015e+05 3.175834839621500578e+03 2.674487669666080037e+05 3.851232708219686174e+05 3.724848291240966646e+05 7.806258034263111767e+04 -4.643546172814797028e+05 -8.407715385988005437e+05 -6.941000740775587037e+05 -2.513631795503356261e+05 9.622169363377860282e+04 3.434604289627717808e+05 4.402532894121395657e+05 3.695031938434843905e+05 3.087920831296844990e+05 2.931048717030897969e+05 2.882104880263794912e+05 2.740856821377018932e+05 2.755098717905093217e+05 2.646280192126692855e+05 2.305948696847734391e+05 2.456193612019154243e+05 2.893189734311277280e+05 3.120302185027874075e+05 3.198349631751617417e+05 3.117057314682826400e+05 2.992801590880486183e+05 2.980541773897483945e+05 2.670456657497563865e+05 2.062667982477250043e+05 1.451183583119707182e+05
-4.410951730689164251e+05 -2.260341647922724951e+05 -3.237892331748112338e+05 -7.999901278651122702e+05 -9.273585438467490021e+05 -5.537570111697460525e+05 -1.261303183846029715e+05 7.165141414861867088e+04 -1.735857277046288073e+04 -1.719823952466503542e+05 -4.282265164736242732e+05 -7.726504980694517726e+05 -8.746916836802482139e+05 -6.846886620804795530e+05 -1.205243146210699342e+04 7.664980493930862285e+05 6.230916770885064034e+05 1.531766695331862429e+05 1.998222289722979767e+05 4.056167877426194609e+05 6.041127998559010448e+05 7.575496940300398273e+05 6.279680006133469287e+05 1.735941900300907437e+05 -3.719355188676317921e+05 -6.360500182583561400e+05 -4.417924886760546360e+05 3.340013282093428279e+04 4.688686251811841503e+05 6.385896143696297659e+05 5.834586978189327056e+05 4.548295660628174664e+05 3.419262112672566436e+05 2.487238405050812289e+05 1.216626814135448076e+05 -5.585494964088546112e+03 -1.095472779630110599e+05 -1.749234840521425940e+05 -1.700705071904305369e+05 -1.677940662257421063e+05 -1.673425591166235972e+05 -1.052564331052787602e+05 -4.604684429319587070e+04 1.270376176469703205e+04 1.236248694924686570e+05 2.426782292188721476e+05 3.280139920646987157e+05 3.436494888540792745e+05 3.144470281104929745e+05
1.097701512836642796e+05 1.730014767758984817e+05 2.818545003358664690e+05 4.638277906220172881e+05 6.500055325989160920e+05 8.580592542862721020e+05 1.172821538271891186e+06 1.414681034762107767e+06 1.282677084217976779e+06 8.239429959767947439e+05 3.465159537689033896e+05 -1.550495834296448156e+05 -8.657650091419052333e+05 -1.658407006327506155e+06 -2.123264869315934367e+06 -1.944646379221776966e+06 -1.323604311959244777e+06 -6.775433104277907405e+05 -2.719750070285224356e+05 -9.767614974432927556e+04 -4.286120591539680026e+04 -1.035932208867964800e+05 -1.867584028903371654e+05 -2.098314797170679085e+05 -1.095931742839813232e+05 2.069841525144139305e+05 5.478904561826495919e+05 6.226829959516918752e+05 5.254750471947044134e+05 3.716258696097423090e+05 1.997554520204723813e+05 1.328205387134224875e+05 1.165229291476502549e+05 2.437768251184059773e+04 -1.316131710146148689e+05 -2.581131117488255259e+05 -3.434737377641795902e+05 -4.288791891375156119e+05 -4.870305758381434716e+05 -4.960215815623437520e+05 -4.802217225702775177e+05 -4.537263449584511109e+05 -3.618112007441041060e+05 -1.892576218442800455e+05 9.734169826259836555e+03 2.538089283726178110e+05 4.253453151406766847e+05 4.473847878674850799e+05 4.291513389475485310e+05
-8.683303846056476235e+06 -6.552569122426976450e+06 -3.569975213914949913e+06 -7.337120851820139214e+05 2.221048696294385009e+05 1.415946390106910840e+05 -2.524128091172315180e+03 5.578169044856680557e+04 1.976720591872800142e+05 2.982574320484490599e+05 5.261132271133470349e+05 1.015367612740046810e+06 1.601330530815138947e+06 2.132811189438943285e+06 2.277959886600873899e+06 1.935949852210761048e+06 1.538100050604881253e+06 1.140509453090670984e+06 7.001146275984500535e+05 1.832876937242327258e+05 -4.828158113308721222e+05 -1.111237324372123461e+06 -1.498458435919931624e+06 -1.467926966999584809e+06 -9.615630166035019793e+05 -2.942174072867794894e+05 1.130123695742080454e+05 1.501353090833437163e+05 -1.797116048502710182e+05 -6.799517200773342047e+05 -9.556318516255117720e+05 -8.641088540656350087e+05 -5.937257983235787833e+05 -3.297556867833923316e+05 -6.232531257799500600e+04 1.376908277682375046e+05 1.802656485525948228e+05 1.286203285161175154e+05 9.216123288952070288e+04 4.278550221410102677e+04 -3.452343774981304887e+04 -8.103439171016355976e+04 -1.664247725423770025e+05 -2.789249455161925871e+05 -4.023780510923825786e+05 -5.339770510548609309e+05 -6.189371004368888680e+05 -6.402871111035331851e+05 -6.228443355766525492e+05
8.001177082110004500e+06 5.891192794152084738e+06 3.225025688531459775e+06 9.732716641055950895e+05 1.537613204452279024e+05 -2.200929476593593135e+05 -6.298106285859467462e+05 -8.999563354030768387e+05 -8.858512343672199640e+05 -7.791671804583526682e+05 -6.091775941624655388e+05 -3.436175182483936660e+05 -2.234101461040698923e+05 -3.074116513432454085e+05 -5.752629849783986574e+05 -8.301149001023446908e+05 -6.801302938192392467e+05 -3.724000803797752014e+05 -2.699998022090584855e+05 -1.877739985233710322e+05 -6.032282441085553728e+02 1.503981334607671015e+05 1.574110442194799543e+05 6.285369144196034176e+04 -6.542068109884072328e+03 1.594906852234987309e+04 8.094374819662343361e+04 2.192368529353556805e+05 5.477273808174493024e+05 9.799937461624001153e+05 1.222645475140088238e+06 1.118174846835427685e+06 7.943125068055859301e+05 4.278884143747207709e+05 4.451006764364102855e+04 -3.906473455613725819e+05 -7.642759794763701502e+05 -1.002549387393048266e+06 -1.106138519572122721e+06 -1.023177470671395888e+06 -8.000726137333551887e+05 -5.426517739851644728e+05 -3.220355109173752135e+05 -1.919542910151722026e+05 -1.919937137220768491e+05 -2.663972251285660313e+05 -2.988449008282263530e+05 -2.614283058989528799e+05 -2.012184213654063642e+05
-2.401209410485570785e+06 -2.933275648041926790e+06 -3.199166878855321091e+06 -2.536023692306115292e+06 -1.240009086040627211e+06 -3.503892017569527961e+05 -1.156112229271819815e+05 -5.468854478222038597e+04 1.319828414083169773e+05 3.105967138322014362e+05 4.831285597232999280e+05 6.152116132425363176e+05 6.393360268860487267e+05 5.822609514702705201e+05 3.566219365504363086e+05 8.972210239280667156e+04 1.252901331071187742e+05 3.266648323295156006e+05 4.382881615378209390e+05 4.876203285358494613e+05 6.052226607376347529e+05 8.914210418485531118e+05 1.325369741466931999e+06 1.868719025875905296e+06 2.201160547674188856e+06 1.798061764111263212e+06 7.756393236421695910e+05 -2.292778251172788441e+05 -9.889499498543576337e+05 -1.449814682921824045e+06 -1.542899300524367951e+06 -1.435922111391593935e+06 -1.159743837207648437e+06 -7.662539781775563024e+05 -3.322399992245107424e+05 1.330441851602871902e+05 5.038955854655436706e+05 7.478971369513251120e+05 6.928332432543905452e+05 3.074551893414527876e+05 -1.238625020710625686e+05 -3.977194833756947774e+05 -4.704613534207952325e+05 -4.057199448051689542e+05 -2.644603470252343686e+05 -2.275386628079644288e+05 -2.674426819927252363e+05 -2.148750338411630364e+05 -1.176220138055903371e+05
4.611871310144412331e+06 4.533419418328341097e+06 4.120161401558215730e+06 3.024227556116819847e+06 1.672829289075416280e+06 6.555695534103508107e+05 4.706511699710972607e+04 -2.786745116818565875e+05 -3.282517948640459217e+05 -1.902868815217153169e+05 -2.841344234321881086e+05 -6.556414045428023674e+05 -1.033891755475305952e+06 -1.449022635899636196e+06 -1.593105620460736798e+06 -1.316184174064547289e+06 -1.067683615297065349e+06 -9.884942390485226642e+05 -8.744994980826228857e+05 -6.412894413095633499e+05 -4.125547328909304924e+05 -2.935151082063019276e+05 -2.622575719310049899e+05 -3.400338542600357905e+05 -5.753867920448472723e+05 -7.680942979584499262e+05 -7.186876231169295497e+05 -5.013931538656111807e+05 -2.336109971947735175e+05 3.633961413837922737e+04 2.884462015068852343e+05 4.572305825177696534e+05 4.954421428240691312e+05 5.793479087623199448e+05 7.141016837917044759e+05 7.862120211539510638e+05 8.746079760967765469e+05 9.617592295029696543e+05 1.082870231934102252e+06 1.315292054156703874e+06 1.476688355323715834e+06 1.408402526677931426e+06 1.203145971573755145e+06 8.922191674520212691e+05 5.374544447474207263e+05 2.770732491681696847e+05 1.354874871785794385e+05 5.494309798276005313e+04 -1.955222968695871532e+04
3.706292687653329922e+05 3.389428582631808240e+05 9.999802519523666706e+04 -3.446105092783546424e+05 -5.686488270372864790e+05 -5.278912253239466809e+05 -4.434863571948516183e+05 -4.012640918196123093e+05 -2.890331225688717095e+05 -2.888449082507565618e+04 2.071371832083242480e+05 4.136887365599976620e+05 8.243573789673605934e+05 1.441560681982700247e+06 1.810097241845323239e+06 1.512105410005460959e+06 6.519291542620719410e+05 -2.482595084537388757e+05 -8.589825821606426034e+05 -1.119975228564471239e+06 -1.062732883088718401e+06 -7.847339387911405647e+05 -4.320246576501457021e+05 -2.699613081695496221e+05 -3.438259298562845215e+05 -3.682850924676677096e+05 -1.079436367157168570e+05 2.832293368364485796e+05 7.172657955978489481e+05 1.075985449172258144e+06 1.110851118427963229e+06 9.322746645194281591e+05 6.306463436056617647e+05 2.215243270252910443e+05 -2.383041599118232261e+05 -6.223593850870374590e+05 -9.202844572088727728e+05 -1.139963593811264494e+06 -1.188414160054307664e+06 -1.148280841774936998e+06 -9.927328729348669294e+05 -8.010730920324586332e+05 -6.082897505468267482e+05 -3.085738083728565834e+05 5.997100440253037959e+03 3.327044627581918612e+05 5.640979277375678066e+05 5.815623110473453999e+05 5.160185660833176225e+05
4.604371397932120599e+05 4.233691699831979349e+05 1.911299381673238240e+05 -3.034632930775843561e+05 -8.400118838887284510e+05 -1.789179102023844142e+06 -3.305348295109577943e+06 -3.876085708042011596e+06 -2.706333229864252266e+06 -1.356313427003478166e+06 -6.809688532738802023e+05 -2.936576748247905634e+05 -2.614696620676154271e+04 2.774147487946171314e+05 7.242187597222072072e+05 1.164077201986511704e+06 1.212504151293361560e+06 1.065306102985268459e+06 1.156962745289710816e+06 1.381459494539376115e+06 1.536309565173903480e+06 1.525934222287904937e+06 1.264262204229382798e+06 7.214569594292708207e+05 4.898712520334683359e+04 -4.765251981953759678e+05 -7.103736223155283369e+05 -6.474684484774128068e+05 -4.326767823241974693e+05 -2.759427192640209105e+05 -2.337311877807587152e+05 -2.076677037511763629e+05 -9.392599814440542832e+04 -4.041992056634614710e+04 -1.184314018581027631e+04 1.236424254997469252e+05 3.320002590985682327e+05 5.559249531127726659e+05 7.070287002370600821e+05 7.851785139857362956e+05 7.325520220270850696e+05 6.323021281706329901e+05 5.113635792678529397e+05 3.684146835048887879e+05 2.798611039100806229e+05 4.308237391080195084e+04 -5.920571411583707668e+05 -1.358766863471964374e+06 -2.011799981804041192e+06
-2.587640418730725069e+05 -2.505784466904879082e+05 -2.412983419517697766e+05 -2.230578185582999140e+05 2.465154942539799958e+04 1.069582822226947872e+06 2.844466090031927451e+06 3.628328263666846324e+06 2.497491201755768619e+06 1.028084947088208981e+06 2.667795664967703633e+05 -5.640403741301270202e+04 -1.276774861828745343e+05 -1.272571031067492440e+05 -1.033352194352480583e+05 -1.127699711562311277e+05 -2.837690606492832303e+05 -4.997324027518332005e+05 -6.220911579747186042e+05 -6.652838876182066742e+05 -6.611906213560707401e+05 -6.993499028920631390e+05 -8.760900854130903026e+05 -1.059022119555883808e+06 -1.137781583944378886e+06 -1.153494789862451842e+06 -1.057868830961814616e+06 -8.235805184682265390e+05 -5.714555886068411637e+05 -3.916858483408573084e+05 -2.563044197579440661e+05 -1.534256041924525052e+05 -9.379979862402332947e+04 -6.714210197816975415e+04 -7.930562767738616094e+04 -7.680300031745014712e+04 -1.393051910330541432e+04 3.665961189515655860e+04 1.121365519569367170e+05 2.264834497022083960e+05 3.049007114043354522e+05 3.783909729703739285e+05 4.377924381430770736e+05 4.935955026800378691e+05 7.084059633758439450e+05 1.158615372198252473e+06 1.747577288891849341e+06 2.230042957643009257e+06 2.566872840222595725e+06
-5.147229508859889465e+05 -4.318754630600597593e+05 -2.593967715080362395e+05 2.144097457836329704e+04 2.399109598044015002e+05 4.261024225264553679e+05 7.338353002088840585e+05 1.016861284654806484e+06 1.030268985953735653e+06 8.709280329542523250e+05 7.501492128343675286e+05 6.443826738110512961e+05 4.131631966042183340e+05 1.081372097810525447e+05 -2.763998509829249233e+05 -8.742703521204395220e+05 -1.582498596965597710e+06 -2.388364951811962761e+06 -2.852033489091917407e+06 -2.294220270681324881e+06 -1.182406260379066225e+06 -3.756963096545934677e+05 1.667564395778030157e+05 7.103937608806136996e+05 1.212402204783356981e+06 1.582504796997162979e+06 1.651492746305520181e+06 1.365665408186471555e+06 8.866409556863808539e+05 4.676000920495417668e+05 2.711315551048755879e+05 1.441666207973314449e+05 2.214744049102626741e+04 2.782182803937734570e+04 5.272792773947003298e+04 2.949206236764439382e+04 3.622873604574135970e+04 9.564644180478376802e+04 1.030307952224394539e+05 6.357266544597200118e+04 5.383433559203683399e+04 -2.181482949090353213e+04 -6.758995257987384684e+04 -6.519628988411603495e+04 -1.668551247952559497e+05 -2.831654222693752963e+05 -2.651531086712203687e+05 -1.402740628379259724e+05 6.752211192385293543e+02
-9.328362860052580945e+05 -7.519467919177988078e+05 -4.397996183664509444e+05 -1.393016990327304811e+05 -1.659989683113963110e+05 -3.822029983339597238e+05 -6.095490389769836329e+05 -8.395177512245581020e+05 -1.027719610347340116e+06 -1.115094930767153855e+06 -9.904816802304415032e+05 -7.126141526608997956e+05 -5.126847104097390547e+05 -3.755330195952411741e+05 -2.378950400579925627e+05 1.472928836978832260e+05 1.149113137506791856e+06 2.417339348199747503e+06 2.998287831007691100e+06 2.391791239044977352e+06 1.222585980409712065e+06 3.472812704685917124e+05 -7.152057724903011695e+04 -1.748581031797949690e+05 -1.170038758953884244e+05 -6.419512103646411560e+04 -1.330383186956897844e+05 -2.970258946008111816e+05 -3.256870946683196817e+05 -2.331368362770441454e+05 -1.689232525360423606e+05 -7.014751273243711330e+04 5.044395388918940444e+04 1.448088576857839944e+05 2.767406856384335551e+05 3.539603880240609869e+05 2.389859690091540106e+05 9.429806957850814797e+04 -5.009710894119017757e+04 -2.498186546312347054e+05 -5.220059073718609288e+05 -8.255651050796589116e+05 -1.047684675300621893e+06 -1.314222067437080201e+06 -1.592495528573637828e+06 -1.703370286265776260e+06 -1.541905238916516537e+06 -1.244089184365001507e+06 -9.812691979136206210e+05
8.542972751335037174e+05 7.039698874323948985e+05 5.515424750356030418e+05 4.978748027105756919e+05 5.542138593949493952e+05 5.864408925106544048e+05 5.498973676792227197e+05 4.229450439515494509e+05 2.355266768614096218e+05 8.829048727842746302e+04 -7.377222785005904734e+04 -2.854068447740427800e+05 -3.665625276647186256e+05 -3.922308753018295392e+05 -4.913528402134396019e+05 -5.027106346997608780e+05 -3.256742538307303912e+05 -3.545235214711283334e+04 1.806041717455809121e+05 1.568725400459515513e+05 -1.779250650346500333e+04 -5.370511101253196830e+04 8.767043542829935905e+04 2.640559141568514751e+05 5.097776795623217477e+05 6.571455954996051732e+05 5.458269797092354856e+05 3.247469379149703891e+05 -3.112865061774733476e+03 -3.214104700161990477e+05 -4.880411043571071350e+05 -5.776288698765723966e+05 -6.631827343408099841e+05 -6.132672133355664555e+05 -3.578491168255270459e+05 -1.258749553238888038e+05 1.900752825946279336e+04 2.823624619908526074e+04 -2.672071944361960050e+04 -1.880618610710371286e+04 6.965331589766801335e+04 1.976917154594410677e+05 2.241940973643788602e+05 1.784068764415862388e+05 2.981259747051913291e+04 -2.727581179198743193e+05 -4.772411584330993937e+05 -4.171977955213518580e+05 -2.458598323207041249e+05
3.302823788979002275e+05 2.588123685650498373e+05 8.961823594829184003e+04 -1.448105877329361392e+05 -1.849181537490221672e+05 5.576496764697250910e+03 2.775547464370174566e+05 4.702627771863630041e+05 4.314967546990378760e+05 3.329899469755764585e+05 2.964406540547499899e+05 5.643788371729943901e+04 -1.827441672339772340e+05 -2.317282302630338818e+05 -1.573156471300171688e+05 4.345642837368394248e+04 -7.227392425636900589e+04 -3.137302606961748097e+05 -3.001501922263558954e+05 -3.347330385816893540e+05 -4.461849707682258449e+05 -5.175900681946221739e+05 -6.106727139274892397e+05 -8.005230192527225008e+05 -1.114375005372203654e+06 -1.284608063891063910e+06 -1.191815323684931267e+06 -9.273963043410202954e+05 -5.782996368827302940e+05 -4.062558667155825533e+05 -2.624117621229379438e+05 -3.919673038631957024e+04 1.050100813424796797e+05 2.468038254485144280e+05 4.286434652451137081e+05 5.664320686218701303e+05 6.521322081921240315e+05 7.064801869590897113e+05 6.985576228302670643e+05 5.658298294495018199e+05 3.926997967479110230e+05 3.869873472377368016e+05 3.730326402790514403e+05 2.564945703765989165e+05 1.677051952821063460e+05 2.102764738796389429e+04 -1.415387298033609113e+05 -2.396590308302243357e+05 -3.207597075206236914e+05
-5.896583812528117560e+05 -4.120865533089088276e+05 -4.096790864600185305e+05 -6.334378230003493372e+05 -7.733461504513251130e+05 -7.191733130109787453e+05 -7.313369921487899264e+05 -8.254415723872084636e+05 -6.913218248550408753e+05 -5.490898342887519393e+05 -5.245869298763866536e+05 -3.292570221591454465e+05 -1.720167624564054422e+05 -4.719482091866666451e+04 2.202451466368800029e+05 3.488457167060552165e+05 3.198717648583262926e+05 2.617748333395138616e+05 2.792136581976955058e+05 3.181054164775558165e+05 2.943460811342805973e+05 3.003120217087415513e+05 2.741323233550069854e+05 2.825151953406018438e+05 2.532997435389548191e+05 2.743071761538881110e+05 5.261077009668230312e+05 7.776446333208163269e+05 9.558562834877365967e+05 9.708368831472755410e+05 5.095586408086104784e+05 -5.115166077902605757e+05 -1.556625695086335763e+06 -2.001366118254662957e+06 -1.684545157847894821e+06 -9.649208298586755991e+05 -3.920634986526411958e+05 -4.912806693268055096e+04 1.049310596827126574e+05 2.045494001023320016e+05 3.594443889840488555e+05 3.749110779459453188e+05 3.730482382266917266e+05 5.392602721526802052e+05 7.131262010530924890e+05 8.870390975502207875e+05 9.182773812071544817e+05 7.109515364534311229e+05 4.608101348506766371e+05
1.097297809840529226e+05 -5.161632056435290724e+04 -4.785869611005205661e+04 1.310002877888474613e+05 2.267585394460181706e+05 2.226413923895596527e+05 3.365952476531676948e+05 5.941481655985265970e+05 7.718354276350149885e+05 7.921494516811070498e+05 6.932462323431537952e+05 6.569229222143623047e+05 6.117600849943116773e+05 4.324663176081957063e+05 2.947254410763706546e+05 1.564213767779436894e+05 9.327006779807561543e+04 1.573561258336121100e+05 7.008315165418022661e+04 -3.131272195903874672e+04 1.824015467871496367e+04 2.398556688749512250e+04 -2.373842551824058683e+04 -1.593929067030689330e+05 -3.174025375087513821e+05 -4.609739501721917768e+05 -4.775979564573203679e+05 -3.230236268329469021e+05 -1.441907978463135660e+05 2.215517592339903349e+05 7.738259293742142618e+05 1.546019026191722834e+06 2.367326385229834355e+06 2.483521906233290676e+06 1.575875299615360331e+06 3.614077169934920967e+05 -5.636029889657958411e+05 -1.228510813593240920e+06 -1.505730554720575688e+06 -1.454543390127215069e+06 -1.287779023574259132e+06 -9.955190380970486440e+05 -5.363368902085479349e+05 6.914121509602708102e+04 8.680633694596301066e+05 1.738534810041741934e+06 2.195860176254504360e+06 2.171536326087948866e+06 2.013086062716567889e+06
1.758979261523201130e+05 2.243212320181919495e+05 3.512662470460782060e+05 5.397462406895646127e+05 5.145016109474091791e+05 1.982540314611105714e+05 -1.755071833369582891e+05 -4.487411901461752132e+05 -6.108690485926491674e+05 -5.936125254817304667e+05 -4.318974801428703358e+05 -3.231689110029403237e+05 -2.069102229410781292e+05 -1.123669707513908506e+05 -2.682193340084630763e+05 -4.163204463737204205e+05 -2.495155853338660672e+05 -6.955313203892727324e+04 -1.823097203079669271e+04 7.165497688023604860e+04 1.386442560330758570e+05 1.688891651570156973e+05 2.614502486638962291e+05 4.666184589841569541e+05 7.972439847645007540e+05 9.702675087211532518e+05 7.190225975905183004e+05 2.334697588830753230e+05 -2.744637989209867083e+05 -6.735218325148164295e+05 -8.538469457667811075e+05 -8.251779552025264129e+05 -7.429094670072693843e+05 -6.581113089617429068e+05 -4.838406141324952478e+05 -2.874495039080649731e+05 -9.097662857667310163e+02 4.248583266812791699e+05 7.866597626148713753e+05 1.010524478753138217e+06 1.149259919326216448e+06 1.246747248472676612e+06 1.295363608156545321e+06 1.205567000987795182e+06 8.965459178465278819e+05 1.280800041600009426e+05 -1.199033498611834366e+06 -2.342063514446405694e+06 -3.077728023151599336e+06
-2.994710109046717407e+05 -2.694276307978725526e+05 -2.634671770677959430e+05 -2.653083899467309820e+05 -1.842490677942987531e+05 -3.463502318809338612e+04 8.913656761062151054e+04 1.460284287408286182e+05 1.484212836010556784e+05 1.223876555268361262e+05 7.815763167505791353e+04 3.917356293772178469e+04 1.165204097887908574e+04 -7.717645836237352341e+01 2.836592865860438178e+04 5.647448705378340674e+04 3.269605107547256193e+04 7.387082765344526706e+03 5.148776861824440857e+03 -2.122544654921508481e+03 -8.248303867731003265e+03 -1.044207143248059583e+04 -1.841521784837826635e+04 -4.864800441573593707e+04 -1.059606642124709906e+05 -1.442052552590029663e+05 -1.239770065260380215e+05 -6.457605132301989943e+04 5.865143652335798834e+03 6.647051137901152833e+04 1.018671106956753065e+05 1.126860957778264710e+05 1.197386600038594042e+05 1.127134008231223706e+05 6.602843085965998762e+04 1.048620907356972020e+04 -5.583848331290954957e+04 -1.580624451665065135e+05 -2.723528372696451843e+05 -4.050700405333180097e+05 -5.865500045689278049e+05 -8.418926132646449842e+05 -1.189473183437800501e+06 -1.570302363498708233e+06 -1.895284327437623171e+06 -1.801524174831642769e+06 -7.819723079063203186e+05 4.948072774489158764e+05 1.478218893584912643e+06
