-3.241437930856575258e+04 -1.183696012785821222e+05 -2.030338109522562008e+05 -2.617816832162725041e+05 -3.207023204803636181e+05 -3.697131866577001056e+05 -3.069038184469763073e+05 -1.492909865716409113e+05 7.405623274880636018e+03 1.298456257288216148e+05 2.027881529796287941e+05 2.215466313140588172e+05 2.154178371064107632e+05 1.867252978570876876e+05 1.350439296496051247e+05 7.859716694186770474e+04 2.569372072307037888e+04 -5.620197750761688803e+04 -1.598884623759522219e+05 -2.055210007334016263e+05 -2.081714452578441123e+05 -2.242842867115177796e+05 -2.253709185521488253e+05 -1.802865603966302588e+05 -1.126732343884849106e+05 -3.822111841894203098e+04 2.864055533069412922e+04 7.851379828163789352e+04 1.131486897679086542e+05 1.194780666542418476e+05 1.080109571962111513e+05 9.324095955953918747e+04 8.098826114642211178e+04 7.160732097433082527e+04 4.826078670289905858e+04 1.193025736583430262e+04 -1.039182596387038939e+04 -5.632164697208296275e+03 7.095324924089232809e+03 1.563087136134523462e+04 3.097639011149128055e+04 4.658607920519902109e+04 4.223448988112056395e+04 2.822414060874508141e+04 2.504116463728681629e+04 1.539739318295228622e+04 1.902652887770251255e+03 3.551467666888958775e+03 1.147175536604202352e+04
4.198525977465759497e+05 5.338965791145893745e+05 6.712211719115836313e+05 8.025470719489111798e+05 8.900764262503252830e+05 9.031053619006341323e+05 7.422276767721720971e+05 4.214583721787038376e+05 5.996361888404900674e+04 -3.094850792259147856e+05 -6.259911304187250789e+05 -7.786258509444000665e+05 -7.698488076191003202e+05 -5.984531811479062308e+05 -3.124948067135573365e+05 -5.200156403648154810e+04 1.306985679460194660e+05 3.450085910517280572e+05 5.943018299434785731e+05 6.663808321769281756e+05 6.109908512436314486e+05 6.043382276783448178e+05 5.785154495192829054e+05 4.583139319588100770e+05 2.946589902854424436e+05 1.152976629509977065e+05 -3.957539384434348904e+04 -1.575165506951638963e+05 -2.480178520760633983e+05 -2.540117749755515251e+05 -2.230228535680997884e+05 -1.940685673872033367e+05 -1.683569193189401412e+05 -1.579918808214006713e+05 -1.346189913319629850e+05 -1.177193777162484475e+05 -1.081370600982425967e+05 -9.012258974197739735e+04 -4.935734104267804651e+04 -3.060213829315209296e+04 -7.629102635305613512e+04 -1.002775459724673419e+05 -6.951674397593687172e+04 -2.206365678876845050e+04 2.094667792989668669e+03 3.029874696370816673e+04 9.957283377129040309e+04 1.345448694456806406e+05 1.243352803445188329e+05
-2.812279639022020856e+05 -2.926936895491235191e+05 -5.677455501818801276e+05 -1.056775022274268791e+06 -1.098197329061713303e+06 -7.641396615857956931e+05 -4.763214421573773725e+05 -1.553215683237067424e+05 1.705684502912752796e+05 5.209526158507739892e+05 9.104885778264277615e+05 1.086528607272503432e+06 1.008279502317672828e+06 7.584463281023723539e+05 3.771263434245609678e+05 9.827118205402861349e+03 -2.452765532066132873e+05 -4.277082036122281570e+05 -5.718237595175467432e+05 -6.232082047336641699e+05 -5.777996213365615113e+05 -5.297671708077812800e+05 -4.697138022476346232e+05 -3.751365426351639908e+05 -3.019427901457491098e+05 -2.184732160236216150e+05 -1.286000431966383476e+05 -3.116600444884179160e+04 7.043271776386955753e+04 8.899939919891022146e+04 1.065573529648096301e+05 1.482549871380710974e+05 1.489348885956956074e+05 1.495430589050831040e+05 1.737716545283364831e+05 2.546751664295513183e+05 2.920110000934253330e+05 2.190712890602029511e+05 1.094350534250682103e+05 5.421388333704252727e+04 7.046221245676890248e+04 4.012913765581324697e+04 -3.048866130002308637e+03 -2.895019002630782779e+04 -5.562502434775541769e+04 -5.950752747044118587e+04 -1.021604488402595744e+05 -1.385674897036274779e+05 -1.298525502731420565e+05
-4.676772646366409026e+05 -2.728525933907984290e+05 -2.654048555340884486e+05 -5.415795592716312967e+05 -5.475111176129757660e+05 -1.564228161624306813e+05 8.828507196913048392e+04 1.301002776012683753e+05 1.812215745553475572e+05 2.065824311359936837e+05 1.681519890975324670e+05 1.797596113719919231e+05 2.450720347048444673e+05 2.601619082382601919e+05 2.200235303500811569e+05 2.262780839166955557e+05 2.060034590426767245e+05 6.503993438696837984e+04 -7.453694483168865554e+04 -1.535233548522226047e+05 -2.383124461753861979e+05 -3.451857945969460998e+05 -4.272633839536509477e+05 -5.193483514051689999e+05 -6.557715729276423808e+05 -7.324102654738815036e+05 -7.155617896179497475e+05 -6.769122932078983868e+05 -5.719662105501812184e+05 -3.426143759125255747e+05 -1.748875868554203771e+05 -1.167253402041930240e+05 -3.535918104466027580e+04 5.688221935193706304e+04 1.080329511373930145e+05 8.710141547942883335e+04 1.307209482413963415e+05 2.351143960147424368e+05 2.366553214890155941e+05 2.066111097379501443e+05 2.552750385200679302e+05 3.346342825823196908e+05 3.276084787210120703e+05 3.048566007706547389e+05 3.153695988547957968e+05 2.780129612253578380e+05 2.466737881155317591e+05 2.295203466537893109e+05 1.932580645515690558e+05
1.058672827435275074e+06 3.621586328492597677e+05 -1.509037617532156175e+06 -3.900904052351106424e+06 -3.396348843897940125e+06 -9.905710967437884538e+05 -4.010120242055738345e+03 -1.157760330793645699e+05 -2.450497715821801685e+05 -3.282581831612878013e+05 -3.543246417868072167e+05 -3.224391456864397041e+05 -2.485008945986917242e+05 -1.518163370223008096e+05 -3.518447208880446851e+03 9.257361512936744839e+04 1.943867107094228268e+05 2.559794605854037218e+05 1.277281142959874123e+05 1.312601458216155879e+05 2.692039587693568319e+05 3.067944918370081577e+05 3.138059997503482737e+05 4.148290878504482098e+05 6.350087318803891540e+05 8.300784998198100366e+05 9.146625229481102433e+05 9.431200749211183283e+05 9.101003392817801796e+05 7.510030881679079030e+05 5.680485893746846123e+05 4.334478372360899812e+05 3.340581301403851248e+05 2.524569560853524599e+05 1.810878220900667366e+05 1.545502887786279898e+05 1.003619704899210483e+05 5.234563032277976163e+04 1.287790383693384938e+05 2.168227773478422314e+05 1.928996465533054434e+05 1.719329366931200493e+05 2.066811723487982526e+05 1.767907088710307144e+05 1.187194311659913510e+05 6.760517800632445142e+04 -1.763946343451645225e+04 -5.318172257486404851e+04 -3.284789043247420341e+04
4.096740227625183761e+05 2.075097328258203343e+05 1.385172084350468591e+06 3.713161733166943770e+06 3.324558740365846548e+06 7.340640880775577389e+05 -5.177618542829256039e+05 -6.684916701108710840e+05 -6.726658682746717241e+05 -5.579558929975789506e+05 -4.893232969789644703e+05 -4.428652807018264430e+05 -3.316600064643534133e+05 -1.872733524005342624e+05 -3.664439806103473529e+04 6.766798195312742610e+04 1.099520146442227997e+05 1.909794695492563769e+05 3.657617458314414835e+05 4.585295622903138865e+05 4.566812055470468476e+05 4.930603336728743743e+05 5.033783713543026242e+05 4.911770760066062212e+05 4.561266366762353573e+05 3.416710931029412895e+05 2.238991127136978321e+05 7.351350329356128350e+04 -1.693568732714988291e+05 -4.306192770542111248e+05 -6.755752264482169412e+05 -9.104872111277137883e+05 -1.180353950125521980e+06 -1.408633276224099332e+06 -1.403702176161549753e+06 -1.252906353613761719e+06 -1.083532366314793006e+06 -8.576475150453748647e+05 -6.401353097085482441e+05 -4.781530134794400074e+05 -3.317142157505070791e+05 -2.043557778739533387e+05 -1.362464103842643090e+05 -9.443741803670441732e+04 -2.562295160334603861e+04 8.112919529636157677e+04 1.652155555092403665e+05 1.681903493723254651e+05 1.361359621566003188e+05
7.032471404959140345e+05 4.453156267523076385e+05 6.138957932940311730e+05 1.482319482894090470e+06 2.059738882865604013e+06 1.925695769512894563e+06 1.706579522395549342e+06 1.509021068829898257e+06 1.204584885813493514e+06 7.855633133375154575e+05 4.146104023957378231e+05 9.620071349596441723e+04 -2.439535284212613478e+05 -4.656720108962324448e+05 -5.265570474707053509e+05 -5.124123816749855177e+05 -5.359063681171759963e+05 -4.331208332380263018e+05 -1.886854835073608556e+05 -1.482549627168918669e+05 -2.411204811029160337e+05 -1.943609443670716719e+05 -9.656257715643750271e+04 -1.279990005041324330e+05 -1.626616742284021166e+05 -1.645010981973244925e+05 -1.675967628398574016e+05 -1.163002322081595194e+05 -4.339350585552910343e+04 9.593578634081530618e+04 3.010907808780388441e+05 5.521246022238505539e+05 7.787549316293033771e+05 9.210171080189677887e+05 9.403799153702487238e+05 7.892687586393733509e+05 6.173042680757129565e+05 4.978117837926049251e+05 3.558265954405213706e+05 2.061636378837642260e+05 9.475820658499235287e+04 -4.427876412373641506e+04 -1.289561869585663080e+05 -1.474960496446881443e+05 -2.154791514499080367e+05 -2.304871605030703358e+05 -2.466465267465910874e+05 -3.126775474084918387e+05 -3.603981184368897229e+05
1.829434828756346833e+06 -2.341517707484018523e+06 -4.899092413737269118e+06 -3.233764445608865470e+06 -5.894736395177461673e+05 -1.416328874559256947e+05 -1.870005393539759098e+05 -1.078342037731999299e+05 8.428311950119445100e+03 1.145258624922281597e+05 1.556379005400594324e+05 1.020571589443718549e+05 7.141904370546340942e+03 -5.460497750009375159e+04 -6.565339554799709003e+04 -1.639225747683667578e+04 1.244921211459585465e+05 2.621787745735854842e+05 3.383351678497637040e+05 3.160557647391031496e+05 2.525459482216679608e+05 2.155947894881317334e+05 1.824032347248070000e+05 1.576129232971289020e+05 8.569888915211748099e+04 3.587855267731351341e+04 -4.815507214043680506e+03 -8.070846353410175652e+04 -8.063690228202183789e+04 -6.680768596095734392e+04 -3.721385523207588994e+04 -2.666682086746764253e+04 -3.820545965318422532e+03 7.028115583510939905e+04 6.080419075078664173e+04 1.099145950002999452e+05 1.682517580967031245e+05 1.091561850113796245e+05 8.715799158970174904e+04 8.047566966913995566e+04 4.982348181161799585e+04 1.119245149217054131e+04 -4.084451942926523043e+04 -2.547718985199002782e+04 -1.075382626779156271e+04 -9.698080866419307131e+04 -1.709336093802270771e+05 -1.645534298843993456e+05 -1.333602558607494575e+05
-2.075440634436745895e+06 1.888616585826167138e+06 4.572344457984434441e+06 3.391681008611410856e+06 6.828703999070059508e+05 -4.077086127425348386e+05 -7.936382904677148908e+05 -1.009789858992153313e+06 -1.224978336660497822e+06 -1.477187801172403386e+06 -1.620731055936667370e+06 -1.617910379469650099e+06 -1.518674128474812722e+06 -1.252540631159681128e+06 -9.065508621944169281e+05 -5.512604285173802637e+05 -2.237816592924357392e+05 -4.895948748777294531e+04 2.825591089167585596e+04 1.231772766345601995e+05 1.813073182698278688e+05 1.323351749737772625e+05 1.025526240458933171e+05 9.933791416402533650e+04 8.370508142332243733e+04 7.429948874909325968e+04 3.094371886923897546e+04 3.351193604819860775e+04 3.329278312616236508e+04 1.204927651484461967e+04 1.817186264124815352e+03 -2.271595754657033831e+04 1.874311096034711227e+03 3.555006291881005745e+04 3.249551965090911835e+03 -3.311165005943621509e+04 -1.945238562453608029e+04 -3.321920209808018990e+04 -9.036970582623302471e+04 -1.188514339466198580e+05 -1.517843935588102322e+05 -1.680370823054912034e+05 -1.233703100529962685e+05 -6.653483290541754104e+04 -1.396366825552866794e+04 1.823078637702576816e+04 1.071075654845491517e+05 2.395736345387545880e+05 3.412891099548814818e+05
-5.485337969920146279e+05 -3.000623870476192096e+05 -1.454468216319219209e+05 -2.421053213080449495e+05 -3.906614999098746339e+05 -3.225992253070216393e+05 -7.561655813249666244e+04 2.673118632635311224e+05 6.144923276361443568e+05 8.929544243732376490e+05 9.201687582221350167e+05 3.047450349593431456e+05 -8.368679371133835521e+05 -1.418295300541939680e+06 -9.292869827083993005e+05 -2.639683603824593592e+05 6.501294503159448504e+04 6.731454639095324092e+04 -1.523478396740392782e+05 -1.666364435580181889e+05 9.970340595864225179e+03 6.376615521221514791e+04 -2.472245093114906922e+04 -2.513335335068427958e+04 2.245493142276233993e+04 6.746590194870787673e+04 1.548014913384760730e+05 2.067553015720844269e+05 2.729863889366239309e+05 3.047772896626335569e+05 2.591397815074380487e+05 2.597311850185367512e+05 2.672935347558823996e+05 2.342704922916163923e+05 2.422567207430256240e+05 2.137787918879259087e+05 1.176909659170994273e+05 3.325916232217430661e+04 -3.106305096938727365e+04 -6.209241051987174433e+04 -7.038349851143732667e+04 -4.159050101134236320e+04 -3.694936062300245976e+04 -9.509220677478917059e+04 -1.028274093041549495e+05 -6.030051138455729233e+04 -5.053978100921103032e+04 -9.224430232530640205e+04 -1.533401944241980091e+05
-1.376558047059260774e+06 -7.176373584339669906e+05 -2.617983505636588670e+05 -3.121161222300361842e+05 -3.920088722235597670e+05 -1.024076868150224909e+05 2.866059647981454618e+05 5.151247897845315747e+05 6.095425160536980256e+05 7.699679557508714497e+05 1.024431257372672204e+06 1.677275385384455323e+06 2.676025647484456189e+06 2.991093660044897348e+06 2.285540994730653241e+06 1.417871598431884311e+06 8.113342415372980759e+05 2.431237408011290245e+05 -3.158465781324049458e+05 -4.941552120843334123e+05 -4.073716191759002395e+05 -4.306428059796597809e+05 -4.877140258451625705e+05 -4.686635687963282689e+05 -3.857580357448747382e+05 -3.193726986275580712e+05 -2.156946454109849874e+05 -1.134547154065512586e+05 -9.939219185987906530e+04 -6.762561124825850129e+04 -1.520924271440925077e+04 -2.261773190999566577e+04 -5.108990063636144623e+04 -7.238497930724429898e+04 -9.600112296462617815e+04 -1.288743048281685915e+05 -1.884059557758155279e+05 -2.189879387956173159e+05 -2.286060950407772325e+05 -2.200290208254221361e+05 -2.031290759312473238e+05 -1.764676985739429947e+05 -1.802137991599732777e+05 -2.670115879042724846e+05 -3.479780762693192810e+05 -3.859452376826800755e+05 -4.355330425042132847e+05 -5.703082116410556482e+05 -7.593977945301111322e+05
4.529161962876599282e+05 5.831464662464349531e+05 2.723697528298362158e+05 -7.231470748518770561e+05 -1.530428045808948809e+06 -1.743042679316858528e+06 -1.647144654853799846e+06 -1.325872038420712110e+06 -8.961811254903306253e+05 -4.733296660640187329e+05 -2.004667869975672802e+05 3.591123633192153648e+04 3.601468661127364030e+05 5.606961843654060503e+05 5.651295748851769604e+05 4.347477956237707986e+05 2.419322579180883185e+05 -4.115270542915823171e+04 -3.710315834913852741e+05 -3.009281259096677531e+05 3.966783683052164997e+04 2.540942935712157923e+05 3.547922438126267516e+05 3.311429681882510195e+05 3.419089354823883041e+05 3.616910881139119156e+05 2.512750679682719056e+05 1.479834916100666160e+05 2.499944150498800445e+04 -1.228681963806594722e+05 -2.170980448017505696e+05 -3.038524995073757600e+05 -3.434839979450055980e+05 -3.853191925256394316e+05 -4.248717101478539989e+05 -3.741443449747385457e+05 -3.085777916844015708e+05 -3.443014952621166594e+05 -4.813416419863636838e+05 -5.988079214487136342e+05 -6.932212528872349067e+05 -8.162680146032660268e+05 -7.940593193544535898e+05 -6.069953562982119620e+05 -3.780720485668303445e+05 -1.186822818384459242e+05 1.325474923801464029e+05 3.733956172218280844e+05 6.117660511740446091e+05
5.836944941619725432e+05 9.917206480877210852e+05 1.359368844677264336e+06 1.536353348250049399e+06 1.706570957570584025e+06 1.914540637485042214e+06 1.728377033888136037e+06 1.269339305841713445e+06 7.956827619578335434e+05 3.100336709165275097e+05 -3.333795469916425645e+03 -1.528000165261980146e+05 -2.043941101949163713e+05 -2.093238665479291230e+05 -2.845636605265461840e+05 -4.340133805990628898e+05 -7.938230196799119003e+05 -2.448901659604015760e+06 -4.603639701352656819e+06 -3.820976694685085677e+06 -1.108483468423802406e+06 1.896717660356811248e+05 3.948080031880098395e+05 5.036063969616224058e+05 5.288452770042927004e+05 5.145168520242441446e+05 5.261142771920273080e+05 5.611203880489859730e+05 5.924639269256659318e+05 5.643513922076451126e+05 5.044711149862270104e+05 4.067157344706356525e+05 1.886708691375327762e+05 -6.775070794035797007e+04 -3.700537635932785925e+05 -6.435362898385203443e+05 -7.001528558674904052e+05 -4.929076641636139248e+05 -1.357220086220337544e+05 1.920232032252892386e+05 5.879080025740435813e+05 9.807297513442976633e+05 1.126269062609241344e+06 1.077170490013233153e+06 9.503734886347252177e+05 7.885556958610664587e+05 6.305818882930184482e+05 5.529487122649501543e+05 5.390304983888464049e+05
-2.787864807118598837e+05 -2.752657837253357284e+05 -2.436315212785846088e+05 -2.522904606321391184e+05 -4.084796196448587580e+05 -5.843258379877804546e+05 -7.321665630541243590e+05 -9.199985476346779615e+05 -1.071932891216275049e+06 -1.133415738360854099e+06 -1.054939977036193013e+06 -8.350961872209890280e+05 -6.440043977428285871e+05 -5.073118318584598601e+05 -3.873640359419365413e+05 -3.413922507125972770e+05 -2.394187155208061449e+05 1.309009923105913447e+06 3.723521357966454700e+06 3.281925446289531887e+06 8.772695104205203243e+05 -1.688128660538496915e+05 -2.274130189535212703e+05 -3.025984512711142888e+05 -4.416935601424486376e+05 -5.712201225019812118e+05 -6.868826157229340170e+05 -7.950997906217540149e+05 -7.887893123544199625e+05 -6.847694258023691364e+05 -5.684060117188346339e+05 -3.522516972706206143e+05 -8.670083568824455142e+04 2.334361400936166756e+05 6.135980107336223591e+05 8.347310832383660600e+05 9.161965722677994054e+05 9.212804687004261650e+05 8.332243763207225129e+05 6.072255350692996290e+05 2.751448007426359691e+05 -2.599508866223762743e+04 -1.847191989817651920e+05 -1.600678869750846643e+05 -1.861235831015070435e+05 -2.597345022849906236e+05 -2.383611332088913769e+05 -2.544476265167745878e+05 -3.291526560061846394e+05
-2.975732533272095025e+05 -4.103467023993289331e+05 -3.760554967739153653e+05 -7.627818274580920115e+04 1.998746043357094750e+05 2.203308307934640907e+05 1.746964866736378754e+05 2.024422927328123478e+05 2.546434273084015585e+05 2.980352556394062703e+05 3.342389311198350624e+05 3.382520003367246827e+05 2.600858187367702485e+05 1.034698184948501294e+05 -1.649023577011393500e+05 -3.301657477995469817e+05 -1.901682534923023777e+05 1.153317904881986906e+05 4.184631680506570847e+05 4.005440306289527798e+05 1.553247862611169403e+05 3.906196875723244739e+04 1.902668925285982550e+04 -9.289160578773487941e+03 -9.826407786240475252e+04 -1.730674654780158307e+05 -1.960251038269780111e+05 -2.249337304034274421e+05 -2.288765901892474503e+05 -1.727794076516145142e+05 -9.237317666011233814e+04 -2.191789069045602810e+04 6.128575583577912766e+04 1.216870836598536116e+05 1.849401719367598998e+05 3.046330062716147513e+05 3.715369990334874019e+05 3.322942214523942675e+05 3.045438166023811791e+05 3.452453439512454788e+05 2.667073436905042618e+05 7.155410494167963043e+04 -1.836708875271142460e+03 5.786448577971954364e+04 1.541193117685905891e+05 1.658801839986694977e+05 1.074560139288950013e+05 1.337625971881048754e+05 2.268340313941710629e+05
-9.250642968472663779e+04 -4.454823351126106572e+05 -6.074247211548207561e+05 -3.396134894554413622e+05 -9.179765995111665688e+04 -1.087147453040962573e+05 -2.518017139285802841e+04 1.235263492426748853e+05 2.440743135814410634e+05 3.964036479342030361e+05 4.862670425500986166e+05 4.775853526641006465e+05 4.348112818974184920e+05 1.402219512755254691e+05 -3.063231494696082082e+05 -1.763747029916697647e+05 5.939950124955059728e+05 1.379102003626030171e+06 1.695353949030976975e+06 1.224169398164958227e+06 3.850515983239172492e+05 -1.419668138214189094e+05 -3.868335780117204413e+05 -4.510373398338563275e+05 -3.729644650589758530e+05 -3.282109798443706241e+05 -2.829325496990345418e+05 -2.127193561669995543e+05 -2.151420800024060300e+05 -2.446837585532192606e+05 -2.734363568959085969e+05 -3.388749252334683551e+05 -3.741809697009754600e+05 -3.584541296117095044e+05 -3.349959456131907646e+05 -3.159398301278268918e+05 -3.004602280470133992e+05 -2.896426699295266881e+05 -3.005071923643116024e+05 -2.946763418377660564e+05 -3.464974228292714106e+05 -4.600305466237482615e+05 -4.268018230280709686e+05 -2.089326665141552221e+05 1.137110633695474826e+04 9.937986919474462047e+04 1.127127999601366464e+05 9.820560796048096381e+04 6.010618941152375191e+04
-7.136839328690152615e+04 -3.306702590103633702e+04 -1.357874673345210031e+05 -3.976425285400184803e+05 -4.335126494084398728e+05 -1.394407061198581941e+05 1.934661570744353812e+05 4.590027502167511266e+05 6.697520627451741602e+05 7.687158651483329013e+05 7.725938845762726851e+05 7.255741428095647134e+05 2.489534442255534232e+05 -1.717138693695596186e+06 -4.720065322408989072e+06 -5.307612334806109779e+06 -2.588976200529364869e+06 -1.077514761505881324e+04 9.158538329065772705e+05 1.049486306466350798e+06 8.023671942894714884e+05 5.099813257846101187e+05 3.969368371972818859e+05 4.110689960283341352e+05 5.090771606344061438e+05 6.766733308257237077e+05 8.372173054773882031e+05 8.962406116005165968e+05 9.228964171719412552e+05 8.974458016478451900e+05 7.980576442170422524e+05 7.452057600559067214e+05 7.128127744108526967e+05 6.286470562586328015e+05 5.225385940909469500e+05 3.894493308235541917e+05 2.421724346476546489e+05 1.143490837135328911e+05 -4.317740964499535039e+04 -3.789613071428891271e+05 -1.183010353733850643e+06 -2.285996861677339301e+06 -2.500421947530405596e+06 -1.521805897765804315e+06 -5.867798145538142417e+05 -2.100038907543779351e+05 -8.598484811322111636e+04 -1.864507891194126569e+04 5.816513026875257492e+04
4.708445404313537292e+05 7.485728933658539318e+05 8.902048824871594552e+05 6.777207571963659720e+05 3.781076633437623968e+05 1.404754870683245827e+05 -2.002368455456598895e+05 -4.965333683244540589e+05 -6.944934535177891375e+05 -8.055998802606333047e+05 -8.108936772397288587e+05 -7.081112298552040011e+05 -2.046043246328188106e+05 1.555678162348339800e+06 4.307163140988120809e+06 5.134479003190864809e+06 2.975690675843511708e+06 4.785177660733456723e+05 -1.135689782465487719e+06 -2.350632601049290970e+06 -2.942872902573430445e+06 -2.735985140085465740e+06 -2.075182071485109394e+06 -1.430003366859819507e+06 -8.658523620553736109e+05 -3.562567737748038489e+05 -6.227657772957161069e+04 1.700063419519579038e+05 3.489031974635145161e+05 3.822406838349704631e+05 3.793460907439293806e+05 3.272483680222651456e+05 2.485921291102576070e+05 1.998117966065183282e+05 1.484390610826082993e+05 9.915913831668160856e+04 4.207313153798156418e+04 3.666331123386044055e+03 3.308027153056161478e+04 1.916876385597420158e+05 8.554646710599687649e+05 1.900679861112656537e+06 2.086766352028929396e+06 1.110434875360220438e+06 1.889230104934568517e+05 -1.641305652816658840e+05 -3.175750986819926184e+05 -4.533802188389359508e+05 -5.793621029005488381e+05
1.998859953488130122e+05 4.722037899755379185e+05 8.698265080314008519e+05 1.266262079970328836e+06 1.300869414842309197e+06 1.039503077280969475e+06 6.693651113550728187e+05 2.807046428290049080e+05 -1.047396111971442588e+04 -2.218321101673062658e+05 -3.839304889228518587e+05 -5.111078845338489627e+05 -5.320626187365266960e+05 -2.706287460195015883e+05 3.953394109899815521e+04 -7.696015356348699424e+04 -4.408913691640917677e+05 -4.050569850158352638e+05 2.516313316039303318e+05 1.199743854786501732e+06 1.846469503590484615e+06 1.690752569265094353e+06 9.463370743194555398e+05 1.744859925266075879e+05 -4.574392196267591789e+05 -8.073759447576594539e+05 -7.877486755389685277e+05 -6.200218208701710682e+05 -5.031873583741253242e+05 -5.267185210362368962e+05 -6.352811430335710756e+05 -6.316782016481017927e+05 -6.324208093878427753e+05 -7.015606129587100586e+05 -6.307764835895062424e+05 -5.301675947719920659e+05 -4.361269897074813489e+05 -3.185279877323051915e+05 -1.860660794717117678e+05 4.514773497256077826e+04 2.887383250863803551e+05 5.292054782778719673e+05 5.815303093379026977e+05 3.524659402839454706e+05 1.598691144958872464e+05 1.348178758494028589e+05 1.706181215761176136e+05 1.509972931271479174e+05 8.199375116862641880e+04
-9.199012527481676079e+05 -1.643595550546815852e+06 -2.115604987662590574e+06 -1.736514910233963281e+06 -8.422584187679602765e+05 -1.035770430172123015e+05 5.070344458763427101e+05 8.311299343244903721e+05 8.221076611865286250e+05 7.174413092636675574e+05 6.018491646752955858e+05 4.438654113031228771e+05 2.763803876950987615e+05 4.093638088394799270e+05 7.141889374396847561e+05 2.630807210163027630e+05 -9.032443767264330527e+05 -1.607788500429305248e+06 -1.357535506805215264e+06 -4.948252902798410505e+05 5.337523729060902260e+05 1.402240407124774065e+06 1.927273085277778329e+06 2.080549093350491021e+06 1.854092092951758066e+06 1.265371959455370437e+06 5.373186165652424097e+05 -2.454077240086193196e+05 -9.184915424807684030e+05 -1.222647478232247289e+06 -1.254780592514070682e+06 -1.216369056844125269e+06 -1.081453415208529914e+06 -8.123259875171792228e+05 -5.616962527471326757e+05 -2.915445016269227490e+05 4.954858677233569324e+02 1.945559894776672591e+05 3.135915735786689911e+05 4.087884848134843633e+05 6.093934570801525842e+05 8.453491542109266156e+05 8.489537588794314070e+05 5.828495722818473587e+05 2.902575124785668449e+05 1.561736696071597980e+05 2.143487539327917621e+05 3.966567073556478135e+05 5.942319607783351094e+05
1.028876736345044803e+06 1.037025330346441828e+06 8.959221254911976866e+05 4.302557687907391228e+05 -1.900163083985536359e+05 -7.103796709416196682e+05 -1.004328783356467728e+06 -1.108202705321091693e+06 -1.024533920709947124e+06 -7.805322021812747698e+05 -6.151137830143854953e+05 -5.421758543928449508e+05 -5.131300087406268576e+05 -4.710790161041949177e+05 -4.234891833180880640e+05 -4.526496406574736466e+05 -5.428404036855500890e+05 -7.553932015060123522e+05 -1.083622604225892574e+06 -1.435214027552428422e+06 -1.596262088412038749e+06 -1.400953220560912741e+06 -9.628786520278682001e+05 -4.485641803461480886e+05 4.625131619752291590e+04 4.302953462577708997e+05 6.238018026332426816e+05 7.791415736815556884e+05 9.940640568303924520e+05 1.180408387619972462e+06 1.311923940081323497e+06 1.325529425504066516e+06 1.275066725261790911e+06 1.178897239169091219e+06 9.883251129004922695e+05 7.757707877353094518e+05 5.604330130361625925e+05 3.993031626688032411e+05 2.627117955403085798e+05 5.810782623215345666e+04 -1.785132609571898356e+05 -4.790093845732184127e+05 -8.785309708747782279e+05 -1.258648627680962905e+06 -1.542679575179283042e+06 -1.715166665135470685e+06 -1.630963199891704600e+06 -1.398405709691212513e+06 -1.200441972276358865e+06
-7.151114836634220555e+05 -4.192755505111562088e+05 -2.002620067257522605e+05 -2.257883981210759375e+05 -3.112707647908972576e+05 -2.330393959533104207e+05 -1.263278295143391006e+05 4.794933370183594525e+04 1.978417933268067427e+05 1.765745760183199309e+05 1.678225724420188926e+05 2.218305431475893129e+05 3.153860380988770630e+05 3.382808253315305337e+05 4.236632567016201792e+05 7.900801188033083454e+05 1.225135192371235695e+06 1.523472700815472519e+06 1.555441838010155363e+06 1.342603300150003051e+06 8.997916471948698163e+05 2.702675395947135985e+05 -3.361751332813589834e+05 -7.840645043579558842e+05 -1.002807050935516367e+06 -1.004130092842387734e+06 -8.409648063898921246e+05 -6.156663394192593405e+05 -4.160375394819859648e+05 -2.605436590514724376e+05 -1.711793477612810384e+05 -1.332729589907104964e+05 -1.411117861045208992e+05 -1.896669232557176438e+05 -2.589680978745310276e+05 -3.370183724188242923e+05 -4.040110882339650416e+05 -4.612184761864054599e+05 -4.857553241324054543e+05 -4.459701286707411055e+05 -3.430070757552310824e+05 -1.296859715144834481e+05 2.854725415538260713e+05 8.128567531963237561e+05 1.249766722239438212e+06 1.465457595436305972e+06 1.307599685969253536e+06 9.750641347163763130e+05 6.995357502256054431e+05
