6.519478175359836314e+03 4.407268272025248734e+03 3.371343727922070684e+03 4.918207688178881654e+03 7.955032594745716779e+03 7.731305025376965204e+03 7.478651803921820829e+03 1.417299409887621005e+04 1.840556310579815181e+04 1.933610938431228715e+04 2.423463814840035047e+04 2.984001649286711472e+04 3.483350819859423791e+04 4.029486153331617243e+04 4.014707148583055823e+04 4.103747727301652776e+04 3.700841819598284201e+04 1.424870981683852733e+04 4.749144174766115611e+03 -1.063940252609882737e+04 -4.266166327560300124e+04 -5.947285962127351377e+04 -7.299929293851177499e+04 -7.536521990334222210e+04 -6.881678154275957786e+04 -5.671168853469227906e+04 -4.887286981656415446e+04 -4.681488354516667459e+04 -3.207194185938536248e+04 -2.912394651617434283e+04 -2.088064816412958317e+04 -1.208018900963912893e+04 -2.042704590685397852e+04 -1.610028237912956683e+04 -7.630126213166469825e+03 -4.978898738895615679e+03 -5.581090539099037414e+03 -2.675073730711126700e+03 3.967638474391598720e+03 4.581661168499500491e+03 5.376583763318238198e+03 8.764120558262220584e+03 1.028501506165864703e+04 1.230928305058118713e+04 1.380439467029192019e+04 1.633760924510621408e+04 2.327848025443025836e+04 2.931047280691462220e+04 3.325729476597579196e+04
-1.153900586073174782e+04 -3.034656419795283000e+03 4.392008500317373546e+03 1.858296313675964484e+03 -9.746364704678853741e+03 -6.849723882623933605e+03 -6.401029856260720408e+02 -2.186292395777857746e+04 -3.477505710211521364e+04 -3.163727484676201129e+04 -4.390310477213462582e+04 -5.632081901608221233e+04 -6.266961940917096217e+04 -6.815842208589852089e+04 -6.329625846879024175e+04 -6.852363760031043785e+04 -6.357430684151960304e+04 -1.768638691261003260e+04 -1.438923534014960751e+03 1.503377477765752701e+04 5.883303829131345265e+04 8.053816110912518343e+04 9.970397415218956303e+04 1.025833956295355456e+05 9.559892286472857813e+04 7.967678186347264273e+04 6.672298456451242964e+04 7.220171907147245656e+04 6.197053376252372982e+04 6.459613793511383847e+04 6.321246969952885411e+04 5.222964438898099615e+04 5.777292240271913033e+04 5.946874995446701359e+04 5.447003192751249298e+04 4.204517346161082969e+04 4.603902587039562059e+04 4.828387982622199343e+04 3.389230834583030082e+04 2.965914056111604441e+04 2.406420927263749763e+04 1.953736290315649239e+04 2.020161011218978092e+04 1.033139961555204354e+04 -1.056563054579769960e+04 -2.970140132082626224e+04 -7.073476847265782999e+04 -1.409994682611876633e+05 -2.134708687487241696e+05
1.277422511741407216e+05 1.245922927186894231e+05 9.985166250796278473e+04 1.024209421891556121e+05 1.694324317595146131e+05 1.403551600348328357e+05 9.723190545881149592e+04 1.641118325356821297e+05 1.601959689778142492e+05 1.385953810211139789e+05 1.617623782915507909e+05 1.712588972595222876e+05 1.740688700765712420e+05 1.437876890301685780e+05 1.200743022452206496e+05 1.472585202600386401e+05 1.326408454610829358e+05 6.471976822721440112e+04 6.192347045823227381e+04 4.668540366050368175e+04 1.623763173821318196e+04 3.411660512243548874e+04 3.390759099926077761e+04 4.589711708054877818e+04 4.149064509735570755e+04 5.705820015155017609e+04 1.042514205863699899e+05 7.805062685744831106e+04 7.909070467036124319e+04 8.238981804311135784e+04 6.179936357231775764e+04 9.285946151284431107e+04 9.483419062362436671e+04 5.070523645017598756e+04 3.723617192847095430e+04 6.035416657099616714e+04 4.767590580435341690e+04 6.811822993804467842e+03 7.248970868997275829e+00 1.513731180129921995e+03 1.608725282167084515e+03 1.756889603208040353e+04 -1.521462330216297414e+04 -8.385708363208360970e+04 -1.483746207963848719e+05 -2.021038527615196072e+05 -3.017222057961784303e+05 -4.642721374489493901e+05 -6.245883645474980585e+05
7.066673037837957963e+04 3.843397605754935648e+04 3.076508583080815151e+04 1.684343556227756198e+04 -4.196590176808973774e+04 -2.877511791717552114e+04 -2.545512229518860113e+04 -8.026231785326672252e+04 -6.219824471705581527e+04 -7.570517376443604007e+04 -1.077192350757105742e+05 -1.280099382455955492e+05 -1.547914418623440433e+05 -1.166849745562103344e+05 -1.123621903279308463e+05 -1.771570902647910989e+05 -1.653964963017645059e+05 -1.248866234698106418e+05 -1.488643009255246725e+05 -1.510325081512746401e+05 -1.344971151569914073e+05 -1.495415481240706868e+05 -1.857152481076631229e+05 -1.968318091528089717e+05 -1.635109912627375452e+05 -1.663258797059459903e+05 -1.924562963343486772e+05 -1.819035017805075622e+05 -1.849191626694481238e+05 -1.687981384630074026e+05 -1.398817986583341844e+05 -1.452807723390107276e+05 -1.191271283017711248e+05 -8.295273735095176380e+04 -6.335460908392630517e+04 -3.915055547762673814e+04 -2.562847480912762694e+04 9.318025918910279870e+03 3.929439666590048000e+04 3.941572605552198365e+04 5.679140067142760381e+04 4.972397091467457358e+04 5.667126078846177552e+04 1.132556597989974543e+05 1.559872133201134857e+05 1.657731284115648596e+05 2.315372197212684550e+05 3.820551671814040164e+05 5.421144621602168772e+05
-3.080448016447729897e+05 -1.744888979198914021e+05 -6.326621366939460859e+04 -3.381266866854391992e+03 -9.526207591643556952e+03 -1.683442052799277008e+03 7.823357558238063939e+04 6.246151254141260870e+04 1.773841511329030618e+04 7.563822249194351025e+04 9.158848335026041605e+04 8.575786679275566712e+04 1.167984937135044020e+05 1.085895970197452698e+05 1.098619540534671396e+05 1.495232283452606061e+05 1.546906757865145337e+05 1.639659499927982688e+05 1.750086720794386929e+05 1.984800140122388257e+05 2.033514373706380138e+05 1.723028051171966945e+05 2.050494417803751421e+05 1.940324361454442842e+05 1.500217764768240158e+05 1.260378023896192899e+05 9.542511838688365242e+04 1.255315883467303647e+05 1.190442737289596407e+05 7.646726661660063837e+04 6.609388176057109376e+04 5.007527474792367138e+04 2.751826899339011288e+04 2.185718570297463157e+04 1.265604657080977631e+04 -3.048716236411553109e+04 -4.218058708191155165e+04 -4.055905929246371670e+04 -7.114004665731036221e+04 -8.097119529978932405e+04 -1.036070548053435050e+05 -1.138048101767166518e+05 -7.470428623873865581e+04 -5.102190207448079309e+04 -2.560113578238524497e+03 7.464689221480491688e+04 1.575043179657594010e+05 2.494060289218564285e+05 3.322301196896426845e+05
1.119539906112181488e+05 5.963139457613578998e+04 2.761360099593736231e+04 -8.733690699828090146e+03 -1.736762766942777671e+04 5.359017642331309617e+02 -3.289229441781574860e+04 -1.607637224284186959e+04 2.188494000369240530e+04 -1.916461783548584208e+04 -1.493241122694569640e+04 3.643981943809194490e+04 6.824465161480475217e+03 -1.825924643570021726e+04 2.206562818824755959e+04 3.118121634610369802e+04 3.476889642115449533e+03 -4.806325040626572445e+03 2.441404623092222027e+04 -1.087667633246397600e+04 -6.163364545129286125e+04 8.453322995356284082e+03 -7.644321295901900157e+03 -5.973929612069716677e+04 1.200841344556491822e+04 2.213486102125886828e+04 -1.677573641407419927e+04 1.450103079239861108e+04 1.593645232953364030e+04 -6.564398720516706817e+04 -8.258135196063481271e+04 -3.211867862162762322e+04 -3.049554247680120170e+04 -9.803692392990319058e+04 -1.224030047776610591e+05 -1.305799831938202260e+05 -1.591836246845193673e+05 -1.319833466545972042e+05 -1.630477363776296843e+05 -2.492606910848546540e+05 -2.508993792289404664e+05 -2.166259447824272211e+05 -2.038923199833510444e+05 -1.789571842833904375e+05 -1.533183767279846070e+05 -1.141259991149851558e+05 -6.836361633726480068e+04 -2.264629468074462784e+04 3.685627632206919952e+04
1.634161400893208629e+05 8.406854848508373834e+03 -1.285672184005306626e+05 -1.192753429476214806e+05 -2.762822906468500150e+04 -3.768389574303000700e+04 -7.465186147128400626e+04 -7.712705866870243335e+04 -6.176544973874121206e+04 -2.141279747880616924e+04 -3.796141627059126040e+04 -7.892292868447845103e+04 -3.852319123074272648e+04 -2.139570640752930194e+04 -5.266317148551018909e+04 -4.408345380597887561e+04 -1.600032536545768380e+04 -2.291797648420464247e+04 -5.711972701203194447e+04 -3.686153164715506136e+04 3.484573423771478701e+04 -1.993073325575445779e+03 -1.205666060352080967e+04 7.018974768794572446e+04 2.465031498959392775e+04 4.792526769273495302e+04 1.228638995630897698e+05 3.356646465865208302e+04 4.805428834657469997e+04 1.687655685112986830e+05 1.519343795510942000e+05 8.410207790511776693e+04 9.203842543571247370e+04 1.514137841196132358e+05 1.653509005505473469e+05 1.531376495497897267e+05 1.639495976136822137e+05 1.840919145911542582e+05 2.260597268838316668e+05 2.570093602642729820e+05 2.889606021860533510e+05 2.830085758038702770e+05 2.528576347584378673e+05 2.649505703965045977e+05 2.087428068789460231e+05 1.298866267569243209e+05 1.123989991442796309e+05 8.449300054238876328e+04 3.769855907670594752e+04
-3.261889936010264792e+05 -2.972860122765268898e+05 -2.190529366297050728e+05 -1.351281507556631695e+05 -1.266059068194590509e+05 -1.093337057561438996e+05 -6.324809283971250989e+04 -9.311924690919113345e+03 1.756337896447815001e+04 -1.309462978944799397e+04 4.558835742209339514e+03 3.227098749845020939e+04 1.830356008355005179e+04 3.268172104209940881e+04 2.270651858761988115e+04 6.935272766131674871e+03 1.729381571622064803e+04 9.616013299564714544e+03 1.931303909041162115e+04 3.013382939207076561e+04 6.403735794156091288e+03 -1.451594772115582600e+03 1.286940521073120181e+04 -6.821317637222702615e+03 -1.442065505812934134e+04 -2.296403340871608816e+04 -3.976758664841332939e+04 -1.818150038012396544e+04 -3.015098041541909333e+04 -5.842023713936214335e+04 -4.266446146360982675e+04 -3.424717681340558920e+04 -3.775121422168042045e+04 -2.788902419481007382e+04 -4.954166101193567738e+04 -2.351273016171052586e+04 2.938278394940192811e+03 -5.965255930525029544e+04 -5.546904148090106901e+04 -3.441808794123120606e+03 -1.386413096272025723e+04 -2.635920676813856699e+04 -3.373986979851906653e+04 -5.596639502757182345e+04 -9.145923777360352688e+03 3.227199100110738073e+04 7.334022090798243880e+02 -1.540583546182455029e+04 -8.397305858561769128e+03
1.119004030800350010e+05 2.175434260472322349e+05 2.510916041921154829e+05 1.571714546045403695e+05 7.016194512030784972e+04 5.316563911703275517e+04 3.399480530417361297e+04 -4.382915582536952570e+03 -4.576339671468304005e+04 -5.494942864930641372e+04 -5.755896123188000638e+04 -8.720963223560829647e+04 -9.525742876379808877e+04 -8.911333534255390987e+04 -8.091778037163743284e+04 -9.369864782071090303e+04 -1.188692818177152658e+05 -9.714458014772390015e+04 -8.794489692409115378e+04 -8.088990952473971993e+04 -8.316935801543859998e+04 -1.156701212430925807e+05 -9.815515919915941777e+04 -8.637119948154565645e+04 -1.066180111857465236e+05 -1.299136384370284795e+05 -1.366123849669018819e+05 -1.177901774908971129e+05 -1.309111078530257801e+05 -1.217948258737668075e+05 -9.300229846605358762e+04 -9.388159983838722110e+04 -1.261187449226057797e+05 -1.146538865263575135e+05 -4.458086346028710250e+04 -4.800841788470264873e+04 -4.778672494747283054e+04 -3.845942452218884137e+04 -4.711137329562922241e+04 -4.958430843071255367e+03 -3.433584140682849102e+04 -6.009548438956739847e+04 -4.139896242613747017e+04 -9.619203290119965095e+04 -1.493979838667656877e+05 -1.755217657184398267e+05 -1.879463399472299498e+05 -2.177008605021171970e+05 -2.809879687061361037e+05
3.869603115217611776e+04 9.763059077704383526e+03 1.367121081464571762e+04 3.090000221629451698e+04 7.206911762441450264e+03 7.956532068274093035e+03 4.089457020061671210e+04 1.582501391803809747e+04 -9.479670992222989298e+03 1.670206786719062802e+04 1.574400589863213645e+04 2.669125123975386305e+04 2.036506544525763456e+04 -6.566069753680492795e+03 3.181662388491530146e+04 4.033920696852871333e+04 3.502146348837411642e+04 4.409740707327726705e+04 4.752711500892472395e+04 4.053109346972631465e+04 1.403760698460247659e+04 6.089303386979758216e+04 8.362949505390151171e+04 2.350302768842095975e+04 4.893924099542366457e+04 7.766840553740624455e+04 5.273986463907931466e+04 6.246473633811558830e+04 4.688853200765157817e+04 8.245258940089144744e+04 1.082670518003943725e+05 4.601336112849804340e+04 8.511385674359201221e+04 1.266766655214087805e+05 7.470731201970914844e+04 6.565080549924448133e+04 9.290978566834388766e+04 7.138353073398338165e+04 4.381622428791166749e+04 6.008529687049298082e+04 4.285120496628200635e+04 -1.169871674239379354e+04 -6.673374462112388574e+04 -1.425474735821268987e+05 -2.016147062481106259e+05 -2.398446969527861220e+05 -2.550358704312752816e+05 -2.207936269579657819e+05 -1.682120507914032787e+05
6.064968511218461208e+04 1.367869953795889160e+04 -2.453736579387629172e+04 -3.567664286394574447e+04 -1.820395097784057725e+04 -1.733661235990439309e+04 -4.917762803012004588e+04 -7.285078772245475557e+04 -3.032571653813659213e+04 -2.945764055224572076e+04 -7.287833357211644761e+04 -2.632857390450238017e+04 -1.280106557998800417e+04 -4.299525076217832975e+04 -5.629750983775011264e+04 -4.300042393108003307e+04 -4.485986228974070400e+02 -4.147958114772336558e+03 -3.895743810207932256e+04 -5.550059808847424574e+04 -2.628536407803045586e+04 9.718949230264173821e+03 -2.293782578457472846e+04 -2.141789262670511380e+04 -1.545708218909567222e+03 4.226399508406757377e+03 2.141231620662414934e+04 1.444800707209645770e+04 6.834720017330243718e+04 4.591596318223269191e+04 -1.397404476301860996e+03 5.724252691052283626e+04 9.099962189724482596e+04 6.671857592868048232e+04 4.183241212514985818e+04 6.632225503610231681e+04 5.512391348805953749e+04 9.904255058125290088e+04 1.421995809415967669e+05 8.404481369845572044e+04 1.367367576508704806e+05 1.892004756330793898e+05 2.002677986930206243e+05 2.983241274021212594e+05 3.813758209220400313e+05 4.160944412086599041e+05 4.081087319513249095e+05 3.799000106045777211e+05 3.679922854314208962e+05
3.518524886956578121e+04 6.385047553394545685e+04 1.228724630342185264e+04 -3.854217748554213904e+04 -5.554707317824068014e+03 -3.353303188814606983e+03 4.676285333807754796e+03 1.913018087827367708e+04 -1.094534573177952552e+04 1.143111830933776218e+03 6.176370791163219837e+04 1.837009320352098439e+04 2.011576694192626746e+04 7.070525666615139926e+04 2.619647301238728687e+04 5.837168983671307797e+04 3.336837312592269154e+04 8.984207164648978505e+03 5.221751075856445823e+04 2.452541749160445761e+04 4.613377282395953080e+04 9.696803758342575748e+03 -6.156276753717975225e+03 8.162076933946058853e+04 7.151475244136218680e+04 2.267847544495458715e+04 2.184259689282055479e+04 4.457064927966718096e+04 3.004263665490737185e+04 -2.437935120724490844e+03 2.416943141550268047e+04 5.744995528566511348e+04 -7.165582931592944078e+03 -5.353868542137218174e+04 -3.468987349500821438e+04 -3.622493692550063133e+04 -3.127478719292406458e+04 -9.229221120422170497e+04 -9.823439102503494360e+04 -5.363454277055989951e+04 -1.161171684567314223e+05 -1.437992031763864798e+05 -1.100015319125665119e+05 -8.191570942817637115e+04 -6.758514602941440535e+04 -1.014700912141412991e+05 -1.015394380080396222e+05 -1.321540217519307043e+04 9.661400913835677784e+04
-1.204216149115018197e+05 -8.547776981049540336e+04 -2.241397674762998940e+04 1.078118513669323875e+04 2.378035603796888608e+04 2.553076427531783702e+04 -2.334582189294451382e+04 3.036911886316395248e+04 5.919005007217510138e+04 3.284593435218994273e+04 2.785238517590184347e+04 1.423003687457818887e+04 3.359408686865205527e+04 4.074008676692753215e+04 6.620939121366971813e+04 2.361497468846195261e+04 -2.030418545110442210e+02 9.462286065099760890e+03 6.649399128509685397e+03 6.949684961356976419e+04 4.975144891745006316e+04 1.928644437684881268e+03 3.615702553099260695e+04 3.497233240887010470e+04 3.188882615540918778e+03 5.798640850040075020e+04 1.133801368656349514e+05 6.366449422832386335e+04 4.643884331886495056e+04 7.775553733528793964e+04 5.796298083769220102e+04 3.115914982703540591e+04 1.006907993687505950e+04 2.749422119406503043e+04 1.008502247190337221e+05 5.572857447310557473e+04 -3.998190273850926314e+04 -2.084133033502445323e+04 -1.565540893665447948e+04 -5.733936735185110592e+04 -7.478846449543209746e+04 -4.628343045591496048e+04 -1.161151111277646705e+05 -1.982755460697446833e+05 -1.706225225448728888e+05 -1.968291172528546595e+05 -2.621915477926820167e+05 -3.391251761974835536e+05 -4.396459652427372057e+05
1.154049616480914410e+05 7.310067130347306374e+04 7.381399624668119941e+04 1.006835808401955292e+05 5.400307318661361933e+04 1.270908447644615080e+04 3.320047508430422749e+04 3.600269781003589742e+04 3.951883888228621799e+04 1.589965294508147053e+04 -8.711893102154019289e+03 -3.657544633839279413e+04 -9.617570963309833314e+04 -8.697776757850067224e+04 -1.145158339968475047e+05 -1.869401904743427876e+05 -1.706011718572701211e+05 -2.005388940717238002e+05 -2.992339909363362240e+05 -3.316042248507436598e+05 -3.305126217009814573e+05 -3.110409001771766343e+05 -3.372893050771387061e+05 -3.875257288594727870e+05 -3.520911581470861565e+05 -3.441470590183595195e+05 -3.303449819304656703e+05 -2.659896404713076772e+05 -2.527406027922551148e+05 -2.534293037236055825e+05 -2.233193181436217856e+05 -1.666783339733956382e+05 -1.359508459051731043e+05 -1.443289101062689442e+05 -1.607025939369488042e+05 -1.077755397375586908e+05 -1.221578790515195578e+04 -5.289124730916228145e+03 -3.628683195842290297e+04 -1.432722238729172386e+04 6.352510087090241723e+04 9.629396345349983312e+04 1.679644081817236729e+05 2.185307312597436830e+05 1.597351374218126293e+05 2.398674728538745549e+05 3.568645811989707872e+05 3.619326239209468476e+05 3.452386563830729574e+05
-9.765905088759609498e+04 -5.577020199110847898e+04 -3.506751694418198895e+04 -5.663519042405823711e+04 -7.370136220415588468e+04 -3.531973650766303763e+04 2.599578050212585367e+03 -3.441874924807064235e+04 -6.066714927801513113e+04 -4.424735590509953909e+04 -3.287906377685430925e+04 1.609546154657431180e+04 4.450409833385492675e+04 2.132781285094097257e+04 4.226837629910727264e+04 1.004715668802965665e+05 1.131734664811666589e+05 1.406658357935520471e+05 2.148847563199523429e+05 2.269389528054306866e+05 2.071194821377863700e+05 2.223354082048171840e+05 2.347101347652646655e+05 2.363017199136810668e+05 2.292800118292506668e+05 1.941389616702509229e+05 1.316380798913448816e+05 1.066559038921697065e+05 1.038567880028132349e+05 1.042691594083589735e+05 9.146660273880115710e+04 1.261070366032037418e+04 3.959035068604850676e+04 8.243509666848706547e+04 2.423909201657806989e+04 2.227247247312322725e+04 2.443626279222371522e+04 5.317581823554064613e+04 1.085812475207784446e+05 1.134546296404730529e+05 8.713161957130068913e+04 6.542523203366738744e+04 8.961668727526534349e+04 1.454105455497489311e+05 1.795036900426934008e+05 1.418216252853740007e+05 1.049955427275563125e+05 9.344582590681966394e+04 6.630631923122424632e+04
4.830079404295241693e+04 1.229042009792468161e+04 -3.787401993336970918e+04 -4.889102354223723523e+04 -6.844334444540436380e+03 -8.173329816781915724e+03 -3.076445826940468396e+04 -3.930132108733235509e+04 -3.304838212643523002e+04 -1.029622860398376361e+04 -1.287771940107637784e+04 -1.687760945547779556e+04 -7.692727571411523968e+03 -1.809018235973780975e+04 -6.223640944299404509e+03 2.502832092490285868e+04 1.503452539225696819e+04 2.769598992796090897e+04 3.948327836944372393e+04 2.741641171392981778e+04 5.408732726071306388e+04 5.844572824418707751e+04 5.601568080157457734e+04 6.182104558145513874e+04 4.633931368458426732e+04 5.119161673326735036e+04 4.956964503799090016e+04 3.093637300393316400e+04 4.548189134133271000e+04 3.170399997870829247e+04 8.316729921280009876e+03 5.122498675111311604e+04 4.157951299348531757e+04 1.179537548319780035e+04 5.192134129283668881e+04 3.407185909993149107e+04 -3.274931076011824189e+03 1.381417030796004110e+04 -1.777411896611720294e+04 -4.049959976466187800e+04 -8.619958794006277458e+03 -1.292232012114240933e+04 -5.453023589237985288e+04 -9.655387941988042439e+04 -8.443352332462424238e+04 -4.381605789050797466e+04 -7.827620559270195372e+04 -1.271957286006359354e+05 -1.364993758323519723e+05
-4.644304028253824799e+04 -2.019525132192936144e+04 1.858383838960432331e+04 3.365967666759388521e+04 1.016912567458348349e+04 3.366078140970785171e+02 -1.718864171416498721e+03 1.770806586508121109e+04 2.155263978973383200e+04 -5.629432981368154287e+02 1.896857788233901374e+02 -3.310907806080707815e+03 1.594544785621110350e+03 1.840348606870975345e+04 1.109511831811687443e+04 -1.087099094977020286e+04 -9.152128041896503419e+03 -1.646942649327681283e+04 -1.432892397584510036e+04 3.007329508982336847e+03 -1.314695379813187174e+04 -2.417040332744360785e+04 -2.419498506904352689e+04 -1.819186836481100181e+04 -1.766584137483732775e+04 -2.575510002236114815e+04 -1.385255898567257100e+04 -1.798261362317137537e+04 -5.007399162350333063e+04 -5.123225966679445992e+04 -4.411200555005048227e+04 -7.465812909613338707e+04 -9.446240928657099721e+04 -9.295374276574872783e+04 -1.170474615860440099e+05 -1.105697739368043258e+05 -8.786460931049077772e+04 -1.239412810848446388e+05 -1.127245190534451103e+05 -9.218483602853643242e+04 -1.029122728712537210e+05 -7.329605490922444733e+04 -3.652925588787172455e+04 -1.360353890464460710e+04 -2.160742136984475655e+04 -3.379965968561009504e+03 7.855248877582256682e+04 1.510220993962131324e+05 1.974759449923262000e+05
1.179371521955180797e+05 8.382380938928690739e+04 4.066251133685001696e+04 -9.759232988435542211e+03 -1.607269612941308878e+04 9.972457894764345838e+03 4.055386503656336572e+04 5.555506307799078058e+04 1.506231406718149083e+04 -6.121876867036888143e+03 5.420357232920662500e+04 2.970686279819361516e+04 -4.197612491821928415e+04 2.745785020510083996e+04 1.828812326872139238e+04 -4.214459748669469263e+04 1.180425048172759125e+04 1.662511385737161618e+04 -2.781377683393657207e+04 -1.976681632477266248e+04 -5.594402092683565570e+03 -3.200756838494277326e+04 -4.658049074096206459e+04 -4.842619111383098061e+04 -5.634839262129386771e+04 -4.435960560491371143e+04 -4.736457613296811178e+04 -7.810671448496592348e+04 -8.527056197934143711e+04 -8.332025929259543773e+04 -8.611459378415018728e+04 -1.051285329295209376e+05 -1.455828542106615205e+05 -1.393104045045766106e+05 -1.172166418453707010e+05 -1.220465805145794875e+05 -1.376980263116275310e+05 -1.793822854802423390e+05 -1.908929586435987731e+05 -1.646743747915748972e+05 -1.898764129213674460e+05 -2.046614174269785872e+05 -1.933317267472007079e+05 -2.031094095522714779e+05 -2.164568563783545978e+05 -2.380114555989706423e+05 -2.002089767895811237e+05 -1.165694349005210679e+05 -4.495220054122712463e+04
-8.712106133883929579e+04 -7.201776842892286368e+04 -5.116754604649031535e+04 5.623440559866197873e+03 3.370572591891686898e+04 7.854953468122403137e+03 -2.473336369752360042e+04 -5.996033167321013752e+04 -9.071388982192846015e+03 3.681989784701721510e+04 -3.887658236206352012e+04 -9.534180624323373195e+03 6.773045706686383346e+04 -2.483719297124474542e+04 -1.259858645404165145e+04 7.290288627795223147e+04 1.261487461561057717e+04 8.848286147913313471e+03 5.130922631113207899e+04 2.779076489103317726e+04 2.388491339101147605e+04 5.663509904705284862e+04 6.905628569533303380e+04 6.160692892190121347e+04 6.552646912794437958e+04 5.987824949072094751e+04 5.159446950587152969e+04 8.353108740906481398e+04 1.121162296170222980e+05 1.120572595332486817e+05 1.113345432749337779e+05 1.419820762788736611e+05 1.951155587291584816e+05 1.932847541938099312e+05 1.833935588195890887e+05 1.868974592979793670e+05 1.966265569406096474e+05 2.632708142951746122e+05 2.724541846931970213e+05 2.428346971466082614e+05 2.786197979072318412e+05 2.848102372199362144e+05 2.729317532797714230e+05 2.899471930562146008e+05 3.208533570089642890e+05 3.538949475481049158e+05 2.931825692117123399e+05 1.583584043120215647e+05 2.828802414514776319e+04
-4.319349849160062149e+04 -8.623360990313813090e+03 1.125159598639584146e+04 -4.009148320619715378e+02 -1.078531911298341583e+04 -4.480799390978062002e+04 -8.442208618311266764e+04 -3.705038935280744772e+04 4.068804971604544698e+04 2.828998484030307009e+04 -6.888338970747994608e+03 -4.597504908815602539e+04 -5.136534222998305631e+04 -5.048544164164923131e+03 -9.065588520752495242e+03 2.499392315869056620e+04 -4.689759825050557993e+03 -2.014004716569615266e+04 -1.265702290329499738e+04 -6.659817658255630522e+04 2.486926491510506457e+04 5.208231862823564734e+04 -7.829169244942037039e+03 -7.271954294919822132e+03 -5.095962280764084426e+04 -7.138606502194656059e+03 6.199655304531908769e+04 1.221718337656059157e+04 -1.771854845894270329e+04 2.159297609359795752e+04 5.194758557649036811e+04 8.913453947752364911e+03 -5.771933008276402688e+04 -4.929354560452351870e+04 4.117902201534912456e+04 4.143422818589919916e+04 9.884363080200382683e+03 2.352045631094374403e+04 -1.223650641433767305e+04 -1.542465736361913878e+04 -2.841472595544509022e+04 -3.308585014878220682e+04 -1.298661552304107499e+04 -2.705587197247959921e+04 -8.138600810292671667e+04 -1.054671693827546696e+05 -4.313395905002810468e+04 -6.260101801984886697e+04 -1.755705856245898176e+05
1.383312714810023317e+04 -5.992713768501125742e+02 -6.479622454789903713e+03 -1.372166845350875519e+04 -1.953238844012957998e+04 2.025684771222583367e+04 6.204175294325975119e+04 3.395861832344956929e+04 -5.713014278306209599e+04 -6.664103087670807145e+04 -1.089233503327702056e+04 2.265631075366394361e+04 1.359676594787742943e+04 -9.235822456175810657e+03 -4.320567600516369566e+03 -6.185586098043146194e+04 -2.427712148164593964e+04 -5.521539005931117572e+03 -1.399331386521225795e+04 4.839140750911609211e+04 -4.646050768533286464e+04 -7.490578644748861552e+04 -1.419973378797296027e+04 -7.912628713820653502e+03 4.184951355375247658e+04 -6.281185360130257322e+03 -6.765137463189591654e+04 -1.468735521280907415e+04 3.555930164511715702e+03 -3.716240622561610508e+04 -6.473922714612851996e+04 -2.461330747624712967e+04 3.481406541497568105e+04 2.018985047667243271e+04 -7.792512132466096955e+04 -8.280680019226588774e+04 -5.584711150688248017e+04 -8.872265662219451042e+04 -6.156527236009432818e+04 -6.801988286570101627e+04 -7.693023391591839027e+04 -8.685088706144582829e+04 -1.272562558518980804e+05 -1.410042490818889928e+05 -1.220224612937459024e+05 -1.417906305671927403e+05 -2.139575802566838101e+05 -1.560615469740160042e+05 8.351140083470381796e+03
1.840507343040368869e+04 7.970843131406581961e+03 1.070711795473471284e+03 5.285080059911706485e+03 7.120394184021279216e+03 6.911607481815735810e+03 1.014423145927138830e+04 3.309994184528462938e+03 3.369786015027777466e+03 8.020635878710891120e+03 4.181702153946382168e+03 5.747481497237458825e+03 8.922968592596582312e+03 3.374153697877765808e+03 1.531547449121717364e+03 6.616609586999409657e+03 7.084633612976183940e+03 5.330189531377982348e+03 4.872657085870741867e+03 5.338595195571539080e+03 4.406237394359774044e+03 3.106975658156439749e+03 4.659434606655860989e+03 3.346585856998000963e+03 1.568905114181688987e+03 2.995366591203484859e+03 2.612806592514789372e+02 -8.834773261332884431e+02 3.032593536481719639e+03 3.397023184152196336e+03 2.188087660397290165e+03 2.824047751419140695e+03 5.354844398243596515e+03 7.018647101576791101e+03 7.255842748199939706e+03 8.226735461284983103e+03 8.933968442142939239e+03 1.108536917774474387e+04 1.186564839925267734e+04 1.213755276934531503e+04 1.469964167437868673e+04 1.515049158733748845e+04 1.563837114532357737e+04 1.700076580338648637e+04 1.908887432102348976e+04 2.146746921876905981e+04 1.595417532182179275e+04 6.662896661800958100e+03 -9.840533377439714968e+01
