-8.544931979843204317e+01 -1.008799948504274653e+02 -1.140509100725657845e+02 -1.215343326652091491e+02 -1.231821387428235539e+02 -1.165132902132800155e+02 -1.067062870992076569e+02 -9.800532364682385378e+01 -9.112360692105539783e+01 -8.601397935436307307e+01 -7.889256703450064379e+01 -7.919442619396431837e+01 -1.005783164907470564e+02 -1.369473135459920741e+02 -1.622072065864622346e+02 -1.627733291216418365e+02 -1.468218772732579964e+02 -1.227946531891175255e+02 -9.354614452739451735e+01 -6.526072724998448393e+01 -3.681153704917414871e+01 -7.464170275159631274e+00 2.069031359434711703e+01 5.304885001192951677e+01 8.538450900488214756e+01 1.109351574316970073e+02 1.362002219369005616e+02 1.664327305507740675e+02 1.996074444551604756e+02 2.358453788540700771e+02 2.600452485764390076e+02 2.767522466124291896e+02 2.922239853996461534e+02 2.902254097036120584e+02 2.799642442847452912e+02 2.561489261593233095e+02 2.157283485449743239e+02 1.725899083642088954e+02 1.224321148757035189e+02 6.302383386683959543e+01 -7.288807550854471629e+00 -9.907157543567518587e+01 -2.189364697397513737e+02 -3.484855633842289535e+02 -4.729854775913900085e+02 -5.804529626014500536e+02 -6.517759595658235412e+02 -5.901560765132890083e+02 -4.151722132918876014e+02
3.293578419427740300e+02 3.764496870759085141e+02 4.168185358353348420e+02 4.499608368351291574e+02 4.729200446506529261e+02 4.887077453317269828e+02 5.068715285233702161e+02 5.156762040985922795e+02 5.177971787485275854e+02 5.134544032438443537e+02 4.810868577572528011e+02 4.109753251919555623e+02 2.462687179024323996e+02 -1.758933699067165435e+01 -2.265137764190694725e+02 -3.088961562468557531e+02 -3.354711688574607251e+02 -3.454169947092650546e+02 -3.479635188323718467e+02 -3.473106754153031943e+02 -3.546082695471486659e+02 -3.621481691117278388e+02 -3.673817248116865812e+02 -3.838230175877652073e+02 -4.057898576194493216e+02 -4.281412342829316913e+02 -4.507530768117012485e+02 -4.761806170855816163e+02 -4.998091275676051737e+02 -5.244942480281624739e+02 -5.254280697177546244e+02 -5.113248186548371450e+02 -4.947195148464452359e+02 -4.525152083933826361e+02 -4.012484877855367813e+02 -3.403250304987541313e+02 -2.689769694021561008e+02 -2.012632046436920064e+02 -1.328257481562477551e+02 -6.170505976692584227e+01 1.364947143837707699e+01 1.017350978201575344e+02 2.140954919658352082e+02 3.447155952524208260e+02 4.906654025014331637e+02 6.395615329006232059e+02 7.712129380452915939e+02 8.295799457684770459e+02 8.237555056492892618e+02
-8.004383810911494948e+02 -7.964450385799755168e+02 -7.871249219527944661e+02 -7.655025979252968682e+02 -7.303962894859596418e+02 -7.013090716792903550e+02 -6.665183926600984705e+02 -6.227023049818744767e+02 -5.743922216244900483e+02 -5.169209471602971462e+02 -4.541766674505070114e+02 -3.574027806017111288e+02 -1.747705301559508371e+02 7.542973337527109834e+01 2.644780024543015315e+02 3.350895433240639250e+02 3.432568849099825457e+02 3.297086748583133158e+02 3.025678930235826556e+02 2.757551412391203485e+02 2.577382536206769146e+02 2.381436968508587597e+02 2.243858664344606950e+02 2.168860722794361209e+02 2.211759681378916866e+02 2.420949435129132326e+02 2.712276123665997147e+02 3.053721936263373209e+02 3.368494114903860464e+02 3.741387299062444072e+02 4.075783395176549675e+02 4.386908709843610268e+02 4.740980063754068397e+02 5.039516179343881959e+02 5.312063010566198500e+02 5.543692832588421879e+02 5.788044002618880768e+02 5.964452414196784957e+02 6.075002807131277223e+02 6.167141538815812964e+02 6.054463537998890388e+02 5.874045500259962864e+02 5.575389334114588564e+02 4.968097660586281563e+02 4.123152206728918827e+02 2.990013285019595060e+02 1.730669577968546946e+02 -3.188168914334528381e+01 -3.232930981761674047e+02
1.303295412490406306e+02 1.666027686054694641e+02 2.142663771240404458e+02 2.528067826168371539e+02 2.844833961442127475e+02 3.095442719318343734e+02 3.192760425603300973e+02 3.417087875869183335e+02 3.606667238543268468e+02 3.735534427268648869e+02 3.903250075441646914e+02 3.958866774383532174e+02 3.953532162417868676e+02 3.996521500523194845e+02 3.979532695914567739e+02 3.886032291358715156e+02 3.811478500068005815e+02 3.598304148205861566e+02 3.319640520492757787e+02 3.111603700508931070e+02 2.863419090370553022e+02 2.575515534048026893e+02 2.213288583804896916e+02 1.856791887338367815e+02 1.547753060035538510e+02 1.180765616766148014e+02 7.948357566581398714e+01 4.063901199936299236e+01 1.321622580013354309e+00 -4.162178856503305724e+01 -8.650566193996201036e+01 -1.246809142595484445e+02 -1.667301849211507943e+02 -2.109540760451964161e+02 -2.450418839800477144e+02 -2.744322543984962977e+02 -3.052973801245971117e+02 -3.210725416670029517e+02 -3.331437191884469939e+02 -3.561486702816546313e+02 -3.661723377145899576e+02 -3.633192054749997624e+02 -3.566746171117774793e+02 -3.515115128531761002e+02 -3.483694313195665018e+02 -3.304363763638175442e+02 -3.026079276875789219e+02 -3.590384136250213487e+02 -4.981523184254474472e+02
3.464369472212711116e+02 3.816191338911921775e+02 4.207182173073706508e+02 4.591423171515561990e+02 4.760299819246683910e+02 4.770724262476542208e+02 4.608505548106477363e+02 4.446584873781648639e+02 4.277521631193631038e+02 3.920783062887167034e+02 3.440517006213813147e+02 2.690222187326071435e+02 1.681258814066677587e+02 6.169044605931048864e+01 -5.464784410401625792e+01 -1.598658835016140074e+02 -2.373780136589703034e+02 -2.825476647524264990e+02 -2.971324904272696585e+02 -2.988674542912776815e+02 -2.776142395926908648e+02 -2.564149833209921781e+02 -2.298461714647164627e+02 -2.046661514098086627e+02 -1.882011192227182619e+02 -1.659025389363414433e+02 -1.513280299853431643e+02 -1.484501062030212779e+02 -1.477928871045405685e+02 -1.513965956040046876e+02 -1.574092000834607461e+02 -1.676022439172847953e+02 -1.825259830940922257e+02 -1.951262404504923325e+02 -2.094745884632575326e+02 -2.141427549163854565e+02 -2.089997948244345025e+02 -2.039607992959681724e+02 -1.883469806224456988e+02 -1.538601887262375385e+02 -1.041290444391088386e+02 -3.548372975112215499e+01 5.952545552281299024e+01 1.748717436893966806e+02 3.040154001076261920e+02 4.325150919881780283e+02 5.344888526725117117e+02 5.637122136285688612e+02 5.376846235486300429e+02
1.444467584061421803e+02 1.751977366011378763e+02 1.877374309467886633e+02 1.946643544744110841e+02 1.971973345548321959e+02 1.921749543317491771e+02 1.779231320566941577e+02 1.507447957519580086e+02 1.314643487318171537e+02 1.149392484047057224e+02 9.306958735537773464e+01 7.626698272180146887e+01 8.869934783232747577e+01 1.278233449984254548e+02 1.795054059518733993e+02 2.210032208457050729e+02 2.465539808992652979e+02 2.647911278771680372e+02 2.710422037280040968e+02 2.632148210244267830e+02 2.532814429967329488e+02 2.473399450806828099e+02 2.287699850511162367e+02 2.142236101892958686e+02 1.957349795172049198e+02 1.732022975088293606e+02 1.539960721366987855e+02 1.326713851761778642e+02 1.107572487291181460e+02 8.701985147848245106e+01 6.881052623276264057e+01 4.765674994190703728e+01 2.084573840027951519e+01 -4.815708566518878797e+00 -2.553182504579308443e+01 -4.965361562059115386e+01 -7.111557111636648187e+01 -8.374812507133538020e+01 -9.256291880332355504e+01 -9.245751145002213889e+01 -9.047507259097983479e+01 -9.332780288124558865e+01 -8.889294609273565584e+01 -8.312663604714543908e+01 -8.563110153293018811e+01 -8.934341632152063539e+01 -9.491316386597463861e+01 -8.973470562585862353e+01 -6.806683438191248570e+01
1.591996949041276821e+02 1.497796640344022308e+02 1.154436708602006547e+02 2.101831873635092052e+01 -1.827736565332743339e+02 -5.162604111207328970e+02 -8.664476413438023883e+02 -1.078325544640487351e+03 -1.136988283896942448e+03 -1.104749576126363536e+03 -1.007360614679684659e+03 -8.804770335838293249e+02 -7.424709252232896688e+02 -5.818587167021323694e+02 -4.255101906281306583e+02 -3.020394376125586859e+02 -2.028144947664368374e+02 -1.256975581638253061e+02 -6.345788071859715274e+01 -1.744803327115732827e+01 7.582822505053627538e+00 2.948445002687367378e+01 4.268607143868939602e+01 4.872793053228815552e+01 4.988107746332025272e+01 4.526737425811006688e+01 3.884178984487152775e+01 3.033613526319822995e+01 2.020572820455709007e+01 1.283962898709069123e+01 9.017060600053810049e-01 -1.960960081032317248e+01 -3.163825773687858600e+01 -4.816247916917563998e+01 -7.604296880328547559e+01 -9.828483528892684262e+01 -1.135574110568850301e+02 -1.308488994774488674e+02 -1.450042212264779664e+02 -1.557058816687567742e+02 -1.599148219183480251e+02 -1.650490244210413948e+02 -1.800639181063161232e+02 -1.890774312408939295e+02 -2.064620128829192254e+02 -2.309075977009197231e+02 -2.407722079451013997e+02 -1.921778752409518347e+02 -9.076065694354474545e+01
-1.216005528727371711e+03 -1.278940285257631331e+03 -1.295561101527091523e+03 -1.224411913912495947e+03 -1.027254369258800580e+03 -6.937543744323920691e+02 -3.349942754619114567e+02 -7.910660571157495724e+01 6.236981570200441638e+01 1.307193376520081074e+02 1.586740075488705770e+02 1.706668278620272758e+02 1.709769169600331225e+02 1.747704972088322393e+02 1.824915106721673510e+02 1.795533464355175965e+02 1.698082608793411055e+02 1.701129055821365910e+02 1.737328233226871816e+02 1.729824214402615326e+02 1.733212158315800480e+02 1.737338608089266927e+02 1.796509770700722584e+02 1.888575059668073663e+02 1.952156771468726220e+02 2.004835264126086258e+02 2.023475424540956737e+02 2.058473280619946308e+02 2.178028149081364973e+02 2.231036139619172900e+02 2.215388304556690855e+02 2.310034138395494665e+02 2.329622330367492395e+02 2.259327794544806238e+02 2.202599526842022897e+02 2.114342038163740654e+02 1.953048265911493218e+02 1.842966004549889476e+02 1.771820380599674536e+02 1.622575690349476645e+02 1.544702367628342472e+02 1.372744656392169418e+02 1.085959323362258147e+02 7.808702886910032248e+01 3.668226703869731864e+01 -8.786444556411879603e+00 -5.880071468521782663e+01 -1.157691968905419344e+01 1.375758153293572832e+02
7.022177671523022582e+02 5.995312317405259819e+02 4.817025219192437362e+02 3.333085032056042110e+02 1.948600930232350947e+02 8.369079511185555020e+01 -2.261310341791977407e+01 -1.110774901154509280e+02 -1.705672132243416854e+02 -2.126658998329148744e+02 -2.523775972369185183e+02 -2.829540686943437322e+02 -2.976789330545580015e+02 -3.137823655258544022e+02 -3.240210819960921071e+02 -3.221043130203324836e+02 -3.159722768012143206e+02 -3.108852454178850166e+02 -3.024376317767091678e+02 -2.793317306110184290e+02 -2.610163486356832436e+02 -2.380828303088783287e+02 -2.026986735005193623e+02 -1.750429104625509353e+02 -1.456318083490841673e+02 -1.119910500830956153e+02 -7.738845076959114522e+01 -4.144447543395654066e+01 -4.249194003699813038e+00 3.548148118788958527e+01 6.799287435595761053e+01 9.794765831035329029e+01 1.311658521208737511e+02 1.565595696260497789e+02 1.776268649434568943e+02 1.939794214525245479e+02 2.006650581696158042e+02 1.996420948467493872e+02 1.943388632556889206e+02 1.851241721148981014e+02 1.533258201903445297e+02 1.046082532579384861e+02 4.379495752365619410e+01 -3.787192104855785146e+01 -1.254283740631653927e+02 -2.195742656062720926e+02 -3.217087048745597713e+02 -3.264354534298690851e+02 -2.355309556013671681e+02
4.064833383552904706e+02 5.122580310604244005e+02 6.224394318196646054e+02 7.336002143000077922e+02 8.283879463968405616e+02 8.908057211004852434e+02 9.159249939266446745e+02 9.154842914188775467e+02 9.005374766256572912e+02 8.494309133197530173e+02 7.310819772661488969e+02 4.814661235543026123e+02 1.134655719694128493e+02 -1.746725944687495939e+02 -3.055100843611071468e+02 -3.636690746036329074e+02 -4.018397369779122528e+02 -4.404600199330452597e+02 -4.693359748717775801e+02 -4.949662888708116952e+02 -5.119518325605313294e+02 -5.239634682092364528e+02 -5.393324294232297689e+02 -5.363803047608089400e+02 -5.250828498007394955e+02 -5.248706179539149161e+02 -5.180463228264343343e+02 -4.972775392481562449e+02 -4.809876202928498969e+02 -4.624674546725436812e+02 -4.387785840642318362e+02 -4.134824306687369244e+02 -3.949920654151646886e+02 -3.708241694132375414e+02 -3.390038877728948137e+02 -3.186607566259845044e+02 -2.984232251621651812e+02 -2.706426558536986704e+02 -2.492533904240772245e+02 -2.276497229185624747e+02 -2.018419925017515197e+02 -1.765809910511234193e+02 -1.521296841664297972e+02 -1.359979409381267033e+02 -1.180929695182203432e+02 -9.893829509767965646e+01 -8.479957664651738014e+01 -9.969241816652356647e-01 1.546910510292509571e+02
1.269888999819231685e+02 1.029533994699886534e+02 6.531600989055732498e+01 2.693171991415147204e+01 -2.510256283494527452e+00 -3.887259901368815918e+01 -7.456453229889302747e+01 -1.019732171073919744e+02 -1.250405917920579668e+02 -1.384419304602488410e+02 -1.020394785542302998e+02 6.801077619197894819e+01 3.550838441324231098e+02 5.464049326868189382e+02 5.795944653700862546e+02 5.552471176753824693e+02 5.123574622242158512e+02 4.624830569716577884e+02 4.089233632951145410e+02 3.579709967693343060e+02 3.022979549990195665e+02 2.439784117707749829e+02 1.759883599058448453e+02 1.005215394333063159e+02 3.947587610858317930e+01 -5.183976076499675401e+00 -3.822984861475561047e+01 -5.100601109493436525e+01 -5.573697884176363004e+01 -5.267021480213588802e+01 -4.393332760249904823e+01 -4.134507956067682244e+01 -3.095427883834781824e+01 -1.659699926599569153e+01 -2.678906721441308036e+00 7.744015802578360308e+00 1.935598015684809070e+01 2.177377063538006041e+01 1.132422873765608529e+01 5.894084331506746821e+00 -5.878923344382201321e+00 -3.168114290793891996e+01 -6.473914138371765148e+01 -1.038871620794161572e+02 -1.398263403799064690e+02 -1.846910930746671511e+02 -2.462997342888702406e+02 -2.839149865892031812e+02 -2.965704978863359429e+02
9.508717144829570316e+02 1.009849748697291943e+03 1.042844250798225403e+03 1.062240876905074401e+03 1.058439196086706943e+03 7.100979845607944299e+02 -3.701016111236822326e+01 -4.999551427256592433e+02 -5.503718429027430830e+02 -5.588497678781714058e+02 -5.555485452335924492e+02 -5.473826298299245536e+02 -5.445685034318958060e+02 -5.319641414185825852e+02 -5.081889326495875139e+02 -4.839134163178168819e+02 -4.592665317088103620e+02 -4.230859170419062139e+02 -3.784656619959569070e+02 -3.251518145340305637e+02 -2.638937797301769024e+02 -1.929119646441758960e+02 -9.977319794525101315e+01 -2.260789560255943798e+00 9.561902647314855130e+01 1.710353314401800162e+02 2.309196783375373343e+02 2.781800637573323911e+02 3.007741530154162319e+02 3.113376968274969840e+02 3.079989061771048000e+02 2.726865573253671755e+02 2.212577395585467457e+02 1.573717330418367055e+02 5.878353766552754678e+01 -4.044958779915759806e+01 -1.357061933234654134e+02 -2.140149572701120633e+02 -2.620218932032148587e+02 -2.987922636250150390e+02 -3.234311191627202788e+02 -3.375550704352644971e+02 -3.584288551589706913e+02 -3.675351403663953533e+02 -3.564213086857416783e+02 -3.370247727820751606e+02 -2.991002459361916408e+02 -2.298950003371428465e+02 -1.403548626103729475e+02
-5.422948800889571430e+02 -5.626741384227279923e+02 -5.691487473297165707e+02 -5.618871729806487565e+02 -5.255266347038414096e+02 -1.715046144301159075e+02 5.733845412004156969e+02 1.024079874770715833e+03 1.027306375585561909e+03 9.769987185048885294e+02 9.010917351496100309e+02 7.863046376768033952e+02 6.467523780784540577e+02 4.831280002649145899e+02 2.959830267903307686e+02 1.133814497155544814e+02 -4.539752470456005540e+01 -1.885456262490479276e+02 -3.189434409852110548e+02 -4.286179889101767913e+02 -5.108700778171187267e+02 -5.704533140623607324e+02 -6.124260360928601585e+02 -6.360650454391579842e+02 -6.384828080248917104e+02 -6.334581969768987619e+02 -6.246533748072470189e+02 -6.020392834885933553e+02 -5.702319067339049070e+02 -5.307830037184394314e+02 -4.852163303655543132e+02 -4.278057526725679054e+02 -3.485536490372469416e+02 -2.331689966518824804e+02 -9.966911216090375092e+01 3.517047462541086134e+01 1.575480788661152474e+02 2.448809990993031533e+02 3.059596505291847279e+02 3.404675892631858005e+02 3.578921418094760156e+02 3.650130498565195012e+02 3.521061988617293537e+02 3.455703414547970169e+02 3.531791524767177179e+02 3.644851740778103704e+02 3.847288124026890728e+02 3.811136680666313623e+02 3.509689279919257388e+02
-4.872140961952682119e+02 -4.849977683914185036e+02 -4.752464162431715522e+02 -4.589023203381511848e+02 -4.392456424543634057e+02 -4.085542467820487218e+02 -3.691539721748413285e+02 -3.299732347147219116e+02 -2.861147925083641894e+02 -2.258254756171518238e+02 -1.590234621058189077e+02 -8.547144598932936788e+01 -4.007027943618595600e+00 7.383261397021124139e+01 1.428569841956632445e+02 1.990639945645816624e+02 2.352617179198423401e+02 2.686162997427163646e+02 3.019718047626811313e+02 3.363780261200881796e+02 3.713045426985336235e+02 4.010659375925752101e+02 4.272935546489898115e+02 4.362040318262879737e+02 4.375511364024423528e+02 4.402398933267249959e+02 4.297706388485385105e+02 4.043170870479661971e+02 3.804772553212824278e+02 3.494622185617918149e+02 3.171351799781405134e+02 2.831926176495908294e+02 2.552183802662038943e+02 2.364128236384131014e+02 2.225614508137805387e+02 2.095256454503542045e+02 2.015441803140274715e+02 1.938114297334977891e+02 1.812853520829521585e+02 1.728805676482443232e+02 1.526361737220722716e+02 1.361204174862650689e+02 1.245244955579400994e+02 1.128773778835020494e+02 1.146771922573097982e+02 1.208820234587910818e+02 1.317057748709048610e+02 6.756038308014103677e+01 -8.041093562191235833e+01
-2.121549626352061750e+02 -2.893309402690356364e+02 -3.539865726341522532e+02 -4.089259557232144289e+02 -4.684894170957559254e+02 -5.054500356464850483e+02 -5.268234895344940014e+02 -5.444351067098759813e+02 -5.489253005943610333e+02 -5.442873658955941210e+02 -5.212369202484551352e+02 -4.722007714684441453e+02 -4.027755808433139464e+02 -3.117877337243990041e+02 -1.973148983748542378e+02 -8.852338773186784238e+01 1.379452301528363023e+01 1.072999451889918419e+02 1.620323924815311329e+02 1.852774341482581804e+02 1.894128987439617049e+02 1.748553082034195540e+02 1.569533686183276586e+02 1.413050066079740645e+02 1.184175438684178516e+02 9.868469508276029956e+01 8.542917749950720463e+01 7.059259907880914398e+01 5.180687343029421754e+01 3.274043079136754386e+01 1.299429385295661632e+01 -7.902133232564665377e+00 -1.549648430336674210e+01 -1.995630645791243296e+01 -1.900095625972608104e+01 -1.065929112971934956e+01 -3.399758624611422420e+00 -2.089598641687189229e+00 6.860295705686439760e+00 1.333139448512520175e+01 1.412323124763497617e+01 3.717352567597117741e+01 5.887805521942209452e+01 9.249815943936118856e+01 1.512491867303469917e+02 2.206103143033833476e+02 2.953973975650587818e+02 3.052336149820184801e+02 2.528680554873426445e+02
-2.487840530079265591e+02 -2.410108790857921122e+02 -2.261492719657544512e+02 -2.129550007922953228e+02 -1.973709760631609242e+02 -1.697221130149264354e+02 -1.422061797237693099e+02 -1.167174175893887877e+02 -9.737480119695828762e+01 -7.517952348006656393e+01 -4.738923516319482587e+01 -1.861001057547400706e+01 2.328765605976514053e+01 6.590028667318983935e+01 1.045980906454788055e+02 1.482188344262249302e+02 1.958544803397089709e+02 2.395289455921592889e+02 2.823656728633213788e+02 3.195536141437769402e+02 3.507932144605729263e+02 3.692857548360043438e+02 3.841624421824963065e+02 4.064974933317280374e+02 4.078599142595194280e+02 4.139756059092469513e+02 4.310018007304315688e+02 4.321284963907528436e+02 4.228956555721815675e+02 4.189373395667207660e+02 4.072243239469680702e+02 3.818025406258384464e+02 3.708471069349325262e+02 3.632274354179098736e+02 3.493751088692079065e+02 3.382057831778656691e+02 3.347515453826927114e+02 3.283613693459483329e+02 3.076026415222004289e+02 2.976738475580059458e+02 2.882753639758448116e+02 2.774899924988567363e+02 2.838738914546120213e+02 3.051421362558758119e+02 3.288291116450127447e+02 3.479408826623548521e+02 3.840360298667801544e+02 3.408346764762827661e+02 2.024262706253794022e+02
3.610643111039826181e+01 4.284370389209652785e+01 3.889440895596635528e+01 3.083003545738756657e+01 2.954357770051865373e+01 3.413096944931021426e+01 3.927956224366789684e+01 4.057870714597811457e+01 3.820382314317976125e+01 2.507174505361763295e+01 3.379376526645501144e+00 -1.207618593900406267e+01 -2.239626769348978996e+01 -4.664855107609764673e+01 -7.070536724927660543e+01 -8.597727230250893626e+01 -9.994711980604915880e+01 -1.129685864545026561e+02 -1.211725800384447211e+02 -1.218567891912389314e+02 -1.214698384298535530e+02 -1.207770602525270078e+02 -1.232621518765663495e+02 -1.182538363389758160e+02 -1.133195331948518287e+02 -1.075458704462653259e+02 -9.718520341152907349e+01 -9.503970500997093040e+01 -9.478909682789526414e+01 -9.488040745632315520e+01 -9.509836716706922743e+01 -9.448692946726805530e+01 -9.766471222580003086e+01 -9.107243018921872135e+01 -7.101686890315613709e+01 -4.797769372297625523e+01 -2.931597796756250318e+01 -6.796642699424410239e+00 2.047072583402041346e+01 4.544826590143202338e+01 7.772786370021640323e+01 1.214668199362495216e+02 1.823353353104175767e+02 2.513114013031881768e+02 3.335599802122596884e+02 4.290100715022563236e+02 5.287667935363569995e+02 5.403315615601750324e+02 4.601061365720524918e+02
-1.760578323942609131e+02 -1.798569802794518182e+02 -1.777468517549568787e+02 -1.751279280900052981e+02 -1.776258231194806285e+02 -1.688513787711126497e+02 -1.421543204805348068e+02 -1.193207179174642079e+02 -1.001707272898784140e+02 -7.361476611421676353e+01 -3.086955129676789511e+01 2.547970086075656582e+01 8.238233722158474848e+01 1.511826384772721212e+02 2.154839810170378769e+02 2.774330830564576900e+02 3.348404421108280076e+02 3.809953220390161732e+02 4.255155911952460883e+02 4.521283743935055099e+02 4.665639497349911835e+02 4.674217327485384885e+02 4.574045556591299828e+02 4.339793717539141653e+02 4.031321239399549086e+02 3.791953705742926104e+02 3.585093751523672836e+02 3.357821739609353244e+02 3.115106702486227732e+02 2.931008753863279708e+02 2.810449441530799959e+02 2.715360668377543334e+02 2.715956958868046058e+02 2.803403794069890864e+02 2.896789584539073985e+02 3.026690960154228378e+02 3.130204066668666201e+02 3.172457751777255908e+02 3.037719021722296020e+02 2.767901364215067588e+02 2.428265316509641707e+02 1.922981973396090325e+02 1.162925089250638848e+02 1.422909146924212109e+01 -1.200570188267593039e+02 -2.849017503049981315e+02 -4.677735995487601031e+02 -6.869763881766557461e+02 -9.331832215741160326e+02
8.357045616024697665e+01 6.827853946076356806e+01 6.385665060674364213e+01 6.373871881249942817e+01 5.804570508902543224e+01 5.706360810856858734e+01 7.298676996282301843e+01 8.410126961562491488e+01 8.416104375071881805e+01 8.985651969087484758e+01 1.034541372295352630e+02 1.234724984600470634e+02 1.426074768231774215e+02 1.775702907951053930e+02 2.129428013437718619e+02 2.506727462123526493e+02 3.062453657857549842e+02 3.622458244455337990e+02 4.350340128922107397e+02 5.219775808073900407e+02 6.163037949543795548e+02 7.279928022398380563e+02 8.347581843924708664e+02 9.279674235163402045e+02 1.014368688915317762e+03 1.064082129642236396e+03 1.012109536140997079e+03 7.697622592508705566e+02 3.072083087620558217e+02 -1.802798634832870448e+02 -4.841635289395489963e+02 -6.234775432583410293e+02 -6.921663731713197194e+02 -7.239907763057708507e+02 -7.306743090746167582e+02 -7.205189096071699169e+02 -6.986560999225766864e+02 -6.622706714787491364e+02 -6.109921329864009749e+02 -5.481776105231838301e+02 -4.475106401261000428e+02 -4.137968401976686437e+02 -7.470812948693783255e+02 -9.897399777284008451e+02 -8.634928436583577422e+02 -6.781845531427825335e+02 -4.396810948572237976e+02 -2.668300341446738457e+02 -1.576138728977530263e+02
3.532173133157484699e+02 3.394620101359614637e+02 3.192719035995105514e+02 2.961153683408483630e+02 2.670863450153119629e+02 2.410303970161039615e+02 2.234033961342502153e+02 1.950042772538727149e+02 1.553018430938973324e+02 1.191131967501423787e+02 8.227652496787777636e+01 3.889425301387382206e+01 -1.449300103195128031e+00 -3.955424433376174420e+01 -7.836870191855996381e+01 -1.280675901582726510e+02 -1.748606478850852000e+02 -2.174387743164261337e+02 -2.682684453174006194e+02 -3.174708098654373316e+02 -3.604083300265629077e+02 -3.939067735519929556e+02 -4.269878233595809434e+02 -4.608237314160214737e+02 -4.755713942751754075e+02 -4.468514999031613115e+02 -3.466738215183722787e+02 -8.616409962926991284e+01 3.775046545489603886e+02 7.825662935230066068e+02 5.699954804142034845e+02 -3.303920571139751701e+02 -1.020065869420097442e+03 -1.178905929311440559e+03 -1.228441693130487693e+03 -1.254933981800219044e+03 -1.262661667019754532e+03 -1.261032497819192940e+03 -1.243644851192017086e+03 -1.233182800346548902e+03 -1.209800188604480354e+03 -1.071529016636573942e+03 -5.120016372986719944e+02 2.269502876543265302e+01 1.914946207876346307e+02 3.417996882089064457e+02 4.731624747411551652e+02 5.306339164147357224e+02 5.237577640825184062e+02
1.171015900484053418e+02 1.195836476730328286e+02 1.151271194444416324e+02 1.123060641384508926e+02 1.143992513962875819e+02 1.183897328686871333e+02 1.237297006581648020e+02 1.243093401974620065e+02 1.202287219285499305e+02 1.083391414179932326e+02 9.530378174598445185e+01 8.670333618785662111e+01 7.003433989277982619e+01 4.476882899696647655e+01 1.368308333940512966e+01 -2.772199768359132577e+01 -8.352800456809927709e+01 -1.525025577570486348e+02 -2.299302002910990268e+02 -3.228219739215273876e+02 -4.277132483199966373e+02 -5.253622653012571391e+02 -6.188815409881353844e+02 -7.086149735807703109e+02 -7.922265985135163646e+02 -8.594178045534499688e+02 -9.168177877138223266e+02 -9.657313296423089923e+02 -9.956235195968911285e+02 -9.642195681018201867e+02 -5.126581564630178036e+02 4.668780110416992102e+02 1.153156691436641268e+03 1.271041905430422048e+03 1.261689104680335731e+03 1.213968409860026441e+03 1.129780573782496504e+03 1.025061174614063930e+03 8.567342385648953496e+02 5.258004794965963811e+02 1.811734357216628268e+02 3.881886354024754837e+01 2.805530664054094814e+01 5.104496519580425229e+01 6.690606922065489925e+01 6.818457588274031878e+01 6.323333225747046527e+01 5.644021532911574468e+01 6.443665524467360228e+01
-1.419856020474835532e+02 -1.344643867456325097e+02 -1.449365657909802394e+02 -1.596104308315698290e+02 -1.695725736440508626e+02 -1.843716825676820008e+02 -1.944561281105707167e+02 -2.090494823918998009e+02 -2.274599461904581403e+02 -2.490384553478943417e+02 -2.673282473112922162e+02 -2.874259842150204349e+02 -3.051734750491450541e+02 -3.206748345192027045e+02 -3.308365617898380151e+02 -3.346202221867861226e+02 -3.415057516623492120e+02 -3.334227321362268412e+02 -3.161501030801737215e+02 -2.846676297791564139e+02 -2.465440760624769609e+02 -2.164759717770502903e+02 -1.921067569496663054e+02 -1.735986694485327462e+02 -1.643475079176714644e+02 -1.566910072500031674e+02 -1.497638552246353356e+02 -1.497956431775528472e+02 -1.534776162774360273e+02 -1.615976231138920411e+02 -1.621427374310151208e+02 -1.641164110241516028e+02 -1.633422241736552678e+02 -1.553599688357790001e+02 -1.496507451593060978e+02 -1.470405293458024971e+02 -1.321146366390312323e+02 -8.207826180545089301e+01 2.327278266315988731e+01 2.804477661391429137e+02 5.891816457298555179e+02 7.284249151405820157e+02 7.580471848436573055e+02 7.693862877027859213e+02 7.645523368578287773e+02 7.544622175480762962e+02 7.280352704526158050e+02 7.140691529206960695e+02 7.244236393468454480e+02
1.173626718048035400e+02 9.588194107293384150e+01 7.779277990720584057e+01 6.157715939589252230e+01 5.079649264059844427e+01 4.483357875001092907e+01 3.606170138227753341e+01 2.935719032830093056e+01 2.686159374161798041e+01 1.609274202004598919e+01 -2.230240121352835558e+00 -1.239341601007618010e+01 -2.059555638926394749e+01 -3.108777418389217928e+01 -4.072428363695507869e+01 -5.365713491101632826e+01 -7.464983333443524316e+01 -9.212174007452267688e+01 -1.011786544624483213e+02 -1.175672598942328477e+02 -1.341391434034594567e+02 -1.497045343054051045e+02 -1.666938025842828210e+02 -1.782410551539796870e+02 -1.872535816052986775e+02 -1.980580647627502913e+02 -2.027947380980767775e+02 -1.987510767606727313e+02 -1.864611389134806814e+02 -1.666273790883715264e+02 -1.391668844442319823e+02 -9.188110448981751688e+01 -4.241523782540753018e+01 1.654142433089145925e+01 8.932927189262409229e+01 1.594418280748504912e+02 2.373348956142872339e+02 3.281010089151386637e+02 4.213043567895801971e+02 5.006182322090899106e+02 5.601034951986075612e+02 6.105566838754457422e+02 6.385555937293102033e+02 6.284039750460942741e+02 5.781483676843199646e+02 4.752597032518970082e+02 2.360487358231475810e+02 -7.989880573863629252e+02 -2.520045832832576707e+03
1.750932953666488174e+02 2.061928382701735245e+02 2.352717709669086616e+02 2.505966209336038446e+02 2.610202863310405519e+02 2.757725564680149546e+02 2.867198431930155493e+02 2.898338519618700957e+02 2.829235480234201532e+02 2.783635234157700324e+02 2.716277437524113338e+02 2.573910146118141711e+02 2.451254602777480613e+02 2.312471687382640084e+02 2.138702374596614391e+02 1.942647517488658195e+02 1.777942593687475892e+02 1.602058287969121011e+02 1.358676912587689003e+02 1.153355859989969758e+02 9.447570587866357528e+01 7.439132276063901372e+01 5.320417300992994569e+01 2.815403095891815610e+01 1.142862168433202896e+01 -5.970644249260658398e+00 -2.705112017861392815e+01 -3.643600638772477396e+01 -3.250679241717443801e+01 -3.217578890784352552e+01 -2.524002910568378866e+01 -3.257550279537099414e+00 1.905655789340380579e+01 4.670796857035020366e+01 7.364870883704861626e+01 1.071587603507505264e+02 1.586105155946715968e+02 2.220290418022050289e+02 3.057794568083045306e+02 3.885614280780282570e+02 4.815311160055425717e+02 5.752594532146176789e+02 5.945279572568542790e+02 4.578636911382636754e+02 -4.180007708963239565e+01 -1.077322117590752896e+03 -2.300163739098003134e+03 -2.278401568605215289e+03 -1.102709100685839076e+03
1.122085736904264195e+02 1.121466516022046562e+02 1.156143002667085966e+02 1.176796730454952922e+02 1.207945637116790749e+02 1.216786512264661724e+02 1.210006554392457474e+02 1.197200895227433648e+02 1.130891955574188614e+02 1.092952468752773711e+02 1.036710088022373384e+02 8.988256849198660348e+01 7.284410281147575006e+01 5.566364310657081660e+01 3.630559450789587572e+01 1.159484552906360477e+01 -1.854651833168463781e+01 -5.427817809239786584e+01 -9.210743772654677741e+01 -1.315054106596071506e+02 -1.680534679888660321e+02 -2.051997727700363612e+02 -2.428926619296980789e+02 -2.730593901238025865e+02 -3.007316707560530631e+02 -3.322446446153189754e+02 -3.618536836688435869e+02 -3.764196938580862479e+02 -3.850382768772979034e+02 -3.935316475235886173e+02 -3.982013432314997772e+02 -3.936279764184000669e+02 -3.862302381243207492e+02 -3.833539638442452997e+02 -3.842903478647640441e+02 -3.870753447173483437e+02 -3.857769138309231494e+02 -3.748140840694395592e+02 -3.570782602846011287e+02 -3.230450125527422642e+02 -2.816019991748034954e+02 -2.357892633588344324e+02 -1.712589968266693177e+02 -8.877181741260574199e+01 6.114823494874872267e+01 2.627722935228957795e+02 3.534333684289158555e+02 3.412726573820254998e+02 3.333757670476334170e+02
-1.351093537147244206e+02 -1.349398499167145928e+02 -1.309858054893411463e+02 -1.277101489579654299e+02 -1.232210007120593218e+02 -1.211996655584662221e+02 -1.261202185672009364e+02 -1.261880694424035028e+02 -1.207224090077361325e+02 -1.172572181605501100e+02 -1.205029576111119241e+02 -1.176254266665346222e+02 -1.084793204513116507e+02 -9.943986693832266610e+01 -8.776058771273528691e+01 -6.673605757574841846e+01 -4.117320076969917864e+01 -1.118431360491376836e+01 2.190430885374371428e+01 5.413820911997754592e+01 8.987563337938627228e+01 1.213970993916300358e+02 1.544937106846045936e+02 1.880233137675677426e+02 2.215605355673178565e+02 2.459771728872583481e+02 2.700726606092066504e+02 3.031637415584264090e+02 2.666905142637551762e+02 5.190622762042039540e+01 -1.491083465248084394e+02 -1.709375270520977210e+02 -1.541309380582533777e+02 -1.484396484539465746e+02 -1.366127145059435861e+02 -1.332244152136263438e+02 -1.325990485931979492e+02 -1.182383678727492224e+02 -1.037437675841501914e+02 -8.483948196961137000e+01 -6.212722040123480838e+01 -6.514277407445479184e+01 -1.357192186086613219e+02 -5.927793776631006040e+02 -1.756822288149021915e+03 -2.327934830131329363e+03 -1.455507051519787638e+03 -1.446518252943060361e+02 1.122203551752842031e+03
-1.083809800657909364e+02 -1.297214750210987404e+02 -1.419831964674813207e+02 -1.490629911722498946e+02 -1.644990192863333505e+02 -1.824692708891234361e+02 -1.979140012858260889e+02 -2.126519722398370504e+02 -2.300089402233134024e+02 -2.437967023364908528e+02 -2.540611725933849812e+02 -2.681984781628125347e+02 -2.760882266668195371e+02 -2.835456250526185613e+02 -2.882112423487124033e+02 -2.880956832371593919e+02 -2.879928031861491036e+02 -2.837060075379267801e+02 -2.819432941363775171e+02 -2.771206784045498352e+02 -2.749749340809357818e+02 -2.731383765338978264e+02 -2.653841140267322771e+02 -2.580480733045551460e+02 -2.524735910856106784e+02 -2.589156702427426353e+02 -2.520675226632738486e+02 -2.270004232095379848e+02 -1.326053153864340857e+02 1.485259901581739541e+02 4.202787493290961720e+02 5.303377191113540903e+02 6.093773931963951327e+02 6.743584352163306903e+02 7.314954512927797623e+02 7.873722849727200810e+02 8.304225708685698919e+02 8.581860149458807427e+02 8.440399669082253240e+02 7.066473158650624100e+02 2.239436925068730488e+02 -9.209609012083674315e+02 -2.347035281811229652e+03 -2.837909400157397613e+03 -1.760847616583807394e+03 -4.908590567309729522e+02 -7.061969974334351718e+01 1.157128837831696728e+02 3.427575956449727528e+02
-4.850902796981972642e+02 -4.708470690976537298e+02 -4.468627920322178397e+02 -4.115942972696502693e+02 -3.797194220416131429e+02 -3.504654854364634957e+02 -3.142333135368244257e+02 -2.766789787044690456e+02 -2.401492939022136852e+02 -1.991498294344637543e+02 -1.587009328929416370e+02 -1.224139539821771905e+02 -8.434776983619667590e+01 -4.943906301938113756e+01 -2.058441561588551849e+01 1.432180823062662967e+01 5.119733683209051378e+01 8.435357296414440498e+01 1.156922142110706773e+02 1.457639512902242132e+02 1.730657855032186490e+02 1.920370457610697486e+02 2.162749417121522129e+02 2.491933818394609261e+02 2.821236737986328080e+02 2.984754621861793566e+02 3.149993128978530876e+02 3.492581818532780744e+02 3.852296388838731218e+02 4.166411525018629618e+02 4.449540354369673878e+02 4.879787631415238138e+02 5.277912851859582588e+02 5.457385347990202717e+02 5.581591855571605265e+02 5.546888176777865738e+02 5.162747986012254842e+02 3.519883908219635487e+02 -4.358775950562558137e+02 -1.869235259913926711e+03 -2.575661214716266841e+03 -1.808202449538890505e+03 -4.094057008648524061e+02 6.142695775087049697e+02 1.051721805764798773e+03 1.191619511596916709e+03 1.165780724086478585e+03 1.086838415390317095e+03 1.018770506165048573e+03
8.466960005447617732e+01 9.602960504213115200e+01 9.368030923011247069e+01 8.399360171120497398e+01 8.474978958777501248e+01 7.825393170889583416e+01 6.486935922643169761e+01 5.814463182611507364e+01 5.647400302838650532e+01 5.628214880829909816e+01 5.702968586451606825e+01 5.379377568524796516e+01 4.842623782969894819e+01 5.068184028973337263e+01 5.659636656948714517e+01 6.416998331027571112e+01 7.485937219281913713e+01 8.252072609117021784e+01 9.263178910611895844e+01 1.050437888887245208e+02 1.133778105050732847e+02 1.190272961618029512e+02 1.327676671523950063e+02 1.566394229467550758e+02 1.794248870550945867e+02 1.873570765455369838e+02 1.945067155695869587e+02 2.194769640957820229e+02 2.393150670246977825e+02 2.579743086627859157e+02 2.655053448680264410e+02 2.525596517549420241e+02 2.125324931953800842e+02 9.428345136676216498e+01 -1.665598721416608896e+02 -6.547124392676050775e+02 -1.378078251953003928e+03 -2.024519557005900424e+03 -1.827956516329228180e+03 -6.452904751532478258e+02 3.226684869513846934e+02 5.938682050885981880e+02 6.677948488870461006e+02 6.907153507676848676e+02 7.021928321324230637e+02 7.262960568910930306e+02 7.740692018322879449e+02 8.799863134153711144e+02 1.026106610477494542e+03
1.018560865379986353e+02 9.288634270295733586e+01 8.492586861632298678e+01 7.953831945930141956e+01 7.477325104398187250e+01 6.776677176359225996e+01 5.446447401371551678e+01 4.790657734751584940e+01 4.656989112833980471e+01 4.268547608351218514e+01 4.024518049269681796e+01 4.340390080516226590e+01 4.473534780784393661e+01 4.447035280044656247e+01 5.253195867469185032e+01 5.724055881917593069e+01 7.024552910577040166e+01 8.536294817650923505e+01 9.303448815777665004e+01 1.024734498232719488e+02 1.123597377690603025e+02 1.202568003192718606e+02 1.376431066720688250e+02 1.657836307738616597e+02 1.874144560688582715e+02 1.939311382132000290e+02 2.095260566587967332e+02 2.374226860204944387e+02 2.652094720778986812e+02 2.914532646413135808e+02 3.115151900924684014e+02 3.259571585744561162e+02 3.196385764592560008e+02 2.646795971147366799e+02 8.644355367348180152e+01 -2.255400925010326318e+02 -3.742568789371580351e+02 -1.815660508151631802e+02 1.084917907483177260e+02 3.238091297064966056e+02 4.458842838400742039e+02 4.959637917609943543e+02 4.981344765783869661e+02 4.616497186593769584e+02 4.076190626781026367e+02 3.470670034529466648e+02 2.661586423709813971e+02 1.647786631320486777e+02 6.477339179778937250e+01
9.682474629924399778e+01 8.643023209582315758e+01 8.719002612429903820e+01 9.088857177368481643e+01 8.995361936136032455e+01 9.209931644346215762e+01 9.404508769401581958e+01 9.790475524670910090e+01 1.019623600864433683e+02 1.046034210106299724e+02 1.143876140815555118e+02 1.251627354720840231e+02 1.347890932250011247e+02 1.432506620659551118e+02 1.450245039344590623e+02 1.576346391825936735e+02 1.689354582408559509e+02 1.778438312552461866e+02 1.838679650117119309e+02 1.857494603415543679e+02 1.774178929999179672e+02 1.631845055044977926e+02 1.548379151930275839e+02 1.468786445424775593e+02 1.359287066651450004e+02 7.898230071063153446e+01 2.779895115643739700e+00 -7.053344105300493538e+01 -1.838936343032401055e+02 -3.504779488238564227e+02 -5.602969519423495512e+02 -8.092888169104990084e+02 -1.067374302907759557e+03 -1.240134955147164874e+03 -1.167546506998332916e+03 -7.091961742182902526e+02 -1.037177462150575593e+02 2.821284361127472948e+02 4.599607185373315588e+02 5.646400027349591255e+02 6.353505931674444582e+02 6.784529813016124535e+02 7.087700705470051616e+02 7.252923353262303863e+02 7.399782760701782536e+02 7.521853549422230572e+02 7.468459430033108220e+02 6.877864868795149960e+02 5.780414951175334863e+02
1.008040224436554126e+02 8.046583472608472221e+01 5.232240263139829040e+01 2.671233221908914857e+01 1.586523615114856511e-01 -2.276531076981336810e+01 -3.950705240076058544e+01 -6.013417083377134986e+01 -7.217085788887925446e+01 -7.481201512602274306e+01 -7.475919927912764251e+01 -7.363044768149848096e+01 -7.336467587537481450e+01 -6.927710210520308465e+01 -5.759413407524698414e+01 -4.609438617466366850e+01 -3.622581023638485931e+01 -2.353857346225413494e+01 -3.226314421568531543e+00 1.220415827681426890e+01 1.749845950520830229e+01 2.883055954542942345e+01 5.252044780855067074e+01 8.684616677806479856e+01 1.233632218799029943e+02 1.439809393956384156e+02 1.669099995982833207e+02 2.019961098040512297e+02 2.364566248616029043e+02 2.743306450143281836e+02 3.104340287341910880e+02 3.415697623837913852e+02 3.689332305483694654e+02 4.035782008134992793e+02 4.372121253511868417e+02 4.674671998411358800e+02 4.938820028913905844e+02 5.087332731142814737e+02 5.193449709458218422e+02 5.254640851278963964e+02 5.182509955634595826e+02 4.804408069063501898e+02 4.186878377863031346e+02 3.525476754260016605e+02 2.983563738377124537e+02 2.476142971403023694e+02 1.855806299186660908e+02 6.238453209516592324e-01 -3.015339999529533088e+02
-1.285606530960649252e+01 5.610253789025591686e+00 2.136136797492508776e+01 3.998778553225565702e+01 5.307890248621697538e+01 6.546722536589368246e+01 7.494392000397783704e+01 8.064810327108716592e+01 9.995941897132433951e+01 1.141312109353311826e+02 1.262975639527721796e+02 1.500726822167926002e+02 1.683575618955655955e+02 1.908715244605555199e+02 2.211567349837569054e+02 2.458167885182774626e+02 2.740388882665138226e+02 3.106553291494201403e+02 3.502348210641648620e+02 3.848182614812394604e+02 4.149806064332369715e+02 4.471322872385208029e+02 4.920794199200754520e+02 5.413941482058726251e+02 5.868387750734400470e+02 6.091572042253101245e+02 6.162201534329797141e+02 5.916621103329525795e+02 4.470149005634011701e+02 6.676326435562805273e+01 -5.159822073460381944e+02 -9.557885890233155806e+02 -1.049664493718533777e+03 -9.136718827101867646e+02 -6.759151519456354436e+02 -4.182822106403764337e+02 -1.863381024591508321e+02 7.282052008376922458e-01 1.562718843696347903e+02 2.915491804420307744e+02 3.858084078864194453e+02 4.449426999070565216e+02 4.812900920893298462e+02 5.027967429209966213e+02 5.317179896578891203e+02 5.654086202236067038e+02 5.949055594874953385e+02 5.242697855777514633e+02 3.529108976747374982e+02
-1.667327570381748956e+02 -1.651674881566432305e+02 -1.618645935583044775e+02 -1.620700500337698031e+02 -1.584388421729963738e+02 -1.502774632267828565e+02 -1.389134508094866760e+02 -1.275023774348665029e+02 -1.143548747707682196e+02 -9.593078250085818581e+01 -7.445608890426228754e+01 -5.128275528430822305e+01 -3.355010979768121615e+01 -1.181295029888860881e+01 6.552879385824780911e+00 2.297966080339392647e+01 4.772781174859846942e+01 5.905477594336844049e+01 6.272834025681368075e+01 6.600440397640340962e+01 5.390815857151756063e+01 3.323816939690732397e+01 6.849670660274568945e+00 -3.483689722776762210e+01 -1.044604080441058613e+02 -2.279597951349860523e+02 -3.971516278598573990e+02 -5.687405399073613808e+02 -6.560196199938945938e+02 -4.721855520963435993e+02 1.308317821280797943e+01 4.871001847251318395e+02 7.482245398437080439e+02 8.664638970863015857e+02 9.286443151179410052e+02 9.710782537104969379e+02 9.809019202802446671e+02 9.650522781172185205e+02 9.420788768932106905e+02 9.004748859604878817e+02 8.200035675009130500e+02 6.888012481707264669e+02 4.363355351570353378e+02 -1.264922833101009019e+02 -1.111441171444777865e+03 -2.070355139276944101e+03 -2.522927041535294848e+03 -2.596664022156735882e+03 -2.569400944221415557e+03
6.957515200579655357e+01 8.758558119347435422e+01 1.069172076076210942e+02 1.220795094021013938e+02 1.416589414310292341e+02 1.609732283448392991e+02 1.734683202099986374e+02 1.907853866553923581e+02 2.084469309863052331e+02 2.258213064004085027e+02 2.457295942871423904e+02 2.620249809813976754e+02 2.781374860290961806e+02 2.923169745077611879e+02 3.024692006607365329e+02 3.089318305103515740e+02 3.114319999975559767e+02 3.161601583586889319e+02 3.137958389850973617e+02 3.110897417010855861e+02 3.053485935119970236e+02 3.035286006843671203e+02 3.032340093590901233e+02 3.053393970603356138e+02 1.947788732069893740e+02 -1.057852816819329746e+03 -2.059508477260504151e+03 -1.734907561229279963e+03 -1.327838291800057050e+03 -9.040180699292686768e+02 -5.210346573683491442e+02 -2.122469552129332442e+02 2.199266393535071984e+01 1.994541352704691235e+02 3.271399776455364190e+02 4.241529954602301586e+02 4.948287999785679858e+02 5.279100702859577723e+02 5.303530472450947855e+02 4.681115516443387605e+02 2.831179952516104095e+02 -7.845474213475245051e+01 -5.897199289753334597e+02 -9.213374762818566523e+02 -6.401652049091935623e+02 -5.391341992691741325e+01 2.812689421785471495e+02 2.970889581343508326e+02 1.648363201360916719e+02
9.010262070296448655e+01 1.237836324086820241e+02 1.471790394126437604e+02 1.656893472481751814e+02 1.890899757114821114e+02 2.066577673370193224e+02 2.280997713248070795e+02 2.596314334279450122e+02 2.851607493179035373e+02 3.098647464028326795e+02 3.422250826240342576e+02 3.767289600320218597e+02 4.224721127441152930e+02 4.662297363984398544e+02 5.061334857594920322e+02 5.534645411423407495e+02 5.906819198082666844e+02 6.124990342967503238e+02 5.929300382609362714e+02 3.847439573304436635e+02 -4.114226551262254361e+02 -1.544446356959670084e+03 -2.209600708843267057e+03 -2.387929279302014038e+03 -2.280330555779539282e+03 -9.167025807785976212e+02 3.057022983590431977e+02 3.009741070187592413e+02 3.010211793658963870e+02 2.941470606939983554e+02 2.819844083097996190e+02 2.641496610711037647e+02 2.462394753243133891e+02 2.367817335557192564e+02 2.253116761754499748e+02 2.194902244951226749e+02 2.065504216086119413e+02 1.743681363851355854e+02 1.407374847543251235e+02 9.962699232410523109e+01 1.699137654871447012e+01 -1.204236605370824691e+02 -2.481857749869814143e+02 -1.700704209291434381e+02 9.218889287096681073e+01 2.502364634186669718e+02 1.721622662424051668e+02 -7.636245666889590211e+01 -3.782805163438897580e+02
1.152729151721578091e+02 1.218994237879232969e+02 1.280464796088926960e+02 1.283067125800880603e+02 1.228811963536427356e+02 1.166152826280740555e+02 1.132506499352748506e+02 1.079638627745152917e+02 1.010388082510326058e+02 9.164740463806083426e+01 7.712206720179528929e+01 6.408454783426714130e+01 4.987283630203455687e+01 2.086727639957098290e+01 -1.873228937046951614e+01 -8.725862105755368248e+01 -2.263496899768069852e+02 -5.123859612431260757e+02 -9.709578186080907471e+02 -1.300666679082001792e+03 -8.750180027895548847e+02 6.175044197568786331e+01 6.387820616408425849e+02 8.000968040482548531e+02 8.337557426119747106e+02 8.063199285186128691e+02 6.857743592290789820e+02 4.877712891975825187e+02 2.878581012236245442e+02 1.666314656225440558e+02 1.150067751716123894e+02 8.711752941127633676e+01 6.306303386678337120e+01 2.422499148434144445e+01 -6.865953245043056086e+01 -3.459357178230420686e+02 -9.527385433240851853e+02 -1.656480985553527717e+03 -2.122019794563268078e+03 -2.311819819595955778e+03 -2.244376548659609398e+03 -1.863497697226586752e+03 -1.198845990275178337e+03 -5.642706290125497617e+02 -1.925981170971062966e+02 6.069682017469312996e+01 3.709798699761158787e+02 5.678988189567462541e+02 6.126921828029444441e+02
-1.215723543919448275e+02 -1.325571527495631017e+02 -1.336105937075917609e+02 -1.296967708648880944e+02 -1.308531128038594034e+02 -1.333617475593055133e+02 -1.399257776308804750e+02 -1.488320798797358293e+02 -1.656561700545717031e+02 -1.921345954636635724e+02 -2.424934186493337620e+02 -3.270079864983854350e+02 -4.547659621557977516e+02 -6.396680472243169788e+02 -8.773448236107069533e+02 -1.121507848283625208e+03 -1.283533684287394863e+03 -1.255110392483620672e+03 -9.586346729713259265e+02 -5.529544365253823344e+02 -2.769421718270459678e+02 -1.379554389490513131e+02 -5.738795243928325363e+01 -4.053272655786713585e+00 4.165380317965173163e+01 1.132512959270097781e+02 2.431630552852002438e+02 4.098287242095684633e+02 5.448315075043647084e+02 5.774149401852337178e+02 4.987799843992979731e+02 3.477480361978523433e+02 1.351839380913588684e+02 -1.377658721914049238e+02 -4.260165760950767435e+02 -5.968864528939884622e+02 -4.490407961654127575e+02 -1.476863321208511479e+02 2.498583906373823993e+01 9.843930428707972169e+01 1.200717812491056975e+02 1.141609266118321102e+02 1.104667866865056567e+02 1.093354870270704851e+02 1.095295154493069276e+02 1.111506637102575041e+02 9.643413997313473374e+01 3.678804605634650216e+01 -5.448110137367621064e+01
1.571691970139509067e+02 1.500114283904840704e+02 1.344632456349791028e+02 1.006917832886101678e+02 1.635512046678923070e+01 -1.631803360781632364e+02 -4.067717428823525552e+02 -6.179043284228246193e+02 -7.670388702182681300e+02 -8.751089341818296816e+02 -9.498700693593418691e+02 -9.887590846224338748e+02 -9.709141639164299704e+02 -8.857157948404201306e+02 -7.334531113663979340e+02 -5.382966146951657720e+02 -3.420674219626234844e+02 -1.679158526513201650e+02 -3.291771472603431903e+01 6.845484038416179828e+01 1.530576530170801561e+02 2.242331833629868925e+02 2.724570001945248805e+02 2.998145969496690668e+02 3.239298177568998653e+02 3.502133914230216760e+02 3.616505904552759603e+02 3.477984083967749029e+02 3.140649656364112161e+02 2.522462210289668292e+02 1.425950747402093839e+02 -4.393726581797818653e+01 -3.168947699647105765e+02 -6.203748861514613964e+02 -8.328339632033894304e+02 -8.699063719024416059e+02 -7.625463902367919218e+02 -5.919623246123665012e+02 -4.376368031988386065e+02 -3.368728413130156696e+02 -2.792155546288995538e+02 -2.506948281028599013e+02 -2.341587447557540145e+02 -2.305692682822118513e+02 -2.361379243974224664e+02 -2.426236668339697644e+02 -2.576267171262297779e+02 -2.861943582927342504e+02 -3.211559052519733086e+02
-5.318927667156094685e+01 -1.411600675249064807e+02 -2.259736042508739047e+02 -2.880294770275359042e+02 -3.009824017893406563e+02 -2.158132337305578403e+02 -6.562850365767371841e+01 4.146084031643113121e+01 8.254020410514203832e+01 1.008947677733667661e+02 1.002124492228031158e+02 8.873267559416126460e+01 8.676110681871068664e+01 8.090469007357023656e+01 7.652081820141756907e+01 7.874196326296078041e+01 8.076095749402884394e+01 8.865948746335925534e+01 1.049775801624637097e+02 1.294701793046842795e+02 1.737357356724969577e+02 2.156012895015592221e+02 2.537292064374196343e+02 2.914527255249849986e+02 3.254914017228002194e+02 3.777518172999552917e+02 4.150142749556107447e+02 3.924020594029279891e+02 2.660203710785426665e+02 -4.712412246494204737e+01 -4.808561390563263558e+02 -7.736884266396809835e+02 -7.690143557115516160e+02 -5.407295527220703661e+02 -2.374332202802179381e+02 2.534044085181085393e+01 2.156384985758340918e+02 3.279946331899554934e+02 3.719955212486092933e+02 3.899330677540856414e+02 3.871070637421798892e+02 3.681163811450824142e+02 3.591964916092110798e+02 3.555162420545239002e+02 3.313585553996672388e+02 2.809523121613601688e+02 2.107396626983536407e+02 2.443264806356746703e+02 3.892048587674507871e+02
-2.214512864143762272e+02 -2.120583373921399470e+02 -2.062403162504488137e+02 -2.070638810957316309e+02 -2.047446073933388107e+02 -2.039394255068036728e+02 -1.978185394077445380e+02 -1.819126336594636086e+02 -1.670702237705700099e+02 -1.528835698123730253e+02 -1.292517789724224713e+02 -9.919113954310887493e+01 -7.180309044124442153e+01 -3.671227206889307126e+01 -6.214814225677400827e-02 1.994104671565582976e+01 3.382866479916265234e+01 5.293051486139302142e+01 5.718303062533959746e+01 5.211158551360131241e+01 4.339119897989439778e+01 2.538607361179310828e+01 -2.373693019573693164e+01 -1.052332543417869601e+02 -2.079576186473132111e+02 -3.077237012591212988e+02 -4.153203603773727082e+02 -5.292017190936312545e+02 -5.364681607694656122e+02 -3.075735921998275444e+02 1.113546974125492852e+02 4.910558953652798664e+02 7.157003964739851654e+02 8.331712520137953106e+02 9.045750573094119318e+02 9.519943319741578307e+02 9.750477225016220473e+02 9.746186653508048039e+02 9.478557491039973684e+02 8.849381477853748947e+02 8.029801114412548486e+02 7.183804703475034330e+02 6.279570799214707222e+02 5.143193685297737829e+02 3.758260222222306766e+02 2.045480001350515522e+02 1.573690901338704862e+01 2.636965567484730855e+01 2.283744340105913579e+02
1.067600803877576254e+02 1.061966253692808095e+02 1.073276649311010260e+02 1.138345508459897246e+02 1.245338700895081274e+02 1.400193297821388114e+02 1.542992553878284525e+02 1.618636282951338217e+02 1.811978701766347513e+02 1.986532562727225013e+02 2.130609592591936234e+02 2.329711592257372104e+02 2.439103055427258369e+02 2.560223206070950255e+02 2.690319989794224966e+02 2.837711776418436784e+02 2.926592842965037562e+02 2.938391497009433806e+02 2.979281332042010035e+02 2.989857820372853894e+02 2.971643494261661544e+02 2.729784980580734555e+02 2.077114237021014560e+02 9.087003767085843720e+01 -8.639117191932746209e+01 -2.649916760167980101e+02 -4.334697417980351020e+02 -5.648818362024612725e+02 -6.009824751859996468e+02 -5.739936758934345562e+02 -5.026420262170722708e+02 -4.117506048897339497e+02 -3.262162912269413937e+02 -2.533015508503885940e+02 -1.958477181183407083e+02 -1.533997301713097841e+02 -1.192779611361038405e+02 -9.233468330875621177e+01 -7.717610248940763995e+01 -6.946772800490725785e+01 -5.724009119943366386e+01 -2.158715939649846405e+01 3.065706571907503530e+01 8.557547181902918965e+01 1.137209405969479121e+02 9.240568236765102483e+01 3.023091074911644682e+01 1.258333857463148888e+02 3.968937402408337221e+02
1.108544768005376682e+02 1.560548009950434789e+02 2.082503202708030585e+02 2.656743969077360816e+02 3.161146966140659060e+02 3.602644828740449157e+02 4.085089991950953845e+02 4.505534679841366597e+02 4.824889199607714545e+02 5.064701905067777261e+02 5.216118557334411889e+02 5.249864740493940189e+02 5.083934087026864290e+02 4.704721795751829632e+02 4.050525393057905603e+02 3.030097901027183980e+02 1.731531922837602906e+02 2.922098558052675799e+01 -1.128148940658429638e+02 -2.418988024172431324e+02 -3.464501517224125564e+02 -4.179545707896177191e+02 -4.630988370957493316e+02 -4.686354002855950966e+02 -3.978172892220027279e+02 -2.386062710571277421e+02 -6.414926190415280871e+01 6.702135015671956353e+01 1.549242413133906666e+02 2.024036106337443925e+02 2.309279876482905820e+02 2.454390832555363886e+02 2.431298586434277240e+02 2.268623049973975867e+02 1.942452402557828464e+02 1.630285670860612299e+02 1.406654839300317690e+02 1.187447397997602820e+02 9.328173996027908288e+01 6.241311727929860353e+01 5.036089877827907912e+01 5.913986647533602081e+01 7.447195715294219553e+01 1.033533133967139293e+02 1.173509604160499293e+02 9.801099899155087769e+01 6.785741335226339288e+01 2.032239527330966666e+02 5.010401667685946450e+02
-1.120925516018178314e+02 -1.220713023816642817e+02 -1.254663068671070505e+02 -1.236585687960032374e+02 -1.176839304349559825e+02 -1.061603117436170578e+02 -1.012930174726061523e+02 -9.661962872924050316e+01 -8.492992264640633948e+01 -7.115639677617582493e+01 -5.565844443484093063e+01 -3.603502589318668470e+01 -8.921402583015151322e+00 3.507784302762593143e+01 8.960645695208222605e+01 1.685996264809800778e+02 2.696558157793770079e+02 3.731779894918145146e+02 4.728306558961048722e+02 5.521395940109214280e+02 6.218221077492053155e+02 6.726081638604809996e+02 6.824686506192083471e+02 6.704471203489520121e+02 6.504152368340874091e+02 6.337121844679932110e+02 6.096060183131776284e+02 5.650725849458831362e+02 5.224492770899960306e+02 4.801380648132762872e+02 4.413206523623957764e+02 4.020521422259334940e+02 3.551423213781090453e+02 3.102723201312473975e+02 2.554253992026206106e+02 1.929859459076833446e+02 1.396586130898504052e+02 8.920356883926433511e+01 3.972005372619605623e+01 -1.646452063514152542e+01 -6.843278658523922786e+01 -1.162322984540660400e+02 -1.761212890784663614e+02 -2.473555741582531482e+02 -3.366153320552257355e+02 -4.338778029899985995e+02 -5.141019070317561273e+02 -4.953020452050841413e+02 -3.919070888634305447e+02
-9.191019654154661112e+01 -7.452692433536867611e+01 -5.989982083006179892e+01 -5.010863562091253698e+01 -3.773278612017747946e+01 -2.314332444805768318e+01 -8.264635336439823732e+00 1.207881122903199866e+01 3.006746029728674330e+01 4.450809145503444597e+01 6.546592416695784777e+01 8.429305608855793253e+01 9.580402003266499378e+01 1.071516612571431324e+02 1.253289914217893966e+02 1.418574765957018826e+02 1.589815737391472794e+02 1.721110917294572573e+02 1.890898410767258611e+02 2.103588830521330237e+02 2.212188368118077051e+02 2.332105291417392436e+02 2.315619491419638507e+02 2.095054235253483057e+02 1.819869331115041859e+02 1.458548610157158691e+02 9.881583038598182611e+01 3.673765814898069948e+01 -4.302909289166564122e+01 -1.128845032358367462e+02 -1.662096285614825319e+02 -2.147943699159077369e+02 -2.630642520785040688e+02 -3.091790753176028375e+02 -3.509088088562712073e+02 -3.861662752481352072e+02 -4.192375824794289656e+02 -4.507386335364426486e+02 -4.768102670842490625e+02 -4.907732731561409310e+02 -4.927717269982094876e+02 -4.725899278043361846e+02 -4.210894284117384814e+02 -3.454856514126004186e+02 -2.589261273723095655e+02 -1.870053510060533881e+02 -1.173194244974292815e+02 -1.735846133856102824e+01 1.032170149963349104e+02
4.511736033932538703e+01 4.971107161152758636e+01 4.026833249526680447e+01 2.986331703152973205e+01 2.772438167346990667e+01 2.088019716306007467e+01 1.621077358091133647e+01 1.654461481762700714e+01 1.448271633670083247e+01 1.346060329378815368e+01 5.353018230525776744e+00 -5.481382659520022571e+00 -1.763637830101652071e+01 -3.981118534732377157e+01 -6.345902906431001611e+01 -8.838919290815829299e+01 -1.175067088374926243e+02 -1.512974722157232463e+02 -1.889375706608116161e+02 -2.246057206536061130e+02 -2.524012240576557815e+02 -2.695117517689068336e+02 -2.796379285232978873e+02 -2.764506374337070156e+02 -2.541963385361596011e+02 -2.079457588578225113e+02 -1.442207595785148442e+02 -7.129355458461213857e+01 6.518738727987511083e+00 7.335332367272349074e+01 1.346199207739846315e+02 1.850779046936368104e+02 2.107882219431630801e+02 2.087759511595941149e+02 1.912161602913110983e+02 1.605044741074088961e+02 1.150943556401180103e+02 5.885106631048256531e+01 -1.150283846969250590e+01 -8.587874638123321347e+01 -1.580152266015356872e+02 -2.245436489881831221e+02 -2.775749788854154758e+02 -3.265048126910114661e+02 -3.570681698814441916e+02 -3.561815631919307634e+02 -3.268195005970774218e+02 -4.164315035085310228e+02 -6.408144285533344373e+02
5.573472160749952309e+01 6.443089942637016065e+01 7.788618603534996510e+01 8.587783737658173777e+01 8.727528999981586821e+01 9.826910184614825994e+01 1.092339657531119883e+02 1.167774134023638908e+02 1.214237260765221436e+02 1.190777507468883414e+02 1.111145722193759866e+02 9.224316904705483466e+01 6.970145082849194296e+01 3.733282344177132472e+01 -7.608817689848365262e+00 -5.780865425948286429e+01 -1.121821294290130027e+02 -1.590598388340440579e+02 -2.002283130575960968e+02 -2.299733047132031061e+02 -2.508607665359450039e+02 -2.672866220068826806e+02 -2.653551159720518626e+02 -2.531900738867116161e+02 -2.393187681336712558e+02 -2.303202891705732327e+02 -2.271690913432394154e+02 -2.211211953639285639e+02 -2.143625674163631629e+02 -2.057383873392245732e+02 -2.045144722430268303e+02 -2.047804103919770569e+02 -1.964064146999735385e+02 -1.851260955771431327e+02 -1.656374021848896518e+02 -1.452889012564846780e+02 -1.196787881084892433e+02 -7.582785759581020102e+01 -2.638359536408097483e+01 3.117424411108368076e+01 9.036199210546328686e+01 1.373017151320236735e+02 1.837617007785884198e+02 2.306880546032625716e+02 2.951289622496406082e+02 4.096407659594842698e+02 5.636629232244158629e+02 3.998928050064132549e+02 -9.069673559418879449e+01
-2.052741484760190360e+01 -5.136600300821010023e+01 -8.633144145502592437e+01 -1.280013262275024317e+02 -1.748912221547798254e+02 -2.233193255992373452e+02 -2.644612295790866483e+02 -3.051054224007821176e+02 -3.420726572040293831e+02 -3.697579414011270273e+02 -3.893497851130086929e+02 -3.953423489234701265e+02 -3.875910153374425136e+02 -3.629771768773207441e+02 -3.256283669958356768e+02 -2.770815283659612760e+02 -2.168857091425743420e+02 -1.534770974808780011e+02 -9.540606535965343937e+01 -4.977584885564283468e+01 -1.935287682435591705e+01 -2.896662465820554644e+00 1.491739407804561779e+01 3.786323715865728445e+01 5.246091900524334051e+01 4.015933324216166511e+01 2.847351836937014014e+01 3.010804257789277472e+01 2.613531564944423735e+01 2.180088486871682107e+01 9.538590304291574284e+00 -6.558981674519600347e+00 -1.503515484035597183e+01 -1.095038664410822093e+01 1.895742247201269493e+00 2.184112088903202675e+01 4.502854032762115821e+01 6.288505567863467149e+01 8.736827923945384100e+01 1.164797025598236360e+02 1.379694875529676210e+02 1.520081556395161897e+02 1.569777151803427842e+02 1.786244699614471756e+02 2.610432351958588697e+02 4.474551880375947803e+02 6.881536057860066649e+02 3.872815485454339068e+02 -4.476286494706291705e+02
2.792606783377996180e+02 2.313728724212560337e+02 1.734720337783510331e+02 1.157677938266424462e+02 6.997076157858828083e+01 3.735455095375073142e+01 1.632173319847788662e+01 8.988589388405671343e+00 1.417979952081805095e+01 2.484687639621552080e+01 3.887449792047846131e+01 5.261223406749195419e+01 6.750984075490850955e+01 8.274214508957811631e+01 9.263126580201787874e+01 9.807636080004158430e+01 1.064604608998051845e+02 1.079568707096041180e+02 1.019134112471074332e+02 9.456914882716955617e+01 8.119310439337277785e+01 6.530842900543939322e+01 5.564327505978872068e+01 4.982182292838115245e+01 4.643287009996129200e+01 3.643435303686419502e+01 2.478219682144117542e+01 2.164322030279436149e+01 1.837493867371813394e+01 1.609109244970022701e+01 9.614445290033472702e+00 -6.700737723149359226e-01 -2.573924628028180450e+00 1.695818626991240308e+00 1.102948919383925386e+01 2.401592695282306522e+01 3.883236758309067227e+01 5.159074173838598654e+01 6.507305511666345410e+01 8.323850441188551486e+01 9.407680833496851847e+01 1.003375685206265189e+02 1.025844581683631986e+02 1.047469557853473816e+02 1.125045570913353004e+02 8.700851638329913840e+01 -4.306713304424192756e+01 -7.810905952882603742e+01 5.390329463710077107e+01
-2.656973206272523385e+02 -2.080832557768153492e+02 -1.332360344140615780e+02 -4.956962313817348331e+01 2.439145885745529085e+01 8.164413950135349296e+01 1.193712343781371601e+02 1.376619669838692062e+02 1.380468379800731782e+02 1.273219363763637375e+02 1.097534627275890671e+02 8.902349092188524082e+01 6.404847560386406258e+01 3.751008486235514283e+01 1.660424174673971720e+01 4.143871692649554461e-01 -1.961683478581835516e+01 -3.232305388370878063e+01 -3.660313393126125447e+01 -4.001370438173762523e+01 -3.631639756087679416e+01 -2.889869147463468835e+01 -2.876400240190559998e+01 -3.281516549593652599e+01 -3.799583191407145932e+01 -3.148563644746900536e+01 -2.223780075443210080e+01 -2.198284451567451470e+01 -1.893338200676953420e+01 -1.765362090923008509e+01 -1.018706698587629944e+01 3.144342040672199801e+00 7.704555568430805579e+00 5.823488482245011255e+00 -1.178829585114726797e+00 -1.108306536343297921e+01 -2.376321720136911608e+01 -3.323395808986970223e+01 -4.339650995118427090e+01 -6.060588444268796593e+01 -7.142510644841240719e+01 -8.004535229344037361e+01 -8.976951742463279516e+01 -1.161573563150886912e+02 -1.984716173326596618e+02 -3.454666781652776990e+02 -4.714989382546918932e+02 -1.614042259099951480e+02 5.359674976175883785e+02
