1.082227177131326243e+02 1.006835186837752190e+02 8.454879745741618535e+01 6.007675649332395551e+01 3.219246081416167726e+01 -4.063707602748763748e+00 -4.175017651737834967e+01 -6.544447129214404413e+01 -7.160837383170655812e+01 -6.396334663716788782e+01 -4.563924868594222062e+01 -2.340571604124215810e+01 -1.329922423130483367e+00 1.967785138004001055e+01 3.601513714828706725e+01 4.668663730996104277e+01 5.173457053666061256e+01 5.182538145457510836e+01 4.049417503513723204e+01 1.984768897938465670e+01 -6.100251115431092330e-01 -2.178660007218422834e+01 -4.546688245384666516e+01 -6.686078378261390753e+01 -8.152419453317270381e+01 -8.939543066031092167e+01 -8.916841821696107218e+01 -8.366731959417211328e+01 -7.346565856063352840e+01 -6.103758164059036062e+01 -4.957004522978513705e+01 -3.943539020134812745e+01 -3.092185331787732139e+01 -2.323773797206376912e+01 -1.660038912301115488e+01 -1.358558063148393558e+01 -1.421433764984431036e+01 -1.566394582425800763e+01 -1.534077058928596671e+01 -1.424488083944015671e+01 -1.221459631701691251e+01 -8.049602817141931155e+00 -2.897380475977115566e+00 3.972951590822049184e-01 2.747447645771899261e+00 5.405528086539561627e+00 5.826926282362364873e+00 5.786058664093616244e+00 6.537219815740172635e+00
-3.494571144524998090e+02 -3.017696556094415428e+02 -2.426777986295819574e+02 -1.675254212271247525e+02 -8.216838423979970685e+01 1.048986402294030995e+01 9.845268814032715454e+01 1.589353993773747789e+02 1.827443625760679424e+02 1.709281231541845045e+02 1.208473467308849649e+02 4.572989707043961971e+01 -3.487782345799496397e+01 -1.082398644533805054e+02 -1.545684596875762509e+02 -1.707388257960919873e+02 -1.649687724948726100e+02 -1.445991122068880941e+02 -9.596705428452696651e+01 -2.573874621819231834e+01 3.730911215085870936e+01 9.645942403053413727e+01 1.581767576865277078e+02 2.121625139343905175e+02 2.498395440782896912e+02 2.710943119914791168e+02 2.728990766684892151e+02 2.631792332226104918e+02 2.413957665294565231e+02 2.135756628073977481e+02 1.905934115343461599e+02 1.689710920937777701e+02 1.517796980569055449e+02 1.352997082299898466e+02 1.201813218926254194e+02 1.083759099635972234e+02 9.663744634937575029e+01 8.674849794394867786e+01 7.861292840098030865e+01 7.687702973541308893e+01 7.249250074234987551e+01 6.161882446480194631e+01 5.243699154785645078e+01 4.771547566961453413e+01 4.802426019010272285e+01 4.813440922821246204e+01 5.408400958284437365e+01 6.804897598247043788e+01 8.099298347198055126e+01
1.623963015006775095e+02 1.337002188281112467e+02 1.038575635908528056e+02 2.015110879173516878e+01 -1.074974408640009642e+02 -1.994883570206075092e+02 -2.603253731811601028e+02 -2.947526454520830157e+02 -2.913896868459014513e+02 -2.606389553938279278e+02 -1.871991636757466040e+02 -7.854123982854252972e+01 3.010655777875399508e+01 1.231146606349921058e+02 1.817958233992285386e+02 1.985399293199043314e+02 1.837612470403091720e+02 1.494846186785816826e+02 9.821960631786350859e+01 3.511986677507229615e+01 -2.642203462886936904e+01 -8.044005749224015744e+01 -1.323754687904256571e+02 -1.743828179417669162e+02 -2.074027773174584581e+02 -2.347713759709167789e+02 -2.510974205221828015e+02 -2.604913846102444950e+02 -2.573306214119511424e+02 -2.464048410574705485e+02 -2.395307415721690631e+02 -2.250933704645085527e+02 -2.098797441445549339e+02 -1.953063927453695214e+02 -1.799711323635383451e+02 -1.605520618397022190e+02 -1.290360990776280232e+02 -1.021498618210171117e+02 -8.522184126558749995e+01 -8.026285113600351906e+01 -7.437906459817895666e+01 -6.617040864464979677e+01 -6.635323706701638002e+01 -6.678018187065026723e+01 -7.214327507227790193e+01 -7.790518674020131584e+01 -8.404478056636617112e+01 -9.833727650825312594e+01 -1.117582785070917453e+02
2.858278042914316757e+02 2.488013113900597091e+02 2.312572856132719608e+02 1.957203402832419670e+02 1.229413737589457014e+02 8.621811676064680796e+01 9.165681052645959426e+01 1.038751311544729106e+02 1.176768660467132577e+02 1.401194460655424336e+02 1.589933522739120235e+02 1.737498438850489038e+02 1.949452745483104081e+02 2.227642508260178147e+02 2.469776561959624814e+02 2.667689568960340694e+02 2.922332729793015460e+02 3.079696487045694084e+02 3.052412598566952511e+02 2.930622597382316599e+02 2.745365888862506836e+02 2.453997705031542864e+02 2.054994299668614985e+02 1.599470937124242482e+02 1.016297596858275938e+02 2.879277912689576624e+01 -4.485229340894875349e+01 -1.143195787966942589e+02 -1.802347520505281864e+02 -2.287128209067304851e+02 -2.487576272330334177e+02 -2.636903382778145897e+02 -2.721026952738720865e+02 -2.707621744867465168e+02 -2.607262514034846390e+02 -2.491555842592679255e+02 -2.433059683075989597e+02 -2.230113946109886456e+02 -1.962830891046505712e+02 -1.756803303131855500e+02 -1.549608671570604201e+02 -1.246253226091721444e+02 -8.803401064059653436e+01 -5.910362686496955575e+01 -2.706269048646572628e+01 3.970292905989481369e+00 2.853990175860599265e+01 5.330505052909575170e+01 7.444397108936391305e+01
5.222997114866193442e+02 5.933412845008460863e+02 5.947314380564712337e+02 2.915337609944144788e+02 -1.854493724137500976e+02 -3.877360077851735696e+02 -3.835635917625077127e+02 -3.885380318335846823e+02 -4.067187983783805976e+02 -4.375479861500207335e+02 -4.723704350106381753e+02 -5.084129145073820837e+02 -5.368582641479260928e+02 -5.581130934271204751e+02 -5.672215315523862955e+02 -5.588167828688965528e+02 -5.487068085265127593e+02 -5.199394407270119700e+02 -4.975109164094319567e+02 -4.943938178678145050e+02 -4.712588872451087809e+02 -4.405530261139429058e+02 -4.098999888777070737e+02 -3.777918261638733384e+02 -3.269341713076173619e+02 -2.507900797877955483e+02 -1.609184713436552556e+02 -6.785757519817343564e+01 2.770554364056806662e+01 1.141624926581826003e+02 1.779061612741497811e+02 2.277722105331195053e+02 2.645957287213677773e+02 2.945838365611962217e+02 3.150871199384382635e+02 3.308014009792095749e+02 3.459971776941638382e+02 3.508737950771937903e+02 3.564663037587197323e+02 3.766296027510616113e+02 3.998308592282883183e+02 4.152095320617227117e+02 4.342174465669122583e+02 4.565457665314825135e+02 4.695755883411184186e+02 4.802896527646807954e+02 4.830966239423833031e+02 4.767617600777775806e+02 4.724602794274105690e+02
-4.618121108062041458e+02 -4.309529230267871753e+02 -4.203101642410401837e+02 -1.539185061566931836e+02 3.223221823923486227e+02 5.109932419164761086e+02 4.691350000078600715e+02 4.074408710598909238e+02 3.354366659856859769e+02 2.729076974049567070e+02 2.238454873861701344e+02 1.750430380091638654e+02 1.352724312458049098e+02 1.087110367162931652e+02 9.781776076569803990e+01 1.013821571040862182e+02 1.113513571563235018e+02 1.233725600329307781e+02 1.495472510661747947e+02 1.965249091992191097e+02 2.412531635242376069e+02 2.878611503086285666e+02 3.398652302588125167e+02 3.885368245794888935e+02 4.381006454601338191e+02 4.797621519147360232e+02 5.064348640807220363e+02 5.245419744574755896e+02 5.211375647394343105e+02 4.906705998031757190e+02 4.350137093285920855e+02 3.555555545135321154e+02 2.529162671030499041e+02 1.194847644884284819e+02 -2.881038814177009044e+01 -1.612556707438816375e+02 -2.793916588645224692e+02 -3.779621440068403899e+02 -4.509211618735971570e+02 -5.059892059485500795e+02 -5.465517645694853854e+02 -5.723320490986516234e+02 -5.874229201442758495e+02 -5.995813311755046016e+02 -6.063104037516168319e+02 -6.047059214961736870e+02 -5.900845646923444292e+02 -5.716628103943257884e+02 -5.564464948178792838e+02
-8.924000822079542559e+02 -8.349719438455431373e+02 -8.033369568574926234e+02 -7.121927851867367281e+02 -5.068730602786745294e+02 -3.002450086136159371e+02 -1.217339063760955469e+02 4.107089586549409432e+01 1.800703073898839648e+02 2.819878730281925527e+02 3.371829700573871378e+02 3.649099535073401057e+02 3.564231127565799397e+02 3.161192478230877896e+02 2.632887105773334042e+02 2.108078383289466728e+02 1.608062342423363589e+02 1.036265647055115551e+02 7.418206759473105194e+01 6.588946800403937232e+01 4.453107505135267274e+01 1.766537178345606662e+01 5.658886177938256878e+00 -1.647143647831398994e+00 -1.994091392288828501e+01 -3.417947849351185141e+01 -5.284113356235320680e+01 -6.769883106148336083e+01 -7.610118000398506410e+01 -7.637753223258914659e+01 -5.691402273582207272e+01 -1.615937605698127300e+01 5.351089770894759567e+01 1.395916102688788669e+02 2.377143193127412815e+02 3.276675933429287397e+02 3.955680710406159051e+02 4.511284469580714358e+02 4.951304277991366689e+02 5.222937660461757332e+02 5.363631553758896189e+02 5.412454073631743086e+02 5.275074025511421496e+02 5.154541699714609422e+02 4.980081926222046604e+02 4.723583396814792650e+02 4.519107605215904186e+02 4.230290343321612454e+02 3.893752510398917366e+02
9.436522212503696210e+02 9.180480773139861412e+02 4.753486797535661026e+02 -6.177040543346811319e+01 -1.714042093682073755e+02 -1.796651333370173234e+02 -1.997307868593925377e+02 -2.170652412078125053e+02 -2.212976276140325353e+02 -2.153795788177885697e+02 -1.983924551155869267e+02 -1.842519987097766716e+02 -1.779810233267126023e+02 -1.828236178356673918e+02 -1.889020188267313642e+02 -1.959542969452668331e+02 -1.921804703220986994e+02 -1.710558727160751005e+02 -1.397447154073815909e+02 -1.033888391461223364e+02 -7.653356245956092607e+01 -5.287964950178866275e+01 -3.341460456193453865e+01 -1.639900255682732677e+01 -1.892019902508764062e+00 7.407752735962276347e-01 5.283690632953948807e+00 -2.223261692124651745e-01 -1.085800207386637339e+01 -1.634970662561681820e+01 -2.421953926605783636e+01 -2.379247767203196418e+01 -2.955290343955130083e+01 -2.455658686509559629e+01 -1.549667227252939483e+01 -1.239574871493823593e+01 6.486246727530669887e+00 2.125460290440241806e+01 2.831748372980655404e+01 3.868620122234278824e+01 4.441261766363459174e+01 4.865089758466638159e+01 4.665110796206863597e+01 4.048199369881331222e+01 4.155566999167058384e+01 3.833122844525496475e+01 2.215950825883192010e+01 4.144506569209625013e+00 -1.075117771804798394e+01
-5.987051274634723086e+01 -6.921171517687616870e+01 3.178528044188860804e+02 8.452571764200110920e+02 9.961890061411686474e+02 9.818312564014122472e+02 9.146472835926615517e+02 8.231035983078691061e+02 7.126893117942308891e+02 5.781079309757697047e+02 4.172517515597501188e+02 2.539617197884363122e+02 9.366967566582025029e+01 -4.977310590652632527e+01 -1.568384505661160802e+02 -2.310832783454097807e+02 -2.670905362695921212e+02 -2.758396102038968820e+02 -2.768824337671467219e+02 -2.701884280255617341e+02 -2.522469784402346704e+02 -2.339269643715961138e+02 -2.257799434454791481e+02 -2.134164395624175086e+02 -2.059123606126740924e+02 -1.966754232777529978e+02 -1.910524628628554638e+02 -1.904866795039051794e+02 -1.843500756532157538e+02 -1.838281228786727297e+02 -1.819402203502468183e+02 -1.834646856258477783e+02 -1.864834118595608743e+02 -1.830898234066407895e+02 -1.793733992757988744e+02 -1.824399130136225722e+02 -1.859957292876861175e+02 -1.863303901385297650e+02 -1.926395697073021438e+02 -2.044043313037764165e+02 -2.164098564966261620e+02 -2.347612100155383814e+02 -2.500172729577243445e+02 -2.594352720261376817e+02 -2.633242395388078876e+02 -2.622280056772433454e+02 -2.596780822634027572e+02 -2.408064925803337246e+02 -2.117633553556515835e+02
-5.679800825093116146e+01 -9.922781745291285915e+01 -1.168104856604550150e+02 -1.283171817792972433e+02 -1.652315499220640049e+02 -2.064494817612721818e+02 -2.297513949834683444e+02 -2.215727933877715259e+02 -1.762890223307622364e+02 -9.867432786054268945e+01 2.301862543885363266e+00 8.535942378388426732e+01 6.325086953575373627e+01 -8.201416363879252458e+01 -2.204081905726343393e+02 -2.678715601804724429e+02 -2.732018626491262694e+02 -2.548689711741535575e+02 -2.597389533709356328e+02 -2.853385391089614131e+02 -2.930662420825392473e+02 -2.833444709897885332e+02 -2.803130110400961712e+02 -2.882889611760183470e+02 -2.853396817102329805e+02 -2.837979748914658558e+02 -2.718465013204913703e+02 -2.528376766237706761e+02 -2.304954410060745431e+02 -1.982403988364458201e+02 -1.695399830735477735e+02 -1.464124425349582452e+02 -1.175937460698405630e+02 -9.295373558378196321e+01 -7.073964761151728453e+01 -4.450239143517683260e+01 -2.798388923393213190e+01 -2.096419825175689766e+01 -2.133205676949728513e+01 -2.717680844563437859e+01 -3.375053887347166892e+01 -4.125350814792182064e+01 -4.206863907574006589e+01 -4.864338027252233587e+01 -6.108708043069782434e+01 -6.920886213335325010e+01 -7.314718270760931773e+01 -7.931681833519542124e+01 -9.159604317267076112e+01
-5.241868376571583212e+02 -6.288966079318197444e+02 -6.677143093439517543e+02 -6.812562780445514363e+02 -7.301375337899589795e+02 -7.596580524892633548e+02 -7.506190711529634427e+02 -7.023368595296342392e+02 -6.475941131960571511e+02 -5.804283563188946573e+02 -4.936005220458828262e+02 -3.755421048443604377e+02 -1.581454449689917965e+02 1.596630246525310213e+02 4.400732870399879175e+02 6.167712235986618907e+02 7.236476067263647565e+02 7.790380719061213313e+02 7.722723548865906196e+02 7.158687562796403654e+02 6.734413124697239255e+02 6.343944324444601079e+02 5.873127512737919460e+02 5.368516272754277452e+02 4.935800375145263388e+02 4.597000201264527277e+02 4.297054977890147711e+02 4.165610910442555905e+02 4.070145547077045194e+02 3.966826526722798008e+02 3.934894324580527609e+02 3.936408041293980205e+02 3.889658860760537209e+02 3.834228240021257079e+02 3.744888902146049077e+02 3.642225994092004839e+02 3.487140292489712010e+02 3.265414082540373784e+02 3.049164414898477844e+02 2.808201892458819202e+02 2.609106373247632291e+02 2.401943740596325370e+02 2.256170976099747350e+02 2.041516142276377650e+02 1.722147800291204476e+02 1.345559989737739670e+02 9.502573249258421129e+01 4.744939047293155454e+01 -1.903590983562753536e+01
5.930075346777448431e+02 6.448106678044496221e+02 7.096368279270318453e+02 6.992846183704168652e+02 5.650074129566564807e+02 3.931990092086271034e+02 2.163988770932846819e+02 6.377007823786698282e+01 -4.877553059085767018e+01 -1.154661468601989327e+02 -1.434414638036614633e+02 -1.555595042597124120e+02 -1.362592165372770978e+02 -8.353013103716511978e+01 -2.411997966419585282e+01 2.949578393987030722e+01 6.282957946055830689e+01 7.788223552348790690e+01 5.459903837472666055e+01 3.675918825210828800e+00 -5.586586807206913363e+00 1.160948619131522719e+01 4.523227190703619272e+01 8.256793495384044945e+01 1.114608655446863850e+02 1.509497220503180870e+02 1.837990831674687797e+02 2.012047356439725263e+02 2.133957814894820331e+02 2.062046239449700806e+02 1.888221422133501619e+02 1.627850149846199201e+02 1.280516423118751845e+02 9.408821539561904501e+01 5.098780380674725166e+01 9.113873366048210301e+00 -2.384106518820044585e+01 -5.260168497083213879e+01 -9.270136424062366132e+01 -1.488700133681049920e+02 -2.124629485303667025e+02 -2.875142639455516473e+02 -3.757165514510197681e+02 -4.463261278164427495e+02 -4.971156227106621373e+02 -5.219405375298083527e+02 -5.208520790783513803e+02 -4.954310390537793864e+02 -4.461729556339851115e+02
-4.895777757225951063e+02 -4.108070186101103900e+02 -2.912336461050508660e+02 -1.389332496746574179e+02 1.603702354495908367e+01 2.023809418394594104e+02 3.989451510419676197e+02 5.480563486170867691e+02 6.528130122103102622e+02 7.071929010086532799e+02 7.148197463936157874e+02 7.065261419146700064e+02 6.842597430883761263e+02 6.656473198756866623e+02 6.423949697787902551e+02 6.087345877703774022e+02 5.555922936589777237e+02 4.499699838343949523e+02 6.581196173817443196e+01 -4.707579564361367375e+02 -6.983833771988429362e+02 -6.924546501208969858e+02 -6.604490239917067811e+02 -6.134930494832951808e+02 -5.597277445993822766e+02 -5.077239940824365476e+02 -4.568243741945334477e+02 -4.025011386440310162e+02 -3.446002965847364976e+02 -2.840083532588978414e+02 -2.317300181432074169e+02 -1.831141302616524627e+02 -1.503868712490802864e+02 -1.453799564341461519e+02 -1.639370128371519968e+02 -2.193907091528017190e+02 -2.926442708048562054e+02 -3.594212803262998932e+02 -3.912258036375787924e+02 -3.865656820507065277e+02 -3.528211629925208399e+02 -2.689840815358984401e+02 -1.566752127236613887e+02 -4.373026901404955424e+01 5.875888527898496250e+01 1.463444287128950236e+02 2.164700244511986966e+02 2.724608063714986201e+02 3.270597669041890185e+02
3.338954364845994860e+02 3.061928232627396937e+02 2.788422797395323869e+02 2.574665190070227254e+02 2.283841876131045865e+02 1.757705950780509738e+02 1.115190200155484490e+02 2.933728246722603217e+01 -7.248068951138702687e+01 -1.850492957760288846e+02 -2.991638371835579164e+02 -3.960372911832673708e+02 -4.661830746277555590e+02 -5.248381707318330882e+02 -5.676454409994476009e+02 -6.023109779202204663e+02 -6.359238911419670330e+02 -6.501947210243815789e+02 -3.741219065207842505e+02 9.450955056890961714e+01 2.822631827371224063e+02 2.699634526530135190e+02 2.485006095263524912e+02 2.244808488623093581e+02 1.879809192721295403e+02 1.361421368338196771e+02 7.373689477173320483e+01 -1.234386310767149553e+00 -8.528306335261731874e+01 -1.589922487816511421e+02 -2.222369485130911926e+02 -2.726734511254180688e+02 -2.926872879672155250e+02 -2.900136182630667463e+02 -2.460000599484919803e+02 -1.672940161163423909e+02 -7.905384330081869848e+01 1.594529833721753675e+01 1.052022504392662086e+02 1.825901736013620393e+02 2.266473574531264603e+02 2.376191337498894427e+02 2.214483397206786321e+02 2.006752939535363112e+02 1.894347623256617226e+02 1.634505773332348326e+02 1.374878618686634582e+02 1.157783506914565805e+02 8.659833656530827284e+01
-1.547850887604872696e+02 -1.901810865468141856e+02 -2.368544292403530562e+02 -2.653921859015972586e+02 -2.521100657895149197e+02 -2.254172650344553404e+02 -2.080438996308221249e+02 -1.904779676997277420e+02 -1.675554410842596553e+02 -1.395492822380474536e+02 -1.079483899563783780e+02 -7.270149601408047602e+01 -4.029798988903348800e+01 -2.068433226672641467e+01 -1.960402619006345049e+01 -5.366480380695429631e+01 -8.563717574997281190e+01 -9.169845450541470200e+01 -6.257081765233306214e+01 -8.005820895283250138e+00 1.753798847345751710e+01 2.305913635694014374e+01 2.535038222490402404e+01 2.686447420751210302e+01 2.349255010914930608e+01 7.211658635031199083e+00 -1.112094298645388335e+01 -3.199336213036440313e+01 -5.610768906713929027e+01 -7.776868016821390484e+01 -9.066357059746223968e+01 -9.624331550023634918e+01 -9.504714873555349186e+01 -8.398616433308052365e+01 -7.070973200358275790e+01 -4.699812994572857860e+01 -9.783130749259726144e+00 2.730926986096892506e+01 5.667571354121901095e+01 8.821803318144520745e+01 1.257247823314683046e+02 1.415595019195461646e+02 1.400356033198040677e+02 1.411921601444919361e+02 1.516085004757478600e+02 1.720160224982100772e+02 1.847845372754818527e+02 1.935072252839891007e+02 2.115370567131030839e+02
-9.557086026665638201e+01 -1.224702985065232497e+02 -1.846673272891785018e+02 -2.439552427374874242e+02 -2.525900251802668208e+02 -2.623147747277107555e+02 -2.743329742410860490e+02 -2.673508090062823612e+02 -2.496277043925510952e+02 -2.185359462899941718e+02 -1.703469748057104880e+02 -1.212825377799745183e+02 -7.482990427289041691e+01 -3.432028140049078502e+01 -4.678551401778531726e+01 -9.558491129441244993e+01 -8.206045461611938663e+01 2.321409120468888432e+01 1.937599461090867408e+02 3.622848810108844191e+02 4.385938257420784794e+02 4.392952006756677292e+02 4.102004629777948139e+02 3.619284850733238272e+02 3.199929950110235950e+02 2.873355920615285868e+02 2.543507990421494469e+02 2.307490821217215853e+02 2.118069278087496059e+02 1.877206661212403560e+02 1.628701760981057305e+02 1.330333947420585901e+02 9.509519105141225737e+01 5.819720080186380073e+01 2.340436512907035649e+01 -8.801988320774398744e+00 -3.978360089649504516e+01 -6.889403393017710187e+01 -9.771213488240027800e+01 -1.289954724030394573e+02 -1.566474032499536406e+02 -1.982949569688935298e+02 -2.486535125747031998e+02 -2.836553215745079797e+02 -2.904400458775344305e+02 -2.813811003071168670e+02 -2.705640720385854365e+02 -2.588385403150896309e+02 -2.509229504464892671e+02
4.270647593070025323e+02 4.218429883476055693e+02 4.204513541267951950e+02 3.946854948807012988e+02 3.409228484187915456e+02 3.079829649990133476e+02 3.130347071948199300e+02 3.466761964139004704e+02 4.048352572381700156e+02 4.806266089629352791e+02 5.585784302678366657e+02 6.351453858781896997e+02 7.036932588297495386e+02 6.849360747233004076e+02 3.602655200906301616e+02 -2.590769897584978025e+02 -7.012569468705914915e+02 -7.768722298643697286e+02 -7.034119763936032541e+02 -5.937014632830541814e+02 -4.935147151003329782e+02 -4.332280244251596741e+02 -3.915184499434108147e+02 -3.538406569857033901e+02 -3.093046507377439411e+02 -2.520252248588221846e+02 -1.739699845725990599e+02 -8.458176376334449742e+01 5.278137747503933497e+00 9.999751967104384676e+01 1.847672980770730646e+02 2.596090485144522972e+02 3.338084500882541761e+02 4.021716033966222312e+02 4.595378613399807364e+02 5.066793222148116911e+02 5.374277275046915747e+02 5.551138091443426674e+02 5.602975442473980365e+02 5.464783272153435973e+02 4.845052828188199783e+02 3.098762564685748657e+02 2.730591048335190862e+01 -1.902081330375076504e+02 -2.770552690698095830e+02 -3.075640959482698236e+02 -3.190560472206852864e+02 -3.247610655709140701e+02 -3.227850630030734465e+02
-4.236849088014860172e+02 -3.627140371116256574e+02 -2.739703301283152541e+02 -1.846730606141936732e+02 -1.384261786890419899e+02 -1.090515279454411939e+02 -1.103310812753770733e+02 -1.490988970545731718e+02 -2.096377549402677687e+02 -2.879975877581309760e+02 -3.707577309923944995e+02 -4.501763232060766313e+02 -5.123799769634351833e+02 -4.910971881326404400e+02 -2.012443444937671302e+02 3.703354400649841409e+02 8.256514561444055289e+02 9.654735752336855512e+02 9.213550093590747565e+02 7.383356187405879609e+02 4.512284891492163297e+02 1.497610382259008475e+02 -9.596853886787721422e+01 -2.652753760711202631e+02 -3.819692122398409992e+02 -4.384458484821952879e+02 -4.532205669948016293e+02 -4.509011640281096334e+02 -4.192192986044101417e+02 -3.811205245354067301e+02 -3.427711618374160025e+02 -3.052513063866208540e+02 -2.773214882329630200e+02 -2.555328805645694956e+02 -2.373591289116593543e+02 -2.258450683480477892e+02 -2.175273012483230559e+02 -2.174304420404514531e+02 -2.167940350236458471e+02 -2.108143877343391068e+02 -1.784565073116973508e+02 -3.972145352234656457e+01 2.016794649108342128e+02 3.776318168834404787e+02 4.237664399828790920e+02 4.154164189821312902e+02 3.909403269265458221e+02 3.519013992457330460e+02 3.002642831587581895e+02
-3.769155450294783805e+02 -3.433110557632608106e+02 -2.824747870343708200e+02 -1.693457541569805471e+02 -2.922237104030500632e+01 9.082812881148129236e+01 1.786782444158889120e+02 2.247011510824959259e+02 2.348191729816899169e+02 2.226063588585529942e+02 1.904527509482286405e+02 1.458202610739826923e+02 8.823117404145887122e+01 3.940773732667730656e+01 3.410542483755853027e+01 4.731452554647694342e+01 1.871339412486122455e+01 -4.086374828634143341e+01 -6.229800287830585148e+01 9.462518034444656223e+00 1.776507680789945880e+02 3.787564187525422312e+02 5.158012819320138078e+02 5.680238336164329667e+02 5.506984804373350926e+02 4.765359896910813404e+02 3.892232914858032018e+02 3.189862545832875185e+02 2.652189273117692210e+02 2.183487829084624536e+02 1.598752231045218650e+02 9.129255430174816865e+01 3.353958277490164619e+01 -3.519160757581994403e+01 -1.067725398168404354e+02 -1.613469042937213089e+02 -2.128060587712388951e+02 -2.485723022352176486e+02 -2.765116563176998170e+02 -2.857855181295599323e+02 -2.674821093231876148e+02 -2.280378531122842105e+02 -1.616410136676131515e+02 -1.117317912447033450e+02 -9.114782561082392931e+01 -7.975796834552602377e+01 -6.418425044094328769e+01 -4.563434403030260000e+01 -3.398479181551374495e+01
1.070476576295477571e+02 -2.112718253520142753e+01 -2.216714524798153434e+02 -4.442481800677196588e+02 -5.689744345266080927e+02 -6.126998638213117374e+02 -5.896898431300505763e+02 -5.112929746460431488e+02 -4.234638562651525717e+02 -3.468714424087374937e+02 -2.799755944124190137e+02 -2.265016094736783998e+02 -1.912025121517945081e+02 -1.712255319346586475e+02 -1.093297503838984994e+02 -2.838774444672162645e+01 -5.671360618063772563e+01 -2.090366197920084232e+02 -3.782713062664988684e+02 -4.805437211530515924e+02 -4.772363643224671250e+02 -3.737932465718331514e+02 -1.967882828975125449e+02 1.166137048372183926e+01 2.193215357725857757e+02 3.824797890740737785e+02 4.723959276636596769e+02 4.899435123871226097e+02 4.233143828619358828e+02 3.062452038909686962e+02 1.787848872154863784e+02 5.528908538815448992e+01 -6.448892415333830286e+01 -1.610015976535505615e+02 -2.269541216567740776e+02 -2.733408482029772131e+02 -2.852630219821585342e+02 -2.732417510294326348e+02 -2.463518240866251290e+02 -2.105234363136987668e+02 -1.645941271239280468e+02 -8.864474489766871557e+01 4.475703718257136643e+00 8.114600687821803149e+01 1.210456181746267248e+02 1.391975093739310978e+02 1.522803520960587775e+02 1.820672601604892407e+02 2.316116935671889223e+02
5.854256552835140610e+02 6.887207586180884391e+02 7.928307213528023567e+02 8.679051837163278833e+02 8.788818751109502045e+02 8.299019220366171794e+02 7.368059409226261778e+02 6.290361653653235408e+02 5.151653998584079091e+02 4.241293812233343488e+02 3.590589594221528387e+02 3.011066246204572963e+02 2.506237885435839416e+02 1.984806228723318782e+02 1.564079853227449348e+02 1.137827862087142421e+02 6.587805719125026371e+01 5.214705471604247577e+00 -8.520058310995227657e+01 -2.115098153735743836e+02 -3.722433886204380542e+02 -5.307622330559825059e+02 -6.524340327326208353e+02 -7.233379634615557734e+02 -7.421468688018503599e+02 -7.140877002220513532e+02 -6.560877995502960403e+02 -5.893273396954027703e+02 -5.002594848139851820e+02 -3.905145283293240936e+02 -2.641778072899905965e+02 -1.281297403130593011e+02 9.280778108222875744e-01 1.268836047392978799e+02 2.367075256446405547e+02 3.245486273193964735e+02 3.918616831917024683e+02 4.366352299266291084e+02 4.717223157254629768e+02 4.891775890346907545e+02 4.833438809718936682e+02 4.534749368432530900e+02 3.875420040572498692e+02 2.777687426682969090e+02 1.358122785210580332e+02 -3.076717236755939666e+01 -2.072210545060370350e+02 -3.569598123458999908e+02 -4.869021964442799799e+02
-1.837809549235244049e+02 -2.405003066322533414e+02 -2.676360650257556699e+02 -2.805527079774037702e+02 -3.127937446499709040e+02 -3.428068609355832450e+02 -3.594016238406329649e+02 -3.680724268384510651e+02 -3.498117571002658224e+02 -3.285040681730897631e+02 -3.144968418966018362e+02 -2.949395536846859613e+02 -2.701307332670839969e+02 -2.318623460649105255e+02 -2.024745682007778669e+02 -1.471296947245864430e+02 -4.445854444011638407e+01 9.789734374966064934e+01 2.602359957229782594e+02 4.089857113516918616e+02 5.287566557529789861e+02 5.889440407906658947e+02 5.828101636719220551e+02 5.217090141343942378e+02 4.259972628003306454e+02 3.211476039472909179e+02 2.251712442318530520e+02 1.529546426693123067e+02 1.020379763480013935e+02 6.974713477291516028e+01 4.992924453770683613e+01 3.551126522065897007e+01 2.327465273956477176e+01 7.288907999754883349e+00 -1.465873191157879774e+01 -4.450471157515130471e+01 -8.206240639534371439e+01 -1.253069292219443014e+02 -1.743061016326246317e+02 -2.224579940484254621e+02 -2.635001273667730857e+02 -2.910594091994717019e+02 -2.894373216696694726e+02 -2.339649008887063246e+02 -1.268659710304054897e+02 1.598844355918117799e+01 1.662255480568564963e+02 2.775083807530318154e+02 3.612383750001317821e+02
