1.503612101472044742e+02 9.793125706845967215e+01 6.554893611918214447e+01 5.481083124703218346e+01 4.468908338262463076e+01 3.639034708003237029e+01 2.432530875697830197e+01 9.628197401578290737e+00 -1.818158214224240510e+00 -1.732304707889670681e+01 -3.463551934711267677e+01 -4.816195185281139857e+01 -6.177112643788586865e+01 -7.638809805372966366e+01 -8.814590265773222200e+01 -9.629204711760758073e+01 -1.023992696285531565e+02 -1.064893387694537523e+02 -1.096893088707247443e+02 -1.111582437929037042e+02 -1.089436482318878916e+02 -1.077367360109337824e+02 -1.066364895867973246e+02 -1.027443866392377458e+02 -9.537312054730409727e+01 -8.487403732525308442e+01 -6.727966565645056107e+01 -3.113125096239946288e+01 1.328422534514902509e+01 5.691046988010475616e+01 9.131303231985202729e+01 1.108083637276458830e+02 1.285400404733045434e+02 1.415252458526338160e+02 1.582135806650167069e+02 1.801358995954233251e+02 1.906827465038677474e+02 2.001057349703751242e+02 2.002538911897736398e+02 1.969105122774190022e+02 2.015332916808356458e+02 1.925190229502159127e+02 1.698679803523009468e+02 1.306243469898399781e+02 6.568828246434804896e+01 -9.835101610384299420e+00 -8.639134845896842307e+01 -1.593415157539711799e+02 -2.250804216313517827e+02
-1.693627986870851601e+02 -1.333789968476394279e+02 -9.055781934833248670e+01 -3.787221389183469000e+01 2.043804141797227203e+01 7.179221119796966377e+01 1.191800963545119885e+02 1.628847176756316912e+02 1.947694191575155855e+02 2.253237087675497605e+02 2.527456829838229169e+02 2.697364829576890770e+02 2.775021823897641298e+02 2.849672487910647760e+02 2.853601055558738153e+02 2.726772220587045013e+02 2.544062964869572170e+02 2.322025374251879839e+02 2.056194368387496070e+02 1.731419677856392809e+02 1.365435531177918165e+02 9.662051603443796921e+01 5.586583955059541040e+01 1.228137624016380869e+01 -3.794359479696686321e+01 -7.800829381492803805e+01 -1.121458888222550740e+02 -1.524897992440619419e+02 -1.922264156202400045e+02 -2.270955115731248952e+02 -2.495202668685433309e+02 -2.647451509578149853e+02 -2.790147889736599609e+02 -2.832832805687430664e+02 -2.895160348170120415e+02 -2.948987403812025150e+02 -2.837928943561237247e+02 -2.803377929806865723e+02 -2.732607738989245263e+02 -2.530038336434427038e+02 -2.303843788590675103e+02 -1.989273489432725910e+02 -1.622257972676507052e+02 -1.106716243304017553e+02 -3.857891993284465570e+01 4.235920427877499606e+01 1.378874580190895358e+02 2.452697164533983596e+02 3.510472157935510040e+02
2.629228520401811693e+02 -4.016871507659343479e+02 -7.854981771704151470e+02 -8.174016730553812522e+02 -7.646733800691745273e+02 -6.934523878405052528e+02 -6.183358720551095757e+02 -5.433107194223994156e+02 -4.675531396953756484e+02 -3.898029416203389701e+02 -3.209910694148202310e+02 -2.574588359949993901e+02 -1.922056551652131020e+02 -1.403892991592128965e+02 -9.139736571883804572e+01 -4.641001488593610702e+01 -8.918820570668685832e+00 2.149224204098027258e+01 4.645905464551469777e+01 7.169774707236319955e+01 8.988617233301556553e+01 1.116126384074268572e+02 1.263400136055806797e+02 1.407697691707435297e+02 1.697304891262883757e+02 1.921262779737990058e+02 2.015832811025575211e+02 2.070016855906324054e+02 2.124766821309967781e+02 2.039257529601272836e+02 2.004746371681412711e+02 2.116632492920980440e+02 2.185821286398968368e+02 2.139533400054460799e+02 1.995548763803799375e+02 1.847556557706830063e+02 1.657318528974392393e+02 1.450557057439473283e+02 1.247437973749201774e+02 9.416291645539604360e+01 5.162394183276592230e+01 2.100496190307239885e+01 1.643162685031711590e-01 -2.675215798437056947e+01 -3.639872080574605206e+01 -3.934452601301381947e+01 -6.087801963596939459e+01 -8.606302349635552673e+01 -1.085799220034750761e+02
-1.032046030859641178e+03 -3.584988136269203096e+02 6.167630227532208664e+01 1.728525553087929438e+02 2.100885640691703884e+02 2.326797441437192902e+02 2.647548981419604388e+02 2.886695670552471711e+02 3.061151942862998112e+02 3.273683502705171122e+02 3.489670465836352378e+02 3.619314951012784149e+02 3.736039451230353734e+02 3.842249744485052361e+02 3.835304575587797444e+02 3.837555322073349089e+02 3.762078613079102070e+02 3.584515339454519562e+02 3.396167003758419014e+02 3.124080257117930159e+02 2.603541931041290809e+02 1.767293987314005790e+02 7.302764409550218261e+01 -2.410923965147230774e+01 -8.491430374968695105e+01 -1.111523247368313605e+02 -1.216184434819733724e+02 -1.398375829939432151e+02 -1.588567731433395238e+02 -1.611549143847842060e+02 -1.665511446139862528e+02 -1.717887840088951634e+02 -1.735868642860805267e+02 -1.724616308413678780e+02 -1.666789404915107298e+02 -1.771822963870145031e+02 -1.967468316504273389e+02 -2.084268185686050856e+02 -2.231868566571320116e+02 -2.533213342130111414e+02 -2.907305555531202117e+02 -3.225134705812160973e+02 -3.492442695875106438e+02 -3.619688891298828821e+02 -3.654577470137883211e+02 -3.680242847764602629e+02 -3.698772820120429969e+02 -3.712421543083983124e+02 -3.706296250679588411e+02
7.876159622351260623e+02 7.148966967848646163e+02 5.953630618616407446e+02 4.145907108294886712e+02 1.987790345145331230e+02 -3.779988401314039947e+01 -2.631313631579250796e+02 -4.406558013410249259e+02 -5.691876797386212274e+02 -6.609876403397756803e+02 -7.043104627821958275e+02 -7.112787990776341758e+02 -6.992134371272477438e+02 -6.680672718003297632e+02 -6.248278665512261796e+02 -5.735583235097692523e+02 -5.164874952801837935e+02 -4.528937276307224238e+02 -3.877009918188523443e+02 -3.230430465163008193e+02 -2.447637688675604295e+02 -1.488077816358309065e+02 -3.092589302483247593e+01 7.560503878858435201e+01 1.363970091253286228e+02 1.583332501464865345e+02 1.606869544617802603e+02 1.392298193797723798e+02 1.002169606333845877e+02 6.620450723805333837e+01 3.446549744007279514e+01 1.393714890060073230e+01 2.189337095744122053e+00 -1.077600185046321712e+00 1.061366572030237876e-01 1.975311790756677510e+00 1.836760234486064292e+01 4.895376434657009668e+01 9.597455281667862437e+01 1.530673357889791077e+02 2.085364131272108352e+02 2.635976916556646756e+02 3.300759020973491715e+02 4.021421801122924080e+02 4.669257281195314135e+02 5.249670810258394340e+02 5.641017640360914811e+02 5.806416881695440679e+02 5.901870645111339400e+02
4.974888860078572179e+02 4.436265516655366810e+02 4.132907101901218994e+02 3.930442558545473730e+02 3.854953932919634099e+02 3.943352041683028801e+02 3.937397272435737250e+02 3.947671464526647469e+02 3.893896227503682894e+02 3.737795982616662513e+02 3.547445339839141525e+02 3.373078840052694432e+02 3.203529463201157341e+02 3.094169954624339880e+02 2.967583786275099555e+02 2.808249262473909766e+02 2.780716166379424976e+02 2.816358119591204741e+02 2.802227232342411298e+02 2.791531216638868500e+02 2.899408084543647419e+02 2.955524280273311888e+02 2.961169837450215709e+02 3.022731573321361793e+02 3.037759613848393201e+02 3.065980002617980062e+02 3.114705883911228739e+02 3.177080944342269504e+02 3.223369057092095318e+02 3.226903705654949590e+02 3.241886472923324618e+02 3.185593377922959917e+02 3.165346010762259539e+02 3.145840502533974359e+02 3.033019559861786547e+02 2.967671077892446192e+02 2.867784962172081578e+02 2.674706745336443419e+02 2.549122558240269427e+02 2.469551841288484866e+02 2.357633354532808880e+02 2.197792576076608384e+02 1.954162892787135206e+02 1.616262870097780251e+02 1.162025335576909129e+02 1.065656775608658791e+01 -1.864323101090412820e+02 -3.619195578776780167e+02 -4.799168765390641056e+02
3.195121271572061232e+02 4.591514244787103962e+02 5.787423245221289108e+02 6.732177603954696679e+02 7.393238402334754937e+02 7.575991139189936803e+02 6.976604198763452587e+02 5.569149764361063717e+02 3.747702155749066151e+02 2.029153374622110277e+02 7.990765144631586736e+01 1.530748784031311516e+01 -2.360416747251292691e+01 -5.789111021834833082e+01 -7.714976888298406266e+01 -9.048889174882788211e+01 -1.065236410485667875e+02 -1.263777550086306292e+02 -1.351271188659229665e+02 -1.350604023162231897e+02 -1.434406448414083570e+02 -1.542998365732710226e+02 -1.630180694818991469e+02 -1.718554708037700038e+02 -1.836072209531484987e+02 -1.959580286565906135e+02 -2.045715660013374873e+02 -2.120962829555137432e+02 -2.108545874225455918e+02 -2.061259403786898474e+02 -2.096074071131733945e+02 -2.236336461068858625e+02 -2.367805133910733275e+02 -2.463863347072401666e+02 -2.547745340514447889e+02 -2.638453907412986155e+02 -2.787945351584203308e+02 -2.945737242262839573e+02 -3.071279264373515616e+02 -3.215250938882454648e+02 -3.280696969324490055e+02 -3.362470151141751558e+02 -3.493899864358463674e+02 -3.569776112496037968e+02 -3.657156499946650001e+02 -3.143947338823272730e+02 -1.726382877575670136e+02 -5.220806688338780077e+01 1.575105789407098200e+01
-5.358520963724949979e+02 -5.138645176253048703e+02 -4.875989283757298836e+02 -4.351036859866217128e+02 -3.573085139811373665e+02 -2.506683226376553648e+02 -1.086675157664139988e+02 3.858533770646317862e+01 1.639894512939572451e+02 2.257601585856100428e+02 2.035010097088379553e+02 1.256445162879608688e+02 3.684246515003906097e+01 -5.207523497757210862e+01 -1.242144106187624857e+02 -1.740159216629472212e+02 -2.038745596100125113e+02 -2.226716876541831880e+02 -2.303830586521362420e+02 -2.289435155103783472e+02 -2.225199325085995952e+02 -1.996506763310680981e+02 -1.887035316997280461e+02 -1.728497461688239127e+02 -1.427665212992142187e+02 -1.202865490641852375e+02 -9.558214582707296358e+01 -5.262028442869632272e+01 -6.717135410632181447e+00 2.999838619054935407e+01 6.336110859880136559e+01 9.088787860311276745e+01 1.129510988941765390e+02 1.271172892059257720e+02 1.435316578836427652e+02 1.612463165331282653e+02 1.739660502574261045e+02 1.814121534567384515e+02 1.838432333153687068e+02 1.952497183753584977e+02 2.077057263418610091e+02 2.122103822637727717e+02 2.090884482493274845e+02 1.993245939037296921e+02 1.812148468983577914e+02 1.582394921176455682e+02 1.475445372980175307e+02 1.394816420506904251e+02 1.230523443187121302e+02
-4.790914549759763759e+02 -4.722454651101797936e+02 -4.554890191625527223e+02 -4.297341238443113980e+02 -3.872751667631600867e+02 -3.241041692517756019e+02 -2.473407950626497041e+02 -1.622752110826841090e+02 -7.359365987157798372e+01 -7.242368239531060681e-02 5.157590607706515584e+01 6.940235960549034644e+01 4.577881733240792528e+01 1.965560053358785808e-01 -5.841416586452396587e+01 -1.096217825901258038e+02 -1.603170959376147948e+02 -1.924665706302475883e+02 -1.995112605444228393e+02 -2.045039289914493565e+02 -2.016955389920767630e+02 -1.815240131552855019e+02 -1.539297007670757012e+02 -1.407359192735311808e+02 -1.190830065061309142e+02 -8.983234318731410895e+01 -6.421280025209125597e+01 -2.388787286858132575e+01 1.687161048795678653e+01 5.356909271832410013e+01 8.691183403682225617e+01 1.084724463559832657e+02 1.240160155827834387e+02 1.365426693722329219e+02 1.472260429581074277e+02 1.621733361211809097e+02 1.736073005896978430e+02 1.853356961724566645e+02 1.911491818410140695e+02 1.942169254744658247e+02 2.025919312189653283e+02 2.065832938350795303e+02 2.064460014857468195e+02 1.948393597161048092e+02 1.763804101333298604e+02 1.577573883657023543e+02 1.436970406388281845e+02 1.434740480585824116e+02 1.525407339246594347e+02
-3.804221299515629653e+02 -3.095353898571556783e+02 -2.587056026647624094e+02 -2.361337952911635512e+02 -2.272873647941087256e+02 -2.209587139938375913e+02 -2.085940712353840354e+02 -1.938503562145851902e+02 -1.670319218751537846e+02 -1.241999823326113983e+02 -7.906040086330904160e+01 -3.102295844883337850e+01 1.207383152364491252e+01 4.036311032931553200e+01 5.417389271283173002e+01 4.611150084302789764e+01 2.413934515407163417e+01 -6.944177443889202550e+00 -5.389354288268805249e+01 -8.519555186192155816e+01 -1.065302149038907373e+02 -1.291316614678580663e+02 -1.362738751060096547e+02 -1.443060691434802720e+02 -1.558361732306511840e+02 -1.571902312692400301e+02 -1.427312718904067879e+02 -1.195991563486677478e+02 -9.463102350400731666e+01 -7.344256849533849163e+01 -5.447853579400543822e+01 -3.445449289190582931e+01 -2.620419231012056116e+01 -2.702012109512725146e+01 -1.710604860517923953e+01 -8.489545686679775827e-01 7.714661100857483689e+00 1.700801479877554812e+01 1.591418025425809901e+01 1.678301713224936975e+01 2.000717481708124978e+01 1.817106079244695138e+01 1.225427362909977091e+01 1.403427024619304575e+00 -1.468869102533062687e+01 -3.689619767951808171e+01 -4.943441542405344080e+01 -5.184877607434464153e+01 -4.430985067869187333e+01
-5.234399339075753232e+01 -7.470367214048019378e+01 -1.032086846735692234e+02 -1.455994408337137429e+02 -1.809332877891938551e+02 -2.056024430062316242e+02 -2.316088862457763753e+02 -2.470397085123113357e+02 -2.571726018419649336e+02 -2.571550480951918871e+02 -2.461363444120870554e+02 -2.385197104290491552e+02 -2.336124213670191239e+02 -2.138061492724300479e+02 -1.937624385706076282e+02 -1.880389825058155111e+02 -1.889265727105666883e+02 -1.924210652962356107e+02 -1.992177032557083294e+02 -2.116580943928638590e+02 -2.139632745738999802e+02 -2.244083707272875472e+02 -2.389541613414476160e+02 -2.413153461954498198e+02 -2.477718711907800753e+02 -2.431417327911622124e+02 -2.357295506949012633e+02 -2.212286559001295245e+02 -1.921286646065927926e+02 -1.665774696275839233e+02 -1.418905179728026269e+02 -1.209638962892859126e+02 -1.053030048747605179e+02 -8.697811065205314662e+01 -6.943213507003383711e+01 -4.411622265470941784e+01 -1.291701866850780789e+01 7.741769061460217927e+00 1.984413448329723906e+01 3.320394935361400712e+01 5.655295956052577822e+01 6.908438585572730517e+01 7.286550330443424173e+01 7.432541361619951203e+01 7.367612723830825416e+01 7.310134554229443893e+01 7.617676985292928293e+01 8.599116059955122182e+01 9.596670544223161414e+01
4.433798067328316392e+02 4.183717958427514532e+02 3.878882615533948410e+02 3.580190779381155153e+02 3.218588046529403073e+02 2.886396161986849620e+02 2.664419181101475260e+02 2.485499692700032028e+02 2.421155382408251171e+02 2.399723023332990124e+02 2.423840915235341527e+02 2.472325117120271898e+02 2.638104995475805481e+02 2.686465098983317148e+02 2.604648111924761906e+02 2.448846316260023741e+02 2.021194361141169793e+02 1.559036804220158956e+02 1.117838510565852630e+02 6.700605575580266304e+01 2.481668961395916995e+01 7.602428900281665847e-02 -1.467483259846630972e+01 -3.701844163415807998e+01 -5.178357696222519735e+01 -5.485459886396711227e+01 -5.677683224075735779e+01 -5.103119168490957236e+01 -4.634665823573595844e+01 -4.316602205935487291e+01 -4.276801852929929737e+01 -4.194534700556687312e+01 -3.671556800518737873e+01 -4.024336460264021298e+01 -4.377461122343811439e+01 -4.269903524606343126e+01 -3.018243490198074142e+01 -2.608433401287766173e+01 -4.132082574498053873e+01 -6.124757544319436420e+01 -7.921256574672588613e+01 -9.329542402844526805e+01 -1.165204604121681768e+02 -1.412382033694957499e+02 -1.550516081922469311e+02 -1.797351822756827460e+02 -2.007980578209171654e+02 -2.116354607650719117e+02 -2.287155685976322275e+02
2.092282153509804630e+02 1.586818098867443041e+02 1.042031402067514136e+02 5.189333708815684076e+01 6.265450567188963760e+00 -3.741283770935842767e+01 -6.524067251227825182e+01 -7.588958903577440651e+01 -8.204786585499095963e+01 -6.431062435745843686e+01 -3.559575609740568325e+01 7.719601756092743017e+00 7.622468277563166339e+01 1.656912536305753747e+02 2.818233730506472057e+02 4.175955560730362777e+02 5.792975145061063813e+02 7.450896945457789116e+02 8.811132695815031184e+02 9.838175760099984473e+02 1.042074804397736443e+03 1.030647836795833427e+03 9.362167708587949164e+02 7.668827917942107888e+02 5.690922771188052138e+02 3.675063498891395284e+02 1.714198241008998593e+02 -2.492417575223953463e+00 -1.602006138004799141e+02 -3.092744863170955796e+02 -4.360708770070777973e+02 -5.312520223643368809e+02 -5.914166109758953098e+02 -6.188497290592931677e+02 -6.327803279464569641e+02 -6.282647077158471802e+02 -6.036997175779106328e+02 -5.803857731970492750e+02 -5.705156289575825213e+02 -5.590844181687425589e+02 -5.394988041223696200e+02 -5.151074274856364354e+02 -4.919655348759988556e+02 -4.754373166709629004e+02 -4.531747403280969593e+02 -4.362103434927339549e+02 -4.313645551160225295e+02 -4.310500253328063991e+02 -4.314812519217957743e+02
-1.266484316874993965e+00 1.414240127112134360e+01 3.966440160457568709e+01 6.331958401731390040e+01 8.175215680914698169e+01 9.532607979532622267e+01 9.868960610832436942e+01 1.068816926038853126e+02 1.189213035991124343e+02 1.240768437522929162e+02 1.208028576785873156e+02 1.232072257660911418e+02 1.249586918394925306e+02 1.257394795227883151e+02 1.317627417774056084e+02 1.359416668872872833e+02 1.431246030725451419e+02 1.584656657788582379e+02 1.820095927747170208e+02 2.170965172866126522e+02 2.526415513450338040e+02 2.322967303331970470e+02 3.143465343258867506e+01 -2.905285310942126671e+02 -5.024862797613313887e+02 -5.777213639461697312e+02 -5.854498656133364420e+02 -5.630820353459712351e+02 -5.233500893087184522e+02 -4.539064838794583920e+02 -3.823297539315390168e+02 -3.267349447569577023e+02 -2.967128254628478317e+02 -2.876524280432640808e+02 -2.790331414262036560e+02 -2.786813262301729992e+02 -2.711792861734429607e+02 -2.580596272194670746e+02 -2.642508942121203290e+02 -2.746637955012120074e+02 -2.636481009723502211e+02 -2.526243068588519236e+02 -2.403886538433725946e+02 -2.070100917738309363e+02 -1.654490772079007002e+02 -1.273117526536079822e+02 -8.342889578432368580e+01 -1.990968448659987189e+01 4.924264305649558082e+01
1.169337609368812991e+02 8.081505432000267319e+01 3.917286779495771043e+01 -8.029911943725892343e+00 -4.901949277691892348e+01 -9.089521986007457599e+01 -1.338331162772519747e+02 -1.738322606545261806e+02 -2.127071490264061140e+02 -2.540687702706927666e+02 -2.880446668111399049e+02 -3.196108754059532657e+02 -3.591918999169574818e+02 -3.902602295972756110e+02 -4.239443865538487444e+02 -4.607773663145926548e+02 -4.837301723429845879e+02 -5.055983790172176668e+02 -5.256974602310074260e+02 -5.343180670325527899e+02 -5.096212640268349787e+02 -3.878879038331797346e+02 -3.964793249308422673e+01 4.722961916047061095e+02 8.816839054817100987e+02 1.110976320403438876e+03 1.219994576118944678e+03 1.240853189913148526e+03 1.180120018997724401e+03 1.053868501192773692e+03 8.969716129088337766e+02 7.319828190067782998e+02 5.706915214763430413e+02 4.297716881863161689e+02 3.208611254114221083e+02 2.422334980340674520e+02 1.969820338308636565e+02 1.778247674144367920e+02 1.575404215275484603e+02 1.488151987824821845e+02 1.680611621026182547e+02 1.918546050310833380e+02 2.172199473519140156e+02 2.690966821895126486e+02 3.328938072240125621e+02 3.771159455990418792e+02 4.087983552713558311e+02 4.182311556629720144e+02 4.036313025570125319e+02
6.888008710746362340e+01 6.107658541999990121e+01 6.029170977871399373e+01 6.658111875111353584e+01 6.795352554201963358e+01 6.851365453984180931e+01 7.947380480353604071e+01 9.416707665316062048e+01 1.045934163135680137e+02 1.198097444676823216e+02 1.430195590924413409e+02 1.691283934482053155e+02 1.947767858322476968e+02 2.226624716879450716e+02 2.488129121785750613e+02 2.784354960704513360e+02 3.145266942008020123e+02 3.385319903366762446e+02 3.578694905227166601e+02 3.810514469391055172e+02 4.009769827406853437e+02 4.231755884279118618e+02 4.395691669342922978e+02 4.513989522775809746e+02 4.548469046234531561e+02 4.411130501567677129e+02 3.868727343446516898e+02 2.571352802665060153e+02 1.057817630257050041e+02 -9.036276041006203741e-01 -4.859528786709415726e+01 -5.636453487552353181e+01 -4.522964543811394833e+01 -1.962523855279141571e+01 1.065891802062105853e+01 3.041482608593651094e+01 6.271441469977435190e+01 9.452130017174931709e+01 1.018156479958561249e+02 9.533883696363773197e+01 4.924167554602900054e+01 -9.817979591990297195e+01 -3.036084509764768882e+02 -4.098492160849273205e+02 -3.986957166509237140e+02 -3.477681119468761608e+02 -2.777594778278144076e+02 -1.846713848694926128e+02 -8.213978615615633316e+01
4.807668873385409825e+00 -8.345315784681588411e-01 -1.987906697778089438e+01 -3.586828487730235793e+01 -5.157817150668415707e+01 -6.997092449304182082e+01 -8.094471693311061244e+01 -1.016047187993972329e+02 -1.183029516587266698e+02 -1.324384163125068881e+02 -1.473889068920543650e+02 -1.629796912401507143e+02 -1.810818774094368564e+02 -1.950215227074804716e+02 -2.126536255703395000e+02 -2.289069307267200202e+02 -2.416040296415885678e+02 -2.615496179555484559e+02 -2.740037226247222861e+02 -2.766211435625009472e+02 -2.836003428521944443e+02 -2.878199087713874178e+02 -2.768749116585386219e+02 -2.559370728529320331e+02 -2.161570486346899997e+02 -1.399278462314832723e+02 -3.386124269673018716e+00 1.985771182726166444e+02 4.345858021313615609e+02 6.452589876305137295e+02 7.775310819768492365e+02 7.780997255717957160e+02 5.329547208592412062e+02 6.901814999764610548e+01 -3.401703840757982107e+02 -5.363109058926929720e+02 -6.077085351105488371e+02 -6.255362106249085627e+02 -6.188950660419504857e+02 -5.919700122072681552e+02 -5.048942631358368089e+02 -2.844221578244178090e+02 1.996315956729813479e+01 2.379574960266327253e+02 3.606802387787029147e+02 4.580926712694781600e+02 5.348551279760577017e+02 5.996798094461264554e+02 6.664177543022669852e+02
-7.463269370027410332e+01 -5.326573813962750137e+01 -3.365542657062178478e+01 -1.614258180880278815e+01 1.777802377037005499e+00 1.701559457801340614e+01 2.852797760821704287e+01 4.186960585109773092e+01 5.915735531899554189e+01 7.387075048814585898e+01 8.800813860852213111e+01 9.594686828285921365e+01 1.077276916130649624e+02 1.172248799405642785e+02 1.235835845145338681e+02 1.371237049642950296e+02 1.416200391755410237e+02 1.445024205699883169e+02 1.489332792496861657e+02 1.380690967096161330e+02 1.139963658948108787e+02 7.222658141590363812e+01 9.440703385189408436e-01 -8.679271361026621889e+01 -1.970358186036173720e+02 -3.134255504190223292e+02 -4.118928263490233803e+02 -4.939247584475087933e+02 -5.511992583570390707e+02 -5.744572851973498473e+02 -5.499307707522093551e+02 -4.251182245966338087e+02 -1.000490157855674624e+02 3.951251998267543968e+02 7.845428796710475581e+02 9.250435340652184095e+02 9.096659496045904234e+02 8.192729001067200443e+02 7.034667448901745956e+02 5.895818500267341733e+02 4.807254975933610694e+02 3.862879681367630837e+02 3.164119131199695403e+02 2.584969194166042143e+02 2.090753979721921496e+02 1.537063112280884525e+02 7.377986776112811640e+01 -2.547242365292913746e+01 -1.322952611393993720e+02
-2.074389916414947947e+02 -2.085603991439129459e+02 -2.051681624212505994e+02 -2.035170130241604056e+02 -1.966324749838968273e+02 -1.881401075415196829e+02 -1.902509312399197370e+02 -1.921089100575045450e+02 -1.980842023757431889e+02 -2.027959373599296669e+02 -2.101215202978637535e+02 -2.253465509992092848e+02 -2.326864342987682903e+02 -2.446528262796055060e+02 -2.608484395656705601e+02 -2.771547497979918262e+02 -2.982881494084285805e+02 -3.100786878148355754e+02 -3.143757211036136141e+02 -3.215933619656861993e+02 -3.057041326554754050e+02 -2.628276512182637816e+02 -1.965371855175908422e+02 -8.664970366362831555e+01 4.239759025631065015e+01 1.752324805534881307e+02 3.038750421020668000e+02 4.003915696282638237e+02 4.841820270752214128e+02 5.645168906441685976e+02 6.476247315306973178e+02 7.447574836484127445e+02 8.575574415577575564e+02 9.807482284272555262e+02 1.114293063114106189e+03 1.261425477839613450e+03 1.395939026402207674e+03 1.271324568848445779e+03 1.750922126421646681e+02 -8.458241441074642353e+02 -9.505303687211999204e+02 -9.264674686652579112e+02 -8.698474581786867930e+02 -7.876121627786924364e+02 -6.758681937797082355e+02 -5.399285503319406416e+02 -3.918281652555451728e+02 -2.275937258345074952e+02 -6.298626686650095508e+01
7.776301022071857005e+01 8.766794764409132767e+01 9.707273141099722125e+01 1.108234438322251663e+02 1.248494608286127914e+02 1.301257247762550833e+02 1.369435521064442582e+02 1.496141730655654101e+02 1.513961915112740826e+02 1.480830464376776945e+02 1.472515612948191119e+02 1.446744464847288327e+02 1.380743993708892958e+02 1.249640181089198450e+02 1.082069073925522389e+02 9.602783532410103362e+01 7.760182857527979650e+01 4.989752706704894081e+01 2.377884260207065381e+01 -1.500175577384652570e-01 -3.083812157445936464e+01 -7.364839626266621053e+01 -1.187841918356425595e+02 -1.823793937399168499e+02 -2.852495747550856322e+02 -4.207803065126208821e+02 -5.638949334613862447e+02 -6.836181596046953928e+02 -7.699805230507918168e+02 -8.377398827602301026e+02 -8.872788001533917850e+02 -9.149273780851799529e+02 -9.401702408520941390e+02 -9.623013934575137682e+02 -9.770323749442759436e+02 -9.868512781868630555e+02 -9.836789739873202052e+02 -7.090391237557778368e+02 5.297474869173165644e+02 1.681055006463444442e+03 1.917836616534972563e+03 2.015354918304175953e+03 2.086602607067427016e+03 2.127608939059282420e+03 2.083758097863537841e+03 1.118846313978443504e+03 -3.088433612233784515e+02 -1.023685615520327701e+03 -1.412732512488146313e+03
-1.511197246559313498e+02 -1.583866064762260066e+02 -1.614716704703751020e+02 -1.611181525825959397e+02 -1.608542325786984293e+02 -1.585270076735760085e+02 -1.541667053099081386e+02 -1.605412094689381775e+02 -1.678153531381540233e+02 -1.755453415596566629e+02 -1.865046632620651508e+02 -1.990832071786426241e+02 -2.218073406616895227e+02 -2.407529804902733304e+02 -2.634374422865512315e+02 -2.933139288032252807e+02 -3.245133337908919202e+02 -3.544486678048560861e+02 -3.889455661606043577e+02 -4.218592115716164699e+02 -4.569507556989410659e+02 -4.873911612906813389e+02 -4.970538301474152831e+02 -4.893981800726905931e+02 -4.371571780903759645e+02 -3.492856681362609379e+02 -2.520111472587304888e+02 -1.795477485804149183e+02 -1.353552368640230270e+02 -9.351636129902908579e+01 -5.579595220231567509e+01 -1.393013715690176468e+01 4.421503527664754074e+01 1.006172032282338478e+02 1.582221105475327931e+02 2.192612508926104056e+02 2.632673311640683096e+02 3.122555868532799650e+02 3.630955200754251564e+02 4.040788130620494485e+02 4.323905130085186101e+02 4.254338087945070583e+02 3.622995242998586036e+02 2.181225350075692404e+02 2.708861104762763716e+01 6.236190940011874773e+02 1.575733962636033539e+03 1.700630384449585108e+03 1.428479570716444869e+03
4.917742494963749778e+01 4.390914060427166987e+01 5.243075703435169999e+01 6.867620943076326512e+01 7.928507571000955068e+01 9.238177791296038777e+01 9.837705930799711496e+01 1.050212051043636166e+02 1.159287585167767247e+02 1.152758626999857370e+02 1.122597618182626320e+02 1.095858882516040467e+02 1.023660324576485436e+02 9.426653649198124185e+01 8.425188867104589008e+01 6.250758486437553074e+01 4.099044640845386311e+01 2.156972318468615413e+01 -1.332242366304853931e+00 -2.704595698714547325e+01 -6.058984385593794286e+01 -1.009397627268481301e+02 -1.327793319891061401e+02 -1.647194509031833149e+02 -2.000527137830358697e+02 -2.334874316266505048e+02 -2.768622613236802863e+02 -3.120446416454215068e+02 -3.409027170777844731e+02 -3.767506811736966483e+02 -4.112110659013414988e+02 -4.433544966078188736e+02 -4.805333972472144524e+02 -5.036170037649571896e+02 -5.299156899949011859e+02 -5.757782767156022601e+02 -6.196206780349893961e+02 -6.596326072539086454e+02 -6.769063871963880956e+02 -6.639016119483567309e+02 -6.404255281417135848e+02 -5.792028441082657082e+02 -4.474876702242327156e+02 -2.333424232422112254e+02 7.422019165789242834e+01 4.528217433244863059e+02 8.357976688989147078e+02 1.182289267151674721e+03 1.513422715184220579e+03
1.518395785264001461e+02 1.569689899789664196e+02 1.741652411615796154e+02 1.921592371923616156e+02 2.041417577034444548e+02 2.241042633702745661e+02 2.385497761969163548e+02 2.487849731163878459e+02 2.578317277986061526e+02 2.654502976336370921e+02 2.716368286470969906e+02 2.748213272550638067e+02 2.733950820059981197e+02 2.671360360022517852e+02 2.657362084393826080e+02 2.587143211699876701e+02 2.487865937411697814e+02 2.370146984229504596e+02 2.271189233595505357e+02 2.209946055902546505e+02 1.990048891084152274e+02 1.767122897120716516e+02 1.625567783644510200e+02 1.439023506430385169e+02 1.229656494741502684e+02 9.297750544552400243e+01 6.538518626427685376e+01 4.243607800184690859e+01 1.787588992655219045e+01 -7.611084949166979641e-02 -2.143470154696842656e+01 -5.750214432594657410e+01 -8.372990632196888328e+01 -1.089438085869333008e+02 -1.514408395708451280e+02 -1.939161168757418636e+02 -2.591801609203830594e+02 -3.290789240922604222e+02 -3.614903728953504469e+02 -3.873868413858581334e+02 -4.155134253968863050e+02 -4.358180069288791856e+02 -4.654386337560426909e+02 -5.070959153104340658e+02 -5.630819378843734739e+02 -6.373354759991343599e+02 -7.596694803819264052e+02 -9.689588126021699281e+02 -1.228274783659435343e+03
6.397733840417640749e+01 7.895073849750042427e+01 8.958726405525521841e+01 9.534716157223738264e+01 1.057277806116471766e+02 1.190408651915349765e+02 1.274928271161625162e+02 1.320745188245782629e+02 1.356316099650430260e+02 1.430345928677998018e+02 1.389638798578089336e+02 1.376643322360760067e+02 1.421651953103137203e+02 1.317594183235196397e+02 1.264201045301306294e+02 1.257710350291599752e+02 1.172787030164909083e+02 1.069103678239189321e+02 1.032322374953218969e+02 9.807160856157133821e+01 8.746126914465276059e+01 7.638474514006520621e+01 7.316391507479420397e+01 7.567937978878035210e+01 7.603383560440852307e+01 8.324421111422998365e+01 9.336156782857142389e+01 1.201292076796380570e+02 1.519877781750983559e+02 1.812936748187057674e+02 2.138650115505588474e+02 2.388355457460274920e+02 2.641045967042155098e+02 2.923313081157830311e+02 3.217986431073659332e+02 3.357502002735127462e+02 3.336689224726578686e+02 3.341336642719543306e+02 3.695687305848114192e+02 4.196668035676266300e+02 4.559410139896208420e+02 4.939066192851896631e+02 5.322815857480745763e+02 5.378955597219319316e+02 5.020945185604650760e+02 3.974060232122865273e+02 2.554361225775210187e+01 -1.016837303865395370e+03 -2.521812072888365947e+03
-3.238219778482307447e+02 -3.162749048860860057e+02 -3.151611166550719645e+02 -3.098995796198287280e+02 -3.047459149061760399e+02 -3.005936131169000873e+02 -2.930303019742277684e+02 -2.875471976219851058e+02 -2.767422588642511982e+02 -2.720435938429000089e+02 -2.664259573157469276e+02 -2.553663202496973099e+02 -2.538816816335602198e+02 -2.498169465485698311e+02 -2.395402449324901681e+02 -2.345511728339624824e+02 -2.352127095130272210e+02 -2.320661551784578478e+02 -2.240797256959922379e+02 -2.272249707400187617e+02 -2.283676518714055419e+02 -2.249424432719970355e+02 -2.305314716478605988e+02 -2.267246102209610399e+02 -2.254493947414157446e+02 -2.288936011514015263e+02 -2.252781585147604346e+02 -2.084835165189288091e+02 -1.872149515057535609e+02 -1.670414850210800068e+02 -1.530720155331946444e+02 -1.448855554355977802e+02 -1.331456392031395808e+02 -1.194903483373054769e+02 -1.059103000625327695e+02 -1.030879856006940827e+02 -1.172019856627885019e+02 -1.286465905757504515e+02 -9.817338551646389533e+01 -5.292484700152999721e+01 -1.007263958807743620e+01 4.070888842199929059e+01 9.834087742345582228e+01 1.618584472517250106e+02 2.178029151927476050e+02 2.710156202694342937e+02 2.072350512804405298e+02 6.277257600074517541e+01 -3.984067082009278238e+01
9.886980730452341959e+01 9.416364508614060469e+01 8.694769639409787487e+01 8.252213763224426657e+01 8.221897468669340014e+01 8.036228717476478778e+01 7.717015743145020679e+01 7.214141588457277976e+01 6.780207760879420675e+01 6.739763806687551551e+01 6.400259989345795475e+01 5.765472424618201330e+01 5.690381392749259248e+01 6.071711391594726592e+01 5.710276571614667773e+01 5.403162033073022030e+01 5.801270040456438437e+01 6.253800145752029493e+01 6.040340316671063192e+01 5.856332603050395846e+01 6.434202833959716372e+01 6.729535045640659519e+01 7.091049851611023769e+01 8.356648248471901752e+01 9.067829120933311060e+01 9.393247558420989662e+01 1.047836790337751154e+02 1.274920363691926468e+02 1.562466513421677519e+02 1.811122182032850105e+02 2.014710611043556128e+02 2.077916079538408667e+02 2.095131415816722438e+02 2.113500753210973926e+02 2.061219857788528316e+02 1.829289962360344362e+02 1.369834234682202805e+02 8.730034004221670330e+01 3.783480809361208230e+01 -5.304366712088813074e+01 -2.749422075096226763e+02 -7.686384310258727055e+02 -1.603882217053775094e+03 -2.515181480228930013e+03 -3.143232574987428961e+03 -3.334554123802765389e+03 -2.851348069952378864e+03 -1.416998483316478087e+03 5.375675060772337019e+02
1.686362691286194604e+02 1.609344119006709661e+02 1.550283787565131206e+02 1.514529052769939881e+02 1.419638981672469527e+02 1.308984136895742267e+02 1.289126330350409262e+02 1.255722445748397149e+02 1.187375713002402335e+02 1.112397143126872834e+02 1.065922948402876500e+02 1.049567766784457490e+02 9.915862565557472408e+01 9.921205546185956337e+01 1.021532324517320376e+02 1.009885701574385166e+02 1.082248002408887260e+02 1.118875313661701512e+02 1.119975357944495045e+02 1.225572585706540849e+02 1.298474354010249954e+02 1.405244725428347010e+02 1.562137816442700569e+02 1.706685246255365200e+02 1.853768860445125028e+02 2.016270093659404665e+02 2.205112009327858686e+02 2.511983723555167671e+02 2.876899825345317367e+02 3.192608901475323364e+02 3.353393031906161923e+02 3.373349909213720821e+02 3.333317647629592102e+02 3.184305937914177775e+02 2.804868693892785814e+02 2.032604091302200686e+02 8.335207994474330917e+01 -1.008911591643991414e+02 -3.580843557936896104e+02 -7.267318380818760488e+02 -1.140419981930608628e+03 -1.326792509990744293e+03 -1.076630266184190987e+03 -5.649387595134612639e+02 -1.406270614971581381e+02 1.241496087431150954e+02 2.862082425236876588e+02 3.729097546247066930e+02 4.349011254761135206e+02
5.342586430837400258e+01 5.074395152763463557e+01 3.494069262588163838e+01 1.197402014918043278e+01 -1.954186675022356212e+00 -2.227767360891448334e+01 -3.325119270209688693e+01 -3.509054980674409308e+01 -4.367187781148822978e+01 -5.201296516129514202e+01 -4.682695217002765276e+01 -3.776187452248996124e+01 -3.274377016880316660e+01 -1.570152818123460747e+01 4.333258740400196984e+00 2.502809901116415858e+01 5.056876651814673096e+01 8.263908356541651301e+01 1.085332408354443032e+02 1.307459068608004600e+02 1.638245285655139014e+02 2.067254694414732512e+02 2.492867704152886290e+02 2.899028825191489886e+02 3.368593893658544403e+02 3.814663389648776501e+02 4.186462607837165706e+02 4.701689169133896939e+02 5.310394201232993510e+02 5.765782154681801330e+02 6.071801716243498959e+02 6.206645446054171771e+02 6.070745718136895448e+02 5.462488909017120022e+02 3.909359306896512862e+02 5.662603383336681873e+01 -4.491845301382418256e+02 -9.316394466517085675e+02 -1.200116774485621136e+03 -1.195413517234090250e+03 -9.455990198927465826e+02 -5.759962225653871428e+02 -2.477643381207017228e+02 -1.955119973208638839e+01 1.271741812620603014e+02 2.249999212893308140e+02 2.967141652572609019e+02 3.461825038954557385e+02 3.866520603758399375e+02
-3.719348351182998158e+01 -3.240028767500189133e+01 -3.082653273356845602e+01 -4.058519545485614799e+01 -5.078810825324035250e+01 -5.325258009816752747e+01 -6.106916332311811857e+01 -6.440144387679174542e+01 -6.386860204918775707e+01 -6.243044231939711608e+01 -6.146682604696252383e+01 -6.123191674324334599e+01 -5.055906259364564903e+01 -4.151674567552981898e+01 -3.444184939670958556e+01 -1.726237418284290470e+01 5.502575052378233522e-01 1.533614401877275668e+01 2.679825010144850239e+01 3.460679888221784495e+01 5.600893397995969281e+01 8.796459456856246106e+01 1.139946457290207036e+02 1.370105699655832723e+02 1.614931435186299495e+02 1.834581022249476518e+02 2.016541621695214417e+02 2.211423812433495186e+02 2.381586912132916041e+02 2.446334647355251946e+02 2.263519887331640348e+02 1.765224325298622716e+02 1.137371260039508343e+02 4.887872357398737222e+01 1.850092517389566638e+01 9.110849352838704363e+01 2.833315068887895904e+02 4.904403769815398846e+02 6.420636127121397294e+02 7.395667082550062332e+02 7.901302866449404974e+02 8.174072767639590893e+02 8.148192124675551895e+02 7.975162791518378071e+02 7.856128556670446415e+02 7.761442197387223132e+02 7.674892608578957152e+02 7.600055712483590469e+02 7.535339455981156789e+02
-3.109352683980250731e+01 -2.700532009665039368e+01 -2.099054389598313719e+01 -1.141737259674118832e+01 -2.113930730120046064e+00 5.111429115553619340e+00 1.607747297891182825e+01 2.682289306609891355e+01 3.751510775004862808e+01 5.939535988049465232e+01 8.117820793873397633e+01 9.748991887498414144e+01 1.244775735902076121e+02 1.505473894410242792e+02 1.793695885946508497e+02 2.085805809880548622e+02 2.389867173518287018e+02 2.762180621304141823e+02 2.936615150022844318e+02 3.075147526815126184e+02 3.428605185286432970e+02 3.702838649798068218e+02 3.865272659714391921e+02 3.886849771385022905e+02 3.675981652021582704e+02 3.289263447576668113e+02 2.642280748423363548e+02 1.939261377904622350e+02 1.377548073233047035e+02 9.233107697853120044e+01 5.523095802284660749e+01 2.626218842406524345e+01 1.331748216762207448e-01 -1.203358991642016917e+01 -1.848361651584855281e+01 -1.791745615706895478e+01 8.079635571397375315e+00 6.222107542722369544e+01 1.373209863061201759e+02 2.155527160759083927e+02 2.836031706288049463e+02 3.217531580787617713e+02 3.191774545429798309e+02 3.093658025846525561e+02 2.912167513113527093e+02 2.587938081263855565e+02 2.324933189755538478e+02 2.038661883230379317e+02 1.717191065450315364e+02
2.396664655505446717e+00 -1.176285547341103666e+01 -2.769396624440560117e+01 -4.839111386513104662e+01 -7.401277193013811484e+01 -9.776179178160964511e+01 -1.191941015092015732e+02 -1.413187597444921266e+02 -1.579705857460503466e+02 -1.724510982166684698e+02 -1.875451448849635199e+02 -1.947876684702059720e+02 -1.965805572331591975e+02 -1.995158473845222034e+02 -2.057530600979225710e+02 -2.027282357269432396e+02 -1.941356377914198674e+02 -1.890883741458528675e+02 -1.857470647153095342e+02 -1.761704696124652401e+02 -1.486498185970995110e+02 -1.089493721707258373e+02 -6.067799997873953544e+01 8.658044140349375084e+00 1.009389546787715517e+02 2.127690035226987675e+02 3.458566391208150890e+02 4.837126506977365352e+02 6.159147907599108294e+02 7.189283555586880539e+02 7.905916747451410629e+02 8.365710783904069103e+02 8.548385445318417624e+02 8.198389649748860393e+02 6.406349656541424338e+02 2.297488213884353172e+02 -3.290635288801568095e+02 -6.895211031032085884e+02 -7.004746307797322515e+02 -5.505317212824884336e+02 -3.785077907057420816e+02 -2.418065654812671710e+02 -1.553866607720847242e+02 -7.922513666798477061e+01 -1.422503761440748349e+01 4.802445241552777588e+01 1.227348795120778959e+02 2.090286695947579574e+02 3.098488653610693291e+02
-9.495304306471371092e+01 -1.245623643055732828e+02 -1.493522218980942853e+02 -1.774104746062075719e+02 -2.056623400727403350e+02 -2.330884181157452986e+02 -2.701815279182046652e+02 -3.043608836175117176e+02 -3.325400557136454154e+02 -3.531242663362936582e+02 -3.705794605748669710e+02 -3.917084234523063060e+02 -4.028464307674148586e+02 -4.107306577226554509e+02 -4.183634940714400727e+02 -4.174462238340347540e+02 -4.164824799830093980e+02 -4.147304560693446547e+02 -4.209683044349367265e+02 -4.259385627809388097e+02 -4.115072743715718389e+02 -3.841332711090217344e+02 -3.582270358821260743e+02 -3.373150240186951123e+02 -3.033572833226644434e+02 -2.701867447369440924e+02 -2.484511055545881391e+02 -2.171038541414018255e+02 -1.830633387384586968e+02 -1.550264255118963774e+02 -1.244246320571110118e+02 -9.608171910021337681e+01 -6.411279374852892943e+01 -2.805615802691318095e+01 2.611511114586028270e+01 4.813841447542654350e+01 1.907189804114750586e+01 5.132836056133965030e+01 1.259399533365794923e+02 1.826213922655151691e+02 2.230636810694704764e+02 2.577009563419269398e+02 2.828722854939696845e+02 2.973514985432848334e+02 3.335035107484727632e+02 3.758691895641968586e+02 4.236116193429625127e+02 4.896768696130893659e+02 5.603364329968462698e+02
-2.183239729674824048e+02 -2.175370824759593233e+02 -2.163266266886494122e+02 -2.132531410332885571e+02 -2.054658318815345410e+02 -1.968394552065874450e+02 -1.884369030278758146e+02 -1.720688466903229710e+02 -1.538675839202769566e+02 -1.370088144359469879e+02 -1.166344594869005959e+02 -9.489141696097794920e+01 -7.240128436210216023e+01 -5.120795695096603595e+01 -2.976815307029755786e+01 -4.679928754339925945e+00 1.513823976551066153e+01 3.548316524620167911e+01 4.230831096527981572e+01 5.027585337983327918e+01 7.749600397175527178e+01 1.020409158816910349e+02 1.303092098771303426e+02 1.527130052681895904e+02 1.724404071907338221e+02 1.864765832178236451e+02 1.872144884366425686e+02 1.466155663969402667e+02 4.469762207739404403e+01 -1.694351288939942606e+02 -6.015042522033909336e+02 -1.214194895619497402e+03 -1.735294502420205390e+03 -1.911270324652548879e+03 -1.708041231742216041e+03 -1.087994355595757952e+03 -1.637395914149528835e+02 5.868355920512985904e+02 9.375541618847055361e+02 1.079999467757617822e+03 1.137123405630089110e+03 1.138612362580664922e+03 1.102887973024015082e+03 1.056711451068433234e+03 1.011524822887935443e+03 9.529521039763931185e+02 8.902016945167561062e+02 8.353264982782129664e+02 7.855157484593801200e+02
1.441302745995053556e+02 1.630946610597020481e+02 1.849588611372455489e+02 2.058946738176746294e+02 2.227703892824938521e+02 2.360402798111608718e+02 2.475783088015450630e+02 2.559934915603662375e+02 2.615485770933737513e+02 2.663816895007912535e+02 2.731255086689197924e+02 2.784017181399685796e+02 2.732190146211069077e+02 2.649618854740110692e+02 2.490966148459410761e+02 2.187964560046384577e+02 1.796965429358533584e+02 1.274652376342273783e+02 4.040937812559423037e+01 -7.480490718895453028e+01 -2.158907815970887896e+02 -3.970189574051473755e+02 -6.253942749350389931e+02 -9.064968955793010537e+02 -1.224619163946568733e+03 -1.557193452957289992e+03 -1.846257944032520754e+03 -2.074263032331073191e+03 -2.193527574916341109e+03 -2.107477315565542085e+03 -1.723681556401948910e+03 -1.059443633204442449e+03 -4.133307114580238704e+02 -6.615743907750584185e-01 2.204439749083830975e+02 3.417281981713313144e+02 4.431763592869392596e+02 5.355945245380571578e+02 6.078473910255706869e+02 6.650769013776152860e+02 7.117309173099347390e+02 7.450751780514838174e+02 7.599867315223382320e+02 7.775656403978937306e+02 7.970414275560178794e+02 7.891208998286165297e+02 6.855644878004095517e+02 3.052504136449133512e+02 -2.781169382807565853e+02
1.135108766088669654e+02 1.383780242907232605e+02 1.563986840441648383e+02 1.840870243405515794e+02 2.127879034052602947e+02 2.273766484108928125e+02 2.447185963086667471e+02 2.631786181685747579e+02 2.836012506165425293e+02 3.031866301530972123e+02 3.238375186160847079e+02 3.474476660415530205e+02 3.602152615818486083e+02 3.750936229341605213e+02 3.986633679055084940e+02 4.076189235889760312e+02 4.185421225445461459e+02 4.273450845067563932e+02 4.275653726226591971e+02 4.345108165791316424e+02 4.396849170510831755e+02 4.488158783775288612e+02 4.570251229620189406e+02 4.573395146132970694e+02 4.118813069066673052e+02 1.686636710966122337e+02 -1.873597932402335573e+02 -3.122223924332938623e+02 -2.227813934451842215e+02 -1.188292894855258055e+02 -2.597660777295823209e+01 5.168707512252149172e+01 1.131852158910187427e+02 1.509535183900443371e+02 1.692025962189945858e+02 1.857896243001159746e+02 2.112823758530721534e+02 2.238612865094619337e+02 1.777176413696142845e+02 5.433294403797481209e+01 -1.676854328105109744e+02 -5.632146981228725053e+02 -1.192783620741392951e+03 -1.948968753146560630e+03 -2.590905120290350169e+03 -2.972963281960110180e+03 -3.052986764507251792e+03 -2.679756687957036775e+03 -2.020608423875935841e+03
2.466651348203595262e+02 2.766374862616357859e+02 3.107900767584214918e+02 3.437307768417231273e+02 3.778855712407384999e+02 4.146905948896310292e+02 4.490272153040859848e+02 4.784409264414280187e+02 5.150221756966202520e+02 5.504381932434625924e+02 5.806617120855080429e+02 6.188762909747892991e+02 6.514397221599356271e+02 6.802325485971232411e+02 7.065385562230658252e+02 7.291830594109778758e+02 7.474308770550123882e+02 6.875811451720655896e+02 -1.931934828854282387e+02 -1.241898136869916925e+03 -1.523364813969907118e+03 -1.563482725000125356e+03 -1.503506262046663323e+03 -1.338491925368172815e+03 -1.059435314065165585e+03 -5.473564808173687197e+02 8.519220946246059611e+01 4.127888320036872756e+02 4.500581963431031909e+02 4.421312121278024279e+02 4.345077485416841228e+02 4.468986438987194560e+02 4.605643995158607140e+02 4.619204041878692806e+02 4.792119020983518567e+02 5.011647862600511871e+02 5.487622658796608448e+02 6.048846818921447266e+02 6.243055027072841767e+02 6.356488471229095012e+02 6.282116457416268531e+02 2.563721454732585698e+02 -7.194126585650374182e+02 -1.075531302339630201e+03 -6.080366523228294682e+02 -2.935988789826224092e+02 -1.331038895488600247e+02 -4.913866476152907126e+01 1.609907268185634166e+01
7.764874746289569885e+01 8.957495563031989150e+01 9.393562718597240746e+01 9.548104537450126372e+01 1.034259583960811142e+02 1.089155870428949129e+02 1.059305368973000441e+02 1.023260668441362213e+02 8.740127813076833263e+01 7.004570594368851744e+01 4.608922503946814686e+01 -5.091394825896713883e+00 -7.449468919125501998e+01 -1.716679974779544864e+02 -3.068114940580271650e+02 -4.871476270314888097e+02 -7.080144110806577373e+02 -8.801246817608771380e+02 -2.283146663653024007e+02 6.330206989560974762e+02 8.072033169781207107e+02 8.253021416833507828e+02 8.310126832528039813e+02 8.341064357016875874e+02 8.248784793898521457e+02 8.119404345354414545e+02 7.801155886704218574e+02 7.093673071812663693e+02 6.053237104168510996e+02 4.735023597838298883e+02 3.363944250676431693e+02 1.880913598780462053e+02 1.001725777043611743e+01 -1.750820294531295076e+02 -3.796772852972790133e+02 -6.082377359347883612e+02 -8.495579326431907248e+02 -1.130084728574525798e+03 -1.462214193865162088e+03 -1.773808064964541700e+03 -1.952722140342142666e+03 -1.574949593006254872e+03 -3.005103146086621564e+02 5.752762351367855445e+02 5.907495042987866327e+02 5.711144155027577654e+02 5.417386643847858068e+02 5.128268296090536751e+02 4.911438566852593794e+02
-1.974012249000952579e+02 -1.949714572600496467e+02 -1.837500930821406655e+02 -1.653680847668438219e+02 -1.520937421058188193e+02 -1.342676926503190771e+02 -1.184302008547529113e+02 -1.152972164278908167e+02 -1.010721465652459301e+02 -8.993954184581525624e+01 -9.148595935903722420e+01 -9.110425393236801028e+01 -1.031684663062624168e+02 -1.252721430703531951e+02 -1.673335918936063536e+02 -2.248683639692608267e+02 -2.757478333695326000e+02 -2.882660890161641873e+02 -2.465117366674821824e+02 -1.677049960080184974e+02 -7.461743720670347102e+01 5.560478380648419261e-01 6.447376605094177648e+01 1.149212389903259464e+02 1.473949674621107988e+02 1.714397817860590294e+02 1.894988247130240779e+02 1.823315023672184907e+02 1.672230151788680814e+02 1.729413956108619459e+02 1.981169292303093243e+02 2.486495454677205998e+02 2.942465423199755605e+02 3.210434472115885001e+02 3.282003296315961052e+02 3.228724591931677423e+02 3.235731097259849776e+02 3.074250120767683256e+02 2.653761641577002592e+02 2.145098587639222387e+02 1.595900920272979420e+02 1.163727862645464484e+02 9.394510321115376428e+01 7.304246064959443174e+01 4.604558099605492316e+01 1.704969741281820461e+01 -2.261316069064196199e+01 -7.325022180625819601e+01 -1.264366309312172234e+02
-3.504144393128808588e+01 -3.125749994890065864e+01 -1.977381251248880289e+01 -1.474168512804317288e+01 -5.056915636025951244e+01 -1.753897190272400621e+02 -4.257199874756333884e+02 -6.833236424028291367e+02 -8.533888568215770647e+02 -9.737166686865966767e+02 -1.053190352789591998e+03 -1.100351013197447173e+03 -1.112536184449680150e+03 -1.081283647621370619e+03 -9.870415148928295821e+02 -8.196653632676752750e+02 -6.102125639623554889e+02 -3.917061818174261134e+02 -2.116895109840261284e+02 -8.293093072349438444e+01 5.039553058391902596e+00 6.227974602722679265e+01 1.140692412244970910e+02 1.581979912937094923e+02 1.959444240966404323e+02 2.374118637748761103e+02 2.789857766451896168e+02 2.904476793244539294e+02 2.887428557789244223e+02 2.956794353589066304e+02 3.096300601155671757e+02 3.418842785684973933e+02 3.688044863932009321e+02 3.949364511033345480e+02 4.256977689652703702e+02 4.500524357435642742e+02 4.896522207302914467e+02 5.278984959971567150e+02 5.355198807500128169e+02 5.229412580381613225e+02 5.000028151094738860e+02 4.842247891966253519e+02 4.674584960147039965e+02 4.318321698328363709e+02 3.847225801065214910e+02 3.163541448232426774e+02 2.308795312120637391e+02 1.424988836346892640e+02 4.878214402205776423e+01
-1.848588448077207431e+02 -2.762377851913915947e+02 -3.544304067045450211e+02 -4.158842813467781525e+02 -4.528157979924581014e+02 -3.943002064549073111e+02 -2.173981103274272755e+02 -2.950739603748661466e+01 7.979411919027916156e+01 1.314951568213582505e+02 1.642878461721120402e+02 1.936272315129754134e+02 2.220446342118084431e+02 2.467142112331639510e+02 2.701639843875018414e+02 2.909314011326641776e+02 3.071690196358249523e+02 3.269621270592324436e+02 3.621446383598085959e+02 3.944215487978071906e+02 4.140754404374747537e+02 4.350294011142977979e+02 4.561761502969311550e+02 4.751604586019820999e+02 4.920595513358712196e+02 5.129029370282078162e+02 5.341927993188146502e+02 5.335421480979421176e+02 5.308617988600744866e+02 5.349984325234545395e+02 5.428538508673664182e+02 5.627610778235830367e+02 5.694048980051302351e+02 5.316267416912887711e+02 6.378894097026204690e+01 -1.209773994694871362e+03 -2.098356891719857231e+03 -2.022617502521781716e+03 -1.726378654198953882e+03 -1.373865676525747404e+03 -1.018163647555978969e+03 -6.974629422742291354e+02 -4.336891096640902106e+02 -2.349199648112989962e+02 -1.053844929370679893e+02 -3.407159063228755258e+01 1.408918965869816020e+00 2.525285201933002099e+00 -2.043930226494558156e+01
-8.076293082069605589e+01 -6.500778805752634071e+01 -5.517558151207049377e+01 -4.232443620063713752e+01 -2.289789809123612940e+01 -7.655712169565958902e+00 1.444499726896174252e+01 3.549545046896673739e+01 4.810470745657221414e+01 7.310125123671605252e+01 9.716268318175571039e+01 1.126863586586550809e+02 1.329938606391660869e+02 1.501517715774243698e+02 1.671710555870959070e+02 1.883636142377217766e+02 2.055658925441675819e+02 2.207033352196158376e+02 2.560815738790843170e+02 2.890822217970853671e+02 2.923421930719341617e+02 3.003834336474537849e+02 3.026189177849737462e+02 2.967326251376362052e+02 2.937775294761522673e+02 2.831929910508042667e+02 2.679064175914099906e+02 2.380035036157350987e+02 1.797672333970258478e+02 9.492256806048681028e+01 -5.663586016520275734e+01 -3.885330813250329811e+02 -9.917258877766435035e+02 -1.665232781470520422e+03 -1.649406317217100877e+03 -4.914524241854960565e+02 4.876916702176386025e+02 6.413942000693932641e+02 6.479956968404876534e+02 6.235677735297649633e+02 5.842243134289747104e+02 5.280315537741989829e+02 4.652394068757712375e+02 3.653910679478431121e+02 2.304178137061244342e+02 8.267774592665955424e+01 -7.068435314393718727e+01 -2.295370914465747774e+02 -3.960598454356659204e+02
2.092124679077533074e+02 2.138583032094174996e+02 2.167651730614306871e+02 2.088618271111627109e+02 1.955708695622161031e+02 1.850307948894042056e+02 1.823322961631929502e+02 1.787071727119910065e+02 1.658802657331980299e+02 1.522271932234580163e+02 1.263922827487112954e+02 9.898648570285877213e+01 7.024317882978357375e+01 4.487765424203826115e+01 2.638086403597844765e+01 1.314811639336403459e+01 1.971222914170357399e+01 3.033700695302104577e+01 5.906999486312270164e+01 9.163320232363184914e+01 1.082856341921142302e+02 1.276142683811194729e+02 1.410711447313660756e+02 1.522227505781338550e+02 1.653942435798235238e+02 1.711603582621901296e+02 1.732539733156154398e+02 1.354776991570251994e+02 -2.315476861486677080e+02 -1.167414139810600318e+03 -1.885410604222852271e+03 -1.858369326356681995e+03 -1.385821411024488043e+03 -7.372165151357476134e+02 -2.730659546056122053e+02 -4.545460734888911247e+01 5.204767215999891050e+01 8.795604309864575043e+01 1.006076033472782001e+02 1.049798314191575628e+02 1.135050374831771478e+02 1.427385541404946707e+02 2.016702190070936922e+02 2.507795239659899380e+02 2.787914594820758794e+02 2.928829240566119552e+02 2.890717986829113215e+02 2.662334615252329968e+02 2.349289616530295461e+02
-2.325423012766987085e+02 -2.180084985604626127e+02 -2.114102480735164136e+02 -2.101997476082469802e+02 -1.968093974501243792e+02 -1.800345036915969104e+02 -1.664098848708381411e+02 -1.420325523150386289e+02 -1.152912149363546632e+02 -8.362418813485419378e+01 -4.660336721813655458e+01 -1.092065039876615629e+01 3.485010690335184336e+01 7.822052433772478253e+01 1.169255573694535997e+02 1.551558623149176128e+02 1.901380666360491887e+02 2.177187640304618981e+02 2.525102703890297562e+02 2.913121571119409055e+02 3.138302925002935808e+02 3.215543423549388535e+02 3.233763183681585360e+02 3.285225960935349576e+02 3.297050703691784292e+02 3.347985516082553659e+02 3.365560465884918813e+02 -5.911512510289030615e+02 -1.370455277538509108e+03 -6.420364969854708761e+02 8.313491175291710533e+01 2.551228740426595323e+02 3.028456764975271653e+02 3.307023719262215309e+02 3.490106300936022308e+02 3.705446943712013308e+02 3.769869174698542338e+02 3.574334554176894017e+02 3.396620224681973923e+02 3.238775485046789981e+02 3.007311740056029521e+02 2.884488292018650100e+02 2.896701506567187607e+02 2.679559961519553326e+02 2.123562075869413093e+02 1.434159941883990541e+02 7.621823735514772125e+01 1.529071905504679307e+00 -8.386836040567141026e+01
2.541652060188353062e+02 2.278791604714351706e+02 1.979199290373944677e+02 1.665969179161766078e+02 1.359287286277685780e+02 1.036768398068088572e+02 7.934128225914901122e+01 5.432034497801214457e+01 2.504859059251612052e+01 -6.737078563543036580e+00 -3.879059811701881699e+01 -7.693610005770460702e+01 -1.171125083005463239e+02 -1.595155944600410294e+02 -2.109305934477306437e+02 -2.618048674890014809e+02 -3.264224515779933427e+02 -4.038619438312889542e+02 -4.729322561510780361e+02 -5.549676812835677993e+02 -6.711729879351041745e+02 -8.093729692490596790e+02 -9.661268546507635619e+02 -1.138240031556342728e+03 -1.311156137358513661e+03 -1.482375458658701973e+03 -1.641809973353287205e+03 -8.162649433122714981e+02 2.145695940188888926e+02 3.580148239427362569e+02 3.649772604716999922e+02 3.589322201406466775e+02 3.598831996171502396e+02 3.577948672189959325e+02 3.514755346361780539e+02 3.535152750197157729e+02 3.371619427537953015e+02 2.991181097484368365e+02 2.717173319082939997e+02 2.481244889425288420e+02 2.289832635513157584e+02 2.212092331072781235e+02 2.270268819223565515e+02 2.268506179485411849e+02 1.931164585998340044e+02 1.590880765037727542e+02 1.234124791662907228e+02 8.826771835942054167e+01 6.650355263997334987e+01
4.764551566448062658e+01 7.544680619894643314e+01 9.466972812914173119e+01 1.033567353892722167e+02 1.130395273875328712e+02 1.258427834226458799e+02 1.400799144805350807e+02 1.537573147218499798e+02 1.680354879240330774e+02 1.746785277506278362e+02 1.813200793598953169e+02 1.919541470255062450e+02 1.955970284821814857e+02 2.014273132401285693e+02 2.085806031417159829e+02 2.123890559957653750e+02 2.225336985231842846e+02 2.348799041589081753e+02 2.564239254107524175e+02 2.753726845147612039e+02 2.732177294329158030e+02 2.627755869473039638e+02 2.461859704485978000e+02 2.219653070971253328e+02 1.882404417926154565e+02 1.458163646809116472e+02 9.834301456922548823e+01 9.793586139471153729e+01 1.247133551567385439e+02 1.453154238707211334e+02 1.677243675104400609e+02 1.754179761845443863e+02 1.824016260455828160e+02 1.816156907168915495e+02 1.808953379650483839e+02 1.806666672660794575e+02 1.519669658606289886e+02 9.488220081699546427e+01 4.751809190522180870e+01 1.883904598356457427e+01 -1.859779129060916603e+01 -5.188448850336135365e+01 -6.948602908407337964e+01 -9.544035726421861909e+01 -1.270020913994812872e+02 -1.427097746022045612e+02 -1.380026556252851151e+02 -1.159867473452759441e+02 -8.744276037451345474e+01
-1.467865927895763889e+01 -2.450567751799826510e+01 -3.303322812428814359e+01 -4.101879377794102766e+01 -4.817776844653417356e+01 -5.436174983179080300e+01 -6.193056359101319686e+01 -6.692786330546368845e+01 -7.643273153822519816e+01 -9.385821759863756597e+01 -1.125847157312382478e+02 -1.340420422923925798e+02 -1.545884898092772346e+02 -1.750802591111860238e+02 -1.958568681031174492e+02 -2.158602832632022910e+02 -2.356029027515323833e+02 -2.450501331475388724e+02 -2.431052082867827266e+02 -2.335747045193566009e+02 -2.170393824134371243e+02 -2.023265569572104141e+02 -1.740850056074559689e+02 -1.338049346754560247e+02 -8.318549105318379588e+01 -1.258753335048095323e+01 5.335495857027126476e+01 1.336270647892961279e+02 2.218701030244992580e+02 2.842528727608150803e+02 3.144051679142576177e+02 3.151717192730284296e+02 3.104819373972422909e+02 3.028347537108929828e+02 2.860651327662344556e+02 2.698091919081052765e+02 2.218891194166208152e+02 1.518350807582610287e+02 1.001446334804932121e+02 4.860136006749235094e+01 2.665015019680140540e+00 -3.982661579645355232e+01 -7.194586586207151413e+01 -9.941273680384620093e+01 -1.344764379168336745e+02 -1.506484691327495966e+02 -1.410020584479498211e+02 -1.102205476805102080e+02 -6.981281712499912828e+01
-8.962345931938034482e+01 -6.763999218947719783e+01 -4.322026925822137855e+01 -1.174846338236238807e+01 1.702737992518814281e+01 4.138407039552112110e+01 6.996072226905380376e+01 9.291488511447096244e+01 1.086991349533200264e+02 1.261767953199159820e+02 1.425156595118169207e+02 1.552241299570014235e+02 1.613833656428905670e+02 1.661706356572976802e+02 1.727848139368579723e+02 1.758343753205554094e+02 1.728578176021401305e+02 1.681936288403812796e+02 1.624379634720680770e+02 1.555490242871746887e+02 1.428347289022349287e+02 1.309308964218944311e+02 1.172286974809831008e+02 9.648912817789823748e+01 7.588336720192455687e+01 4.828177949690143578e+01 2.488877585204318166e+01 3.489443129324354231e+01 5.235425184242194518e+01 5.760526773045421578e+01 5.405091996167902835e+01 3.420456951716914773e+01 1.292127299439744093e+01 -4.952340578805888072e+00 -2.451203872324549593e+01 -4.205109562541474588e+01 -6.733685239678015932e+01 -1.092922943894227501e+02 -1.471457455026975367e+02 -1.805463853543333244e+02 -2.110709351926052477e+02 -2.351067231231136248e+02 -2.554518206078209914e+02 -2.602686142950260546e+02 -2.358250350139278453e+02 -1.901508989912108518e+02 -1.287648505965189543e+02 -2.821217579144285992e+01 1.030088655088329688e+02
1.849569229525513947e-01 -2.187356552956043743e+01 -3.441031530257896520e+01 -3.971885281620780006e+01 -4.636753411742392927e+01 -5.043784529448021203e+01 -6.040521266876021400e+01 -7.548350047381245531e+01 -8.693175857985625044e+01 -9.870780740314512514e+01 -1.117063782008190174e+02 -1.240205530960229225e+02 -1.381328451147419401e+02 -1.532648688704066444e+02 -1.689324481398216449e+02 -1.849866993852483574e+02 -1.972613285632105544e+02 -2.092484743790701032e+02 -2.326442809923901223e+02 -2.531861026957922149e+02 -2.539341016030812170e+02 -2.466556333891930990e+02 -2.373681792654388119e+02 -2.234428097600175533e+02 -2.121536287268972956e+02 -2.020696517145843245e+02 -1.917770583227684256e+02 -1.605475391604413744e+02 -1.174760846783756278e+02 -9.184089097884134389e+01 -7.655784587809466757e+01 -6.920130727544892579e+01 -6.805392896730336361e+01 -6.987988139133085497e+01 -6.837101266183890402e+01 -6.373007044766563922e+01 -6.484352745948126540e+01 -7.157301921423641033e+01 -7.985494490666314960e+01 -9.044232900300994515e+01 -9.760806062113260850e+01 -1.008424038211232983e+02 -9.985461865429533646e+01 -6.729323855851544067e+01 1.699065649398835376e+01 1.278635320807516109e+02 2.512413120543933474e+02 4.170021993006812409e+02 6.160136557061923668e+02
-1.798364647679554764e+02 -1.927649721348425373e+02 -2.022484659531037323e+02 -2.057321265104983468e+02 -2.036560901768098120e+02 -1.965578020710963756e+02 -1.892533849554602057e+02 -1.744200330282037612e+02 -1.504182142526842654e+02 -1.200542315637867432e+02 -9.026128102309303358e+01 -5.813578309785225429e+01 -1.678820212630671449e+01 2.005401225324021652e+01 5.349871133815031499e+01 8.611093255135347135e+01 1.120236974098952487e+02 1.285769408778869547e+02 1.281603142087988090e+02 1.201530310528178234e+02 1.206525740287033841e+02 1.200582066944916733e+02 1.161344380874361377e+02 1.093154721155005973e+02 9.690642146821483038e+01 7.846448989302734844e+01 5.640822955069597811e+01 2.898389036193839274e+01 -6.964366122061619535e+00 -4.707110932894283906e+01 -8.732017253374215215e+01 -1.231148838265798986e+02 -1.493084836001798976e+02 -1.658449229422258213e+02 -1.729271018189319875e+02 -1.672773451826942619e+02 -1.230085619107121602e+02 -4.701551438675960526e+01 1.420896067170542665e+01 7.683182627815403976e+01 1.604542132931819651e+02 2.501530604893341660e+02 3.324007963683106937e+02 4.068703879149106797e+02 4.133233904919179622e+02 2.314986617811955512e+02 -1.649990719626948703e+02 -6.477876175874844193e+02 -1.122506065022200346e+03
1.833280178032582626e+02 1.998695335119555239e+02 2.075834297761030030e+02 2.049208785521332175e+02 1.986475820375198964e+02 1.870768556203984190e+02 1.770940760636876803e+02 1.648043881747871637e+02 1.457104217174637597e+02 1.239246376469964162e+02 1.039566357317380607e+02 8.319572310929652303e+01 5.882909708123770542e+01 3.823868863200186752e+01 1.992078446689993143e+01 3.048398594954051077e+00 -1.064696564580663107e+01 -1.945089137781178579e+01 -1.719915437905001454e+01 -1.227504644318833016e+01 -1.553737454261863604e+01 -1.921360610690317117e+01 -2.113943758935783990e+01 -2.141111556204850785e+01 -1.780024640215560794e+01 -1.024729682956240140e+01 -1.161518711334792897e+00 3.550342989270575345e+00 9.074626458343118429e+00 1.991498048085486516e+01 3.337865334536763839e+01 4.856742078854585998e+01 6.051855852513108402e+01 6.865064322334364988e+01 7.295099437393946573e+01 7.123340674990322441e+01 5.569891741103492677e+01 2.961115778126986697e+01 9.100982394476886839e+00 -1.492132920149015263e+01 -5.423294873174745589e+01 -1.052702881332661491e+02 -1.635386048713698983e+02 -2.331441630543558858e+02 -2.684134011124260724e+02 -1.562229191591031849e+02 1.327087047531967983e+02 4.317344022108882200e+02 6.677920066691003740e+02
