-1.483153734430416080e+02 -1.522414387352728227e+02 -1.555745152132549265e+02 -1.602562833470337864e+02 -1.620205138606143009e+02 -1.671741360195792367e+02 -2.047672153420171526e+02 -2.264062891013281842e+02 -1.298524906815064242e+02 -4.210630096190834593e+01 -5.605961523545283853e+01 5.288035224380109867e+00 1.377416087898900514e+02 2.169912149274205149e+02 2.489163608210537859e+02 2.647259232408496246e+02 3.023799390195154047e+02 3.623403649345746089e+02 4.282828794832130370e+02 5.019713843474437454e+02 5.692168993534169203e+02 6.151179640395730530e+02 6.206468964558198422e+02 5.290387078982212188e+02 3.221979139253062385e+02 7.200979810774788348e+01 -1.513613624652962244e+02 -3.143333158717623519e+02 -4.080268019646027824e+02 -4.272824761148795005e+02 -3.988179197437884795e+02 -3.490576035342228352e+02 -2.909866591262671136e+02 -2.370888414709870631e+02 -1.893123172945715851e+02 -1.475837744995087633e+02 -1.124084387933426115e+02 -8.455678737648941024e+01 -6.119656222238427290e+01 -4.333130587371942966e+01 -2.852893647067412530e+01 -1.464001983109119465e+01 -1.424606872833464877e+00 8.196773016821680358e+00 1.215746921663412650e+01 1.055328547220506152e+01 3.964272891820655786e+00 -4.234615156164181826e+00 -1.211265808460848348e+01
6.502738252302078763e+02 4.697250302099128021e+02 2.844506150113284093e+02 1.682440869834426849e+02 1.283097478633007995e+02 1.603055966667016037e+02 4.153885949277646432e+02 8.898209135570232320e+02 1.210912566697215880e+03 7.770967990006374748e+02 -2.133036727936760144e+02 -7.894257060808140523e+02 -8.186778277195644478e+02 -7.139010912514622760e+02 -6.239426323157731531e+02 -6.726872205142790335e+02 -7.747825444538866577e+02 -7.868858084250077809e+02 -7.750923042335853097e+02 -7.755871241757013195e+02 -7.602766125165308040e+02 -7.196027587920816586e+02 -6.443921452695640255e+02 -5.073013077463356240e+02 -3.234319246891354851e+02 -1.509328317224944840e+02 3.029273843956616474e+00 1.513164947877676241e+02 2.806381994666471655e+02 3.605825170365324084e+02 3.910877481405777871e+02 3.865712519560038345e+02 3.617903165832740342e+02 3.304281016844161059e+02 2.919508084996377875e+02 2.490952406074957253e+02 2.057530735967211513e+02 1.630588446852434572e+02 1.202856129077099467e+02 7.983453671721690625e+01 3.720447165246514487e+01 -8.286498373892754898e+00 -5.507075687884025683e+01 -9.468462053329858463e+01 -1.118119479113211128e+02 -1.011225557963243773e+02 -6.159666573931463063e+01 -1.000574758904076589e+01 3.894348503795117722e+01
8.339351821642812865e+02 1.444180833662103396e+02 -4.384218431956578570e+02 -6.017809267475295201e+02 -4.708697467509700800e+02 -4.327846840938836976e+02 -5.677983873454541026e+02 -8.453485969803878106e+02 -9.773439275660603016e+02 -4.109603106867161841e+02 6.430441588829526154e+02 1.212143503326075006e+03 1.206109481692747067e+03 1.065746178004686953e+03 9.012147067176465498e+02 4.828288689003566105e+02 4.131677318134461530e+01 -4.899182102610575384e+01 -1.879463810731976992e+01 -6.251063418138073757e+00 -2.355376490204071160e+01 -7.646449437830960960e+01 -1.390206203768066189e+02 -1.686635118239173607e+02 -1.098132505949834012e+02 4.450115173128870083e+01 1.920754837297790800e+02 2.741529015390806308e+02 2.759687532010393625e+02 2.205944396437153046e+02 1.515867533651326085e+02 9.426321744786400814e+01 5.910938605304181692e+01 3.348985551684381790e+01 1.547030734572399524e+01 1.703617603996099206e+01 2.943086539252544753e+01 3.814296045441733440e+01 5.423520015687245177e+01 6.486249424673951580e+01 5.820701422583442763e+01 3.994474076388360118e+01 1.274185307612424367e+01 -2.425657979309471557e+01 -6.774781821673241211e+01 -1.158199430308086448e+02 -1.710867563265601348e+02 -2.294670221369415231e+02 -2.877837104850332253e+02
-1.321423690907391574e+03 -5.238957329256263620e+02 1.786785337078254088e+02 5.049875632276452961e+02 5.413212173805113707e+02 5.425281327195407357e+02 4.492240123757437686e+02 2.181159409770589264e+02 -1.061795071364358591e+02 -3.394132924566620204e+02 -3.904003791737122810e+02 -3.879378986379488197e+02 -3.729689017556993349e+02 -3.093179366659132938e+02 -1.916487763883196749e+02 1.763814454884777660e+02 5.504263662998782820e+02 5.959946333428051730e+02 5.295762126218724006e+02 4.599817050765705062e+02 3.735462217904459976e+02 2.871602428309670358e+02 2.014923466692889633e+02 1.416232297061251302e+02 1.301593359929611324e+02 1.496896996085488354e+02 1.726088136192120146e+02 1.435835290828144934e+02 7.875078535188004025e+01 6.472767162682430353e+00 -6.467244412521540653e+01 -1.194103473087307066e+02 -1.673115430477155314e+02 -2.041416789691429585e+02 -2.223714050982925983e+02 -2.331870915019389940e+02 -2.359780987514568551e+02 -2.210258818713627988e+02 -1.991251634637992538e+02 -1.665964066568121780e+02 -1.134391045715419750e+02 -4.890113913268578472e+01 2.295492944365105359e+01 9.453723029701723135e+01 1.459322257693675056e+02 1.649532164723641472e+02 1.488555956571763090e+02 1.227555145079822978e+02 1.045885941496453597e+02
-9.645903028516113409e+01 -9.852754299276421079e+01 -8.464569033975203638e+01 -1.029491400769693428e+02 -1.577882627892358869e+02 -1.694689791621240147e+02 -1.303946991952907410e+02 -8.518960037044962519e+01 -7.514801542865097872e+01 -6.775130222787993262e+01 -3.753106534585094778e+01 -4.808684432283916976e+01 -1.091984062965784688e+02 -1.693568398529059778e+02 -2.092802935279396479e+02 -1.358935925666482945e+02 -3.884649891234585084e+01 -3.924525337050727103e+01 -7.067495669356503640e+01 -8.901531678710307460e+01 -7.003978972564073047e+01 -3.552556339378133998e+01 6.984864438752993010e+00 3.897140243103785906e+01 2.259738050727901282e+01 -5.389952102525785449e+01 -1.455569272124812414e+02 -1.927195358407698222e+02 -1.958295631225482794e+02 -1.734751971140140085e+02 -1.271374773299939989e+02 -8.542453923158609541e+01 -5.323683856129719061e+01 -2.366612260564943426e+01 5.384135779320786241e+00 3.397597499962648726e+01 6.020127220686117653e+01 8.907794935772835743e+01 1.131268760493949230e+02 1.351969232946830743e+02 1.622507482897781301e+02 1.930607179809085210e+02 2.246567919903354777e+02 2.570277106159410323e+02 2.869979382839919708e+02 3.168837424335506512e+02 3.466087737619418476e+02 3.702928755835018819e+02 3.878621334114868660e+02
2.866816366773200571e+02 2.533251697842606518e+02 2.414748037188655871e+02 1.885673231492983177e+02 8.147677814584312728e+01 3.095614379948528949e+00 -2.927462408810606576e+01 -2.213044929697207408e+01 -1.494434125838233740e+01 -2.560216385106468806e+01 -4.934082030771241989e+01 -1.112474671457894146e+02 -2.038709199216027628e+02 -2.861858038818390924e+02 -3.408086523376987316e+02 -2.885962901742605027e+02 -1.875090424590816838e+02 -1.639779547565594839e+02 -1.568737085524444410e+02 -1.240135089620998770e+02 -7.575035100392051390e+01 -3.190948990919423522e+00 7.575958780208748067e+01 1.224026511317497352e+02 1.104784258081053849e+02 4.801554735822355724e+01 -1.673157784356590128e+01 -4.034295037698757369e+01 -1.005155127937905490e+01 5.343077465924943681e+01 1.176663715945469448e+02 1.701225142230359779e+02 2.086322848071104090e+02 2.385077564764869749e+02 2.583770529081266432e+02 2.628402927591960179e+02 2.572599539153088699e+02 2.409308371665938466e+02 2.222752571048804384e+02 2.069167357285077742e+02 1.887164438597319531e+02 1.734482239051831129e+02 1.676651572386763291e+02 1.642388550465439039e+02 1.702059095916156366e+02 1.889638289450376760e+02 2.187415554353901825e+02 2.545666273579772678e+02 2.874714532062062062e+02
-2.251583392952015856e+02 -2.110197578922234243e+02 -1.905580439400218893e+02 -1.546488578250500723e+02 -9.779248581561842002e+01 -2.464775130526686553e+01 7.381936504163604695e+01 2.099165563491114881e+02 3.567555719940573908e+02 4.664519731927066459e+02 5.215441711894163745e+02 5.357551639464873006e+02 4.905342545034873183e+02 3.626021621181062073e+02 1.588528532379859826e+02 -6.205081174508086406e+01 -2.300764226063693059e+02 -3.267716741369295050e+02 -3.655850846919274773e+02 -3.811666755426340387e+02 -3.851203146407933673e+02 -3.897389167257133522e+02 -4.058389588181526051e+02 -4.270905973037806689e+02 -4.478052547615661751e+02 -4.490092321605770849e+02 -4.064084242586832261e+02 -3.394311409240472130e+02 -2.818718250683450606e+02 -2.343361314851063071e+02 -2.075466511463964707e+02 -1.943850410810118774e+02 -1.809825434037120431e+02 -1.710804552514819079e+02 -1.761070069013439934e+02 -1.974030894544048351e+02 -2.277296292511091451e+02 -2.660978370072407415e+02 -3.135054670786121278e+02 -3.635039521748694824e+02 -4.127097833910811460e+02 -4.595482966889248928e+02 -5.034550523827711004e+02 -5.319105368377458944e+02 -5.413065767516272899e+02 -5.299637028724937409e+02 -4.905447910771035822e+02 -4.448946398443586077e+02 -4.010678335036063800e+02
9.825903242279164260e+02 2.207966758037437103e+02 -3.279235002574787359e+02 -4.931983669792462024e+02 -4.746659172938816482e+02 -4.487773930533585371e+02 -4.463469894917434431e+02 -4.492822186715930002e+02 -4.351906514020301984e+02 -4.097478068341370090e+02 -3.755391649923403747e+02 -3.045251614114677068e+02 -1.724656424443310243e+02 1.574094475156016415e+01 2.540965954434577725e+02 4.713329220717350836e+02 6.412865658856098889e+02 7.789529321927111596e+02 8.693884565037442371e+02 9.189758577124011936e+02 9.060459952485907706e+02 8.224126954462262802e+02 6.837985303741661482e+02 5.227210082622405025e+02 3.902131369742492097e+02 3.304084049415396294e+02 3.313696555168935447e+02 3.530108788563811686e+02 3.613967173335622647e+02 3.170685578863267438e+02 2.254063733180955751e+02 1.259421875612242729e+02 5.258460250496864319e+01 7.197027896509098355e+00 -1.336653485170972999e+01 -5.268034619090030901e+00 1.417163070193782914e+01 3.078509509142895695e+01 3.989569640516128857e+01 4.921734166933310917e+01 4.845279684798151720e+01 4.231265411937056342e+01 3.224591850594879361e+01 9.027699610895069782e+00 -2.353907059728953755e+01 -7.144791060758143431e+01 -1.303344808082620148e+02 -1.952353306949589751e+02 -2.583919030289689545e+02
-6.720115602079677046e+02 2.260693360513687367e+01 5.062269986224491731e+02 6.676120713114287355e+02 7.008813314435683424e+02 6.983643354004743742e+02 6.568627419116965029e+02 5.724022096832850366e+02 4.768714748310812865e+02 3.952319628098412068e+02 3.210380387394106947e+02 2.733964439773480990e+02 2.523145350897320895e+02 2.287144147565340973e+02 1.908322048210829962e+02 1.136618177608543192e+02 2.480922480061417446e+01 -2.236424100299336715e+01 -4.967079127534088911e+01 -7.636420144480507588e+01 -8.722559098001511302e+01 -7.648484709362674039e+01 -5.714596428786171600e+01 -4.500263824973080773e+01 -4.457522599946969422e+01 -4.631105187170760473e+01 -4.138541229499969631e+01 -3.012230223238293547e+01 2.461958292071358301e+00 7.942317393110715784e+01 1.984607075245512533e+02 3.239522689591249218e+02 4.220956768916366855e+02 4.828147703202412231e+02 5.076733597665806883e+02 4.917167838489694986e+02 4.295438906543058692e+02 3.388615879536955617e+02 2.290340131756966002e+02 1.176338840392709244e+02 2.439851904141687555e+01 -4.238063870740006678e+01 -8.413183575561561156e+01 -1.067877408908752841e+02 -1.225226939586500521e+02 -1.451864836352906423e+02 -1.758021389843634097e+02 -2.049554638009358314e+02 -2.280878001641540322e+02
4.597105266868820763e+02 1.929862737605071743e+02 -1.269446029215032468e+02 -4.468471020105571370e+02 -6.341493413827265613e+02 -6.948489192186825676e+02 -7.042271817341170390e+02 -7.179711638041189872e+02 -7.151648906905611511e+02 -6.915745955224556383e+02 -6.530455479241209105e+02 -5.949488835777956410e+02 -5.300032252756136586e+02 -4.670816782005858840e+02 -4.135510349815594964e+02 -3.957572908904985525e+02 -3.956066145029981271e+02 -3.706992642690747743e+02 -3.302736480370949721e+02 -2.830416319615105749e+02 -2.327495823299250333e+02 -1.619970998139833682e+02 -5.446537396021449240e+01 1.030768484794025426e+02 3.192784312149669859e+02 5.433089580142404884e+02 6.788907840372194187e+02 6.984368227426748490e+02 6.330352190137637081e+02 5.006468327718030196e+02 3.430722824293989106e+02 1.920669726669293595e+02 5.588786015108053107e+01 -3.988179477459925693e+01 -9.736293548443063628e+01 -1.063297946195016266e+02 -7.075409845237300033e+01 -5.550677526392973959e+00 7.882532893789175432e+01 1.330159711244850769e+02 1.403163668061824865e+02 1.082434707102729590e+02 6.077247013104351936e+01 1.415120002611365635e+01 -2.037151882999023655e+01 -3.874086937893298455e+01 -6.587925139158323873e+01 -9.222940577747795032e+01 -1.088542581598157994e+02
-9.977856537802799721e+02 -5.405211173566422076e+02 -9.110177011461200891e+01 2.835111629550010548e+02 5.137437411087521468e+02 6.180770207700843457e+02 6.448576517908222741e+02 6.274900441695062909e+02 5.891227494544509682e+02 5.618396851966972463e+02 5.510653731501079164e+02 5.050128005102596944e+02 4.199370922415473615e+02 2.982344494151984691e+02 1.301325650616199709e+02 -2.038667467694904190e+01 -1.331042697512893938e+02 -2.339233977363619488e+02 -3.308031175609939964e+02 -4.088232973528865841e+02 -4.590610058229067363e+02 -4.913342439310727059e+02 -5.177640274641671567e+02 -5.437857583172735758e+02 -5.857707983161744778e+02 -6.588631167262428789e+02 -7.393896579078646027e+02 -8.026006413496288587e+02 -8.396682886809867341e+02 -8.493228407885835622e+02 -8.324003658533110865e+02 -7.916336004872064223e+02 -7.409542493497574469e+02 -6.925451719223929103e+02 -6.250846675972934463e+02 -5.497248351640519104e+02 -4.678422633665031753e+02 -3.748032399446965428e+02 -2.754904174659095588e+02 -1.582291935578759876e+02 -1.243200663456809707e+01 1.371084775068666204e+02 2.692484987010175246e+02 3.777376718216182780e+02 4.476923321914218832e+02 4.852285607711019111e+02 5.031069820250559133e+02 5.123260582068178337e+02 5.140956016216077842e+02
-5.693789243970240932e+01 -2.145928608827671269e+01 1.085067921293375548e+01 -1.459681049229402561e+00 -5.807142264273716137e+01 -1.151894464566867100e+02 -1.636496677075265325e+02 -2.038867178956570569e+02 -2.439024860714489478e+02 -2.616933424094313523e+02 -2.496793842364641023e+02 -2.202659057677665260e+02 -1.669416369244645466e+02 -5.539442997429432580e+01 1.213704994720756076e+02 3.066250183947704500e+02 4.237915814731677528e+02 4.370108492471845238e+02 3.741396797824199894e+02 2.652143328150559682e+02 1.501446340695256367e+02 5.266775619731197366e+01 -6.802153688702674117e+00 -3.373717533271701541e+01 -6.079441532261262182e+01 -1.025023613039738848e+02 -1.344514338161461637e+02 -1.240910886471174308e+02 -7.780556644885655260e+01 1.936207047245261492e+01 1.373915233855950646e+02 2.415322941580452607e+02 3.238464562894805567e+02 3.676615628791769268e+02 3.681513216945386375e+02 3.200007308968124562e+02 2.436794446771309595e+02 1.359438394550379599e+02 1.568672591487847967e+01 -1.017389925558236428e+02 -2.139694424401095603e+02 -3.002855671427969355e+02 -3.741840608466009144e+02 -4.219435172521625645e+02 -4.358988225211724057e+02 -4.207440971641117358e+02 -3.693579299695338705e+02 -3.079245116165984655e+02 -2.530454677600646392e+02
6.465658222005149582e+02 6.907561376893354463e+02 7.312396561971545452e+02 7.289821253228001297e+02 6.705469975816376973e+02 5.609797485450544627e+02 3.127111771768686594e+02 -1.000899104768614052e+02 -4.625059644315333571e+02 -6.413565564497112064e+02 -7.337686498322291300e+02 -7.775503271044872236e+02 -7.925001847971871030e+02 -7.827797203458394506e+02 -7.370172350382636068e+02 -6.379359684013979859e+02 -5.042017946409614524e+02 -3.954351381427259184e+02 -2.911405740439076908e+02 -1.640425890847836854e+02 -1.484867513603239786e+01 1.432193239499974879e+02 2.903381693215487758e+02 3.960717647958736052e+02 4.346295612074027304e+02 4.058691898365432280e+02 3.393245215683273273e+02 2.637944653734375606e+02 2.098308318728450104e+02 1.772591089085981366e+02 1.546422880200407235e+02 1.305128713524463819e+02 1.131087472698054626e+02 1.117276717235654360e+02 1.050247631565362099e+02 1.093590436864033109e+02 1.297532482564856764e+02 1.757590955061168643e+02 2.409382388790400000e+02 3.171648355535289738e+02 3.979739416761876782e+02 4.636752399589458946e+02 5.244343673103139736e+02 5.659479558125167387e+02 5.981173040112917079e+02 6.219201765945326770e+02 6.067337787934520748e+02 5.035087483628594782e+02 3.349804060990572907e+02
-3.605467881968652364e+02 -3.860139126250433037e+02 -4.106624775349628180e+02 -4.342735810153972125e+02 -4.552740412466228008e+02 -4.293432711303175893e+02 -2.413574768012331333e+02 1.395499468760681339e+02 4.843081759321357822e+02 6.390481872272212058e+02 6.899251653497776715e+02 6.924041005265753483e+02 6.786443578671751311e+02 6.668686032900004648e+02 6.531929372458253056e+02 6.462015594029508065e+02 6.306389430145791266e+02 5.894477472730941372e+02 5.306924624642124400e+02 4.650295156781503465e+02 3.976356849405710818e+02 3.327913914069358725e+02 2.577657043621584307e+02 1.575733743243181380e+02 4.596128045098157600e+01 -6.998294246455770917e+01 -1.847376775215088855e+02 -2.815567086569208186e+02 -3.494537812151538674e+02 -3.958478263782890281e+02 -4.277909508833254222e+02 -4.471087103298777947e+02 -4.584760717218159698e+02 -4.658686700546822976e+02 -4.719044921174499905e+02 -4.817297955901594833e+02 -4.872650921809399733e+02 -4.845158994108205661e+02 -4.799331698019086616e+02 -4.620885890194331296e+02 -4.346364798614667961e+02 -4.011084467385662720e+02 -3.589582852673920570e+02 -3.135499591099505778e+02 -2.602391847313847393e+02 -1.718687664347817190e+02 -2.851611029173363931e+01 1.776466913435870083e+02 4.174924812368699349e+02
-6.988916859758319333e+00 -5.431883755706076045e+01 -9.336400947177025955e+01 -1.061981918586679967e+02 -8.907581455609761178e+01 -5.821599989778769668e+01 -3.855330050806514919e+00 8.855106014398916159e+01 1.995169268801546423e+02 2.946048573347361526e+02 3.737025334710051538e+02 4.446346999016095651e+02 5.025790682332153665e+02 5.272673392224533018e+02 5.242065101894258987e+02 4.719873690258682473e+02 3.493524397653382039e+02 1.554876496327487985e+02 -1.283205505970545346e+02 -4.149190481856348924e+02 -5.871646047333197203e+02 -6.514003002614481375e+02 -6.623038666642387398e+02 -6.180490123458876042e+02 -5.202251144881156506e+02 -3.755685713892162312e+02 -2.037241550886828918e+02 -4.527002212811203208e+01 6.940892654861090705e+01 1.320581690091639757e+02 1.629289449585194234e+02 1.862844800301390933e+02 1.917622691179858521e+02 1.907139681283442769e+02 1.973266347258613678e+02 2.012595536762382835e+02 2.032250471993902465e+02 2.085053008853865322e+02 2.223543355603469536e+02 2.291114599298743997e+02 2.350688686495414004e+02 2.398783270482817898e+02 2.307059027513605542e+02 2.263603365323069738e+02 2.176666447745374171e+02 1.929893115732556907e+02 1.610335603206622181e+02 1.399586898390116403e+02 1.329787477530771866e+02
1.682299244490131969e+02 8.399077055286034010e+01 1.784056606545345858e+01 -3.969153120429837145e+00 -1.001977374109264929e+01 -3.716894678270909935e+01 -8.646037340788461734e+01 -1.590787545781058725e+02 -2.543639236527960747e+02 -3.646226766475738259e+02 -4.773829098062269622e+02 -5.627190126936620800e+02 -6.199057403384067584e+02 -6.652559547756100073e+02 -6.950123442574549699e+02 -7.128349627872084966e+02 -6.655537675178784411e+02 -4.830123352858499857e+02 -1.820858978779288009e+02 1.166452309156884439e+02 2.962723499310668558e+02 3.611624269976309733e+02 3.657286040247854544e+02 3.468583115478249965e+02 3.307569833888264839e+02 3.234575363687472418e+02 3.179179591815336607e+02 2.968498726296093082e+02 2.585127802613715176e+02 2.317124536959454417e+02 2.118854130059626186e+02 1.979278031887370162e+02 1.978559104594751261e+02 2.080165939665748738e+02 2.268176819966320181e+02 2.633647310942615150e+02 2.976097596014442388e+02 3.111619248960923869e+02 3.164693735171458684e+02 3.011425031078542816e+02 2.665056425908987876e+02 1.967413216334825847e+02 1.013926215749670519e+02 -1.279561342664237600e+01 -1.614517919124482432e+02 -3.312947191413695691e+02 -5.021258491656044498e+02 -6.396757669246726437e+02 -7.509436860386049375e+02
-3.356561473999317968e+02 -2.577427892716368660e+02 -1.948621699134528171e+02 -1.474342942645162111e+02 -9.528720937133766711e+01 -3.659152238552633207e+01 2.200096913079323713e+01 7.338795115031825844e+01 1.065899779211031273e+02 1.204932865226001013e+02 1.242480753767886199e+02 1.057388409525883617e+02 6.716670642198005226e+01 3.242633541964460164e+01 -1.127946863838587888e+01 -6.584423262304335367e+01 -1.118215955783380195e+02 -1.309790833891893271e+02 -1.189120660077605862e+02 -9.485824904007313307e+01 -8.753755799857026432e+01 -9.841675034076615702e+01 -9.827858020107669290e+01 -8.088266325510630850e+01 -4.546739736970630474e+01 2.107287265735794790e+01 8.596172173021477647e+01 1.302382685992051847e+02 1.509111093132087262e+02 1.296156955868500518e+02 8.662901530996896327e+01 3.200747471542854328e+01 -2.889675866534525994e+01 -1.006290721527329879e+02 -1.515502013324585278e+02 -1.721988955178385368e+02 -1.767251923972362420e+02 -1.683973898659460247e+02 -1.710779431574192131e+02 -1.737415337546699448e+02 -1.748391803788399557e+02 -1.598108705751365051e+02 -1.353008372869517189e+02 -1.149720511022605933e+02 -9.961946199863450602e+01 -1.090095316081569763e+02 -1.541710855826095212e+02 -2.044577632947766688e+02 -2.376106446868798230e+02
1.846429555659560720e+02 2.140976929391035810e+02 2.364054292789660394e+02 2.320213401287619490e+02 2.074433117323787883e+02 1.950377093789575156e+02 2.085586110853182618e+02 2.505486586663610069e+02 3.026111665225907927e+02 3.368480096061684890e+02 3.692091559177060844e+02 3.961361404171184404e+02 3.804967326611658791e+02 3.595873069703229703e+02 3.341510866085591260e+02 3.281241775443195365e+02 3.428423722832958447e+02 3.136693926930456655e+02 2.800963201440608827e+02 2.536393542477744631e+02 2.131497124277229887e+02 1.644023600941291079e+02 1.096316987887985306e+02 4.226781730863149278e+01 -5.047290506174613256e+01 -1.806071837658091681e+02 -3.073945178399590077e+02 -4.189702485027955845e+02 -4.928737787081627175e+02 -5.346301758793415502e+02 -5.741249520512792515e+02 -5.871125283039291389e+02 -5.819642981285433052e+02 -5.661105120354332030e+02 -5.326035330388403963e+02 -4.803818189864105079e+02 -4.193171193144662539e+02 -3.499553773479856318e+02 -2.780210819226485910e+02 -2.102438527819322189e+02 -1.648551160327479010e+02 -1.317038934323500143e+02 -8.745764658520056400e+01 -5.709736537653952837e+01 -3.615873250988079235e+01 -2.355632632011838723e+01 -3.195320303228800185e+01 -5.186407228079042397e+01 -7.988500919833313674e+01
4.207302960663946578e+02 3.706430493383086286e+02 3.383129854046128457e+02 2.887072320463048527e+02 2.116254208045429550e+02 1.340380019560398068e+02 6.779075820234720595e+01 -1.222939647371822502e+01 -9.729755627509439364e+01 -1.504937614447262604e+02 -2.071155231328448281e+02 -2.554111474200035445e+02 -2.729669275646738242e+02 -2.898144999112846563e+02 -2.824058917484071571e+02 -2.457654705839086091e+02 -2.126367484071961371e+02 -1.817911176122433972e+02 -1.602817817392933648e+02 -1.259483859727042727e+02 -9.666069844378216658e+01 -6.707916974584804848e+01 -3.659829410203383304e+01 -1.225270507484674454e+01 1.990474496608658228e+01 3.840724363294430077e+01 7.476618019686429761e+01 1.436287838263087906e+02 2.302951068610273069e+02 3.348000405238562962e+02 4.244624834904825548e+02 4.367117686855781358e+02 3.221591619324317435e+02 1.253866296683117980e+02 -7.811406171850103419e+01 -2.115224019012675853e+02 -2.710982276902359445e+02 -2.899351016317959875e+02 -2.809238410767720779e+02 -2.689488896952534560e+02 -2.400139610563055612e+02 -1.970600118984439177e+02 -1.650317454671167070e+02 -1.224503642531053629e+02 -5.717969103658106178e+01 2.017487595751299523e+01 1.202281284734635847e+02 2.038303521989437286e+02 2.624184357641497627e+02
-6.084801620292564621e+02 -6.055744890082714846e+02 -6.188034261421271367e+02 -6.151462282302818494e+02 -5.926033685843576677e+02 -5.697945203410781687e+02 -5.480750901064457139e+02 -5.024754708104446763e+02 -4.292454569867404643e+02 -3.481083852834417485e+02 -2.708155666505190311e+02 -2.094591388148110127e+02 -1.394309822076465935e+02 -8.710712181594863068e+01 -5.293771868600742891e+01 -2.816203360067447647e+01 -2.165344333041866776e+01 -9.508020041059353389e+00 9.817781836303765886e+00 4.508610289776697755e+00 3.555237444496015087e+00 8.156641225519706495e+00 8.352350821995059960e+00 3.408956121871597134e+00 -2.352623051861883141e+01 -6.007155137987865601e+01 -1.157210205530573148e+02 -1.555911426713428227e+02 -1.803257459196465788e+02 -1.844293022406054661e+02 -1.360153940728487214e+02 -2.966411636576231103e+01 1.731884111654944718e+02 4.438011606802028837e+02 6.698927924121526303e+02 7.589762206032755785e+02 7.421743358108506072e+02 6.462556228101166198e+02 4.964721730922028655e+02 3.451095118660014123e+02 2.055634950667590601e+02 8.755370715114986524e+01 6.459687447350006551e+00 -1.971367089056002442e+01 2.028793046655482613e+01 1.538990030013665091e+02 3.679948924749041907e+02 5.930710382522665896e+02 8.023021576924948022e+02
1.615399116955231875e+02 1.815508696040487848e+02 2.064041580991615774e+02 2.518041190132644260e+02 3.143534062370745232e+02 3.547044412027462386e+02 3.540042125292966375e+02 3.196030045353545574e+02 2.642559745000617113e+02 1.974291948168247472e+02 1.455334694037155714e+02 1.110496987882506801e+02 8.089968720312754158e+01 6.966765420003503095e+01 5.842629305284935981e+01 1.602378739834239241e+01 -2.483779622189467773e+01 -3.387932966843072791e+01 -3.874842262968013529e+01 -3.752552407459006645e+01 -2.441742725363292266e+01 -9.796672867974848486e+00 9.360405777770210989e+00 4.249337686480430420e+01 1.026840975746017648e+02 2.019421738177043153e+02 2.967375993188325083e+02 3.457466933358082315e+02 3.434315510954475030e+02 2.908539335516106803e+02 2.087271845924842637e+02 1.200845443982543657e+02 4.369159355197916739e+01 -2.849734900319890585e+01 -8.793066824036941398e+01 -1.252654718296980718e+02 -1.454205690219823737e+02 -1.254474250868515810e+02 -6.044890368572669104e+01 3.188452743612288032e+01 1.416559920649015112e+02 2.617365113013656810e+02 3.910054417594365077e+02 5.208092329326755134e+02 6.321188419569953112e+02 7.001184165019803913e+02 6.577348427889955929e+02 4.603117167796153808e+02 1.893221398997120559e+02
3.486314988569938578e+01 6.418217800572165288e+00 -1.902237627387512475e+01 -4.627521761298703495e+01 -7.208405426322133280e+01 -8.312503117184678558e+01 -7.901105890083999839e+01 -6.529771764972247183e+01 -4.980537315267429221e+01 -3.561346092951134779e+01 -2.532784204730705824e+01 -1.998193459449976217e+01 -1.749312945976271294e+01 -1.765152639872394502e+01 -1.750856475143518765e+01 -1.197834066700306721e+01 -6.213667340678512119e+00 -5.439130451908567920e+00 -4.736250787609606050e+00 -4.409375079543679021e+00 -5.160759718593908474e+00 -6.059035853089881130e+00 -7.249174005090026185e+00 -9.742079422765527852e+00 -1.697877488823723979e+01 -3.093421226525970269e+01 -4.581982594003784470e+01 -5.572961357046733610e+01 -5.873503620464180131e+01 -5.455658484000014141e+01 -4.544093392883951310e+01 -3.418316270086506847e+01 -2.290371477327425964e+01 -1.023543070009327494e+01 -3.610346086497884244e-01 2.970255471838754602e+00 1.736207206064136699e+00 -8.197441190743120387e+00 -2.987628182723710779e+01 -6.266800864467222709e+01 -1.108902899339009309e+02 -1.799780095584574156e+02 -2.792688125868298812e+02 -4.178726462460181210e+02 -5.933292852865706664e+02 -7.969295117335423129e+02 -9.536341202529001748e+02 -9.533239733148075175e+02 -8.546726647631148808e+02
