3.874901406230492285e+00 4.421238728599746537e+00 4.756355060635542031e+00 5.095507474184159946e+00 5.739996598271318362e+00 6.686513993133303302e+00 7.286257603346712131e+00 8.182244353917667468e+00 1.012085642312194977e+01 1.186335697507729492e+01 1.398807829998440866e+01 1.671028460475736210e+01 1.995608159855783015e+01 2.367698624447621114e+01 2.801505390522106609e+01 3.170640054164232424e+01 3.622254935982437019e+01 3.910808418083888682e+01 3.907229132319207565e+01 4.005791301579210995e+01 3.694441081797231163e+01 3.152558036067148350e+01 2.504983889371760597e+01 1.692572177296915470e+01 9.976794913049161551e+00 3.162365464417234762e+00 -1.365542793889289896e+00 -6.612208498895597586e+00 -1.072851950292260881e+01 -1.302659687077266426e+01 -1.655330880615747446e+01 -1.720272650359856925e+01 -1.896934660808528861e+01 -2.128813568496934749e+01 -2.218940308391120197e+01 -2.281416092760264291e+01 -2.318518283169032657e+01 -2.393037903542244749e+01 -2.372019757783255045e+01 -2.313685134054412629e+01 -2.280386534413264599e+01 -2.206153458788048738e+01 -2.105104123248020187e+01 -2.000453157554875361e+01 -1.858918462236397318e+01 -1.724365264149037102e+01 -1.532166277334272309e+01 -1.258795659060433536e+01 -9.459568211959776818e+00
-2.060302540664815751e+01 -2.133170852067451051e+01 -2.120995669060721411e+01 -2.045330682061103289e+01 -2.083829742787202122e+01 -2.240257976154680364e+01 -2.220824220439681085e+01 -2.253060035867201805e+01 -2.658082699595252052e+01 -2.948561177909505204e+01 -3.290828196530492278e+01 -3.826623273352197430e+01 -4.417244576852135651e+01 -5.080015661535617255e+01 -5.780413018570106942e+01 -6.345940830911422381e+01 -7.150885770576314826e+01 -7.617426967741812405e+01 -7.504613508828515478e+01 -7.646205438422111911e+01 -7.203938013275364938e+01 -6.469544672595839074e+01 -5.593174791092860687e+01 -4.475465189552051015e+01 -3.541506878502150357e+01 -2.563486732257479161e+01 -1.947971241232698958e+01 -1.229027040967230278e+01 -5.039368598032524460e+00 1.038363428324373672e-01 7.879858988990235957e+00 1.274633028273819946e+01 1.832578786678641336e+01 2.430091476328198041e+01 3.021953785767982481e+01 3.519492114878448774e+01 3.862857255000199075e+01 4.440272632286360022e+01 4.828534851524636906e+01 5.118118799202966329e+01 5.421717662746959832e+01 5.599402984655716864e+01 5.812464920810089097e+01 6.003435186899514520e+01 6.019092913121130550e+01 5.792122575983557908e+01 5.425064886704603850e+01 4.377427206530410331e+01 2.605075521480830503e+01
-1.777385951387841487e+02 -1.651218679441426502e+02 -1.528201365950462787e+02 -1.451515354425500846e+02 -1.323359481572151708e+02 -1.112650490906471532e+02 -1.042649161502486095e+02 -9.181866799888484820e+01 -7.144254964311221556e+01 -5.977947420332202455e+01 -4.372347343888941396e+01 -2.742699854501188383e+01 -9.471693986984973890e+00 7.386775470302382018e+00 1.928584381904875045e+01 3.140163591934651777e+01 4.873754787105644937e+01 5.792980501156307582e+01 6.168150151649933832e+01 7.031449910320952768e+01 7.101858224860006885e+01 7.356202545085216116e+01 7.784190327308715496e+01 8.034354365070430504e+01 8.702132668919693970e+01 8.864167267017546692e+01 9.843296671950702148e+01 1.094919567874494533e+02 1.140430920909966517e+02 1.253100977215217426e+02 1.305210556996189553e+02 1.376699704359853058e+02 1.490929480021877680e+02 1.566368085607100511e+02 1.592339952922229713e+02 1.640840429464042245e+02 1.713048286064222339e+02 1.736192241072749312e+02 1.726671932051831391e+02 1.736206739014487539e+02 1.729699394412091351e+02 1.739424189578821824e+02 1.764837186476252100e+02 1.708994942974495643e+02 1.597123019212085637e+02 1.412245701381725667e+02 1.192915313689045433e+02 8.088012897893713671e+01 2.643710387911414728e+01
1.918555369398818584e+02 1.973105722616783169e+02 1.995423321513917472e+02 2.034635894278399064e+02 2.029110192638472654e+02 1.950704090742219705e+02 1.971559956804121612e+02 1.899793846151842445e+02 1.811035321097588167e+02 1.775397356717730872e+02 1.659624973568716086e+02 1.559958886566309957e+02 1.403605097077524988e+02 1.250376002841621812e+02 1.170235147965104261e+02 1.025651622185760061e+02 8.159209674355224706e+01 6.948586295822315151e+01 5.661477204959010123e+01 3.971300277311820537e+01 2.640827041933516739e+01 1.281357974171987735e+01 -3.500039205478969961e+00 -2.432946987981267739e+01 -4.286640103604077012e+01 -5.703166813236020971e+01 -7.613157697722999728e+01 -9.552292739922995679e+01 -1.125122773333314399e+02 -1.325067599331196107e+02 -1.462719050259329379e+02 -1.604831196647864999e+02 -1.753280594937350543e+02 -1.843085453251405852e+02 -1.919186069639254129e+02 -1.969794671419258520e+02 -1.997487180594507663e+02 -2.021051621037513542e+02 -1.978851128756687103e+02 -1.942462827705712698e+02 -1.900019676645642903e+02 -1.828880026362858189e+02 -1.800571734816294338e+02 -1.715537504785934289e+02 -1.574060415218300477e+02 -1.403563078145707550e+02 -1.242514158395169943e+02 -9.404886387031729100e+01 -4.784038240323570790e+01
-2.592758752751178690e+02 -2.834025602533511119e+02 -2.941736548590961320e+02 -2.960558029872299812e+02 -2.948499082324669871e+02 -2.979610445055586752e+02 -2.951865966430268600e+02 -2.823143293890825589e+02 -2.826942941347442684e+02 -2.787666463664245384e+02 -2.675666496363555780e+02 -2.604489496963724378e+02 -2.504150762778044736e+02 -2.370892509536715806e+02 -2.286971568738554197e+02 -2.151168601429781120e+02 -1.987925112048033043e+02 -1.841787249856752169e+02 -1.659993212062436214e+02 -1.491769905697874492e+02 -1.263033184037958563e+02 -1.085067030956597591e+02 -9.184275738035648828e+01 -6.749681473958480638e+01 -5.303627015126767219e+01 -3.749245944422000321e+01 -2.782870967334383749e+01 -1.840743576684326399e+01 -2.722392003997811116e+00 5.401418978948640870e+00 1.257106131932232529e+01 1.862019533106285962e+01 2.258611626890706248e+01 2.412384912974084727e+01 2.695755340950199752e+01 2.665505844390281709e+01 2.086012093667886802e+01 1.821894102752048639e+01 1.274830907818613923e+01 3.990931696058396483e+00 -3.445929981771769235e+00 -1.673047926501021720e+01 -2.620689201711502392e+01 -3.167133651275798911e+01 -3.641127243201117381e+01 -3.218335922840560670e+01 -2.148189398905014968e+01 -6.824956352538720239e-01 2.839931179532140959e+01
2.590199655145406723e+02 2.675992347739083925e+02 2.709462444297678303e+02 2.731219549730958533e+02 2.691995062898022297e+02 2.696484294392103038e+02 2.693066866426488559e+02 2.630699705556471599e+02 2.660914121940804762e+02 2.674469585563856526e+02 2.622584886269833078e+02 2.644604763109964551e+02 2.695464525146016967e+02 2.658253693432925502e+02 2.658946032274616300e+02 2.702384949809420505e+02 2.721308464966823522e+02 2.709338729093651637e+02 2.711695814885570144e+02 2.758166821555496426e+02 2.689942462220642483e+02 2.634899530652910471e+02 2.706849108211354178e+02 2.619610888061106380e+02 2.587370515969960252e+02 2.643627714952235692e+02 2.631640238012478221e+02 2.610076242124087003e+02 2.660642299597275269e+02 2.641949146783153992e+02 2.529354325186941423e+02 2.476786442861885007e+02 2.465116967943686177e+02 2.415795357908282313e+02 2.269043120083879330e+02 2.170989348352959496e+02 2.007883153696238878e+02 1.852622098983920296e+02 1.743916460387044935e+02 1.526526626228660461e+02 1.245395078217334230e+02 1.024727867770779994e+02 8.121431886524806032e+01 6.169432278040767414e+01 4.542288200857001357e+01 3.103064743481081678e+01 2.259768218557292130e+01 1.735792416735785082e+01 1.806842324942408595e+01
-4.750493305005511502e+01 -3.891378330316365464e+01 -4.582356208035344025e+01 -6.462722698326979298e+01 -6.967863066987774801e+01 -7.015287279620679328e+01 -7.721540981848374940e+01 -8.508324509046360618e+01 -9.264082155222422443e+01 -9.743633503821183695e+01 -9.692338104798545828e+01 -1.050286182923300657e+02 -1.127079667848811368e+02 -1.127332565384785994e+02 -1.169871080663870089e+02 -1.232658908355806489e+02 -1.258037988275827956e+02 -1.264659559086721856e+02 -1.303873941244237358e+02 -1.378899013110785745e+02 -1.377597004538547480e+02 -1.309207544635355589e+02 -1.381583151189697674e+02 -1.333320865842397325e+02 -1.241203655813806108e+02 -1.284020235863208654e+02 -1.145353120428335387e+02 -1.038292436737028765e+02 -1.078220191111031454e+02 -9.421838600438786671e+01 -7.406890540884342045e+01 -6.383151009416906163e+01 -5.724848982781986706e+01 -4.542382500702660764e+01 -2.696573300389718497e+01 -1.235364489691710332e+01 3.661796906060772017e+00 2.043627462581935106e+01 4.048017982429155381e+01 6.564822000258573098e+01 9.188205187714629574e+01 1.234403404397962731e+02 1.484837670379201882e+02 1.740118673914839746e+02 2.014738811172210262e+02 2.157604287672729697e+02 2.274512064686059603e+02 2.382402285961288726e+02 2.443498065770836547e+02
-5.586753104563831585e+01 -8.704128133951599011e+01 -1.153247335009436938e+02 -1.308518686654570047e+02 -1.423503636520763393e+02 -1.561730500293488149e+02 -1.642171048033051193e+02 -1.688226685972913401e+02 -1.660794897414889419e+02 -1.653099928043957334e+02 -1.686984156993785291e+02 -1.643982256559538655e+02 -1.622442181996884756e+02 -1.607375136392438435e+02 -1.557078739912685705e+02 -1.561962099217198556e+02 -1.543208194380422356e+02 -1.527374467784757144e+02 -1.523976167781293043e+02 -1.488748389603933902e+02 -1.463708508997151512e+02 -1.475940918015621719e+02 -1.466611698541382793e+02 -1.450202107594159315e+02 -1.480254333815828431e+02 -1.479043417710417998e+02 -1.526182400633260841e+02 -1.558578591007244540e+02 -1.562545401393508655e+02 -1.618880551838083193e+02 -1.679385875672232942e+02 -1.704209474765302730e+02 -1.747880229299044004e+02 -1.779711903208662989e+02 -1.803658277688664384e+02 -1.878795225232533994e+02 -1.850683738012085087e+02 -1.872918668442653143e+02 -1.969988856622585445e+02 -1.983856751404455281e+02 -1.976872474210831570e+02 -2.011585013329895446e+02 -2.029590887747108354e+02 -2.079064752926933579e+02 -2.141523677802251768e+02 -2.097356600481653004e+02 -2.076979695800037007e+02 -2.095889796063493122e+02 -2.107791366723686224e+02
1.305354691937463940e+02 1.470076606501097558e+02 1.740441544031928061e+02 1.972259814885328524e+02 2.054784453241009032e+02 2.112583705125944107e+02 2.161115731475074426e+02 2.180573315734291100e+02 2.152349900310000521e+02 2.089046522304925020e+02 2.042451043011387810e+02 1.973928599841165124e+02 1.868031778540171217e+02 1.783413742313568946e+02 1.689805107855063397e+02 1.621578181570293964e+02 1.502407812213641591e+02 1.383839617934863782e+02 1.308118651918193791e+02 1.207949824086681474e+02 1.146338832868714235e+02 1.041611108055803925e+02 9.149985903825290734e+01 8.453007896574854385e+01 7.422561914194375277e+01 6.320647672859922750e+01 4.824289145453803940e+01 3.588399973521882202e+01 2.468485595635866048e+01 9.701778164613642730e+00 3.258907816052669659e-01 -8.898681528597080614e+00 -1.845042918607214233e+01 -3.412243051311816089e+01 -4.138120649134361884e+01 -4.303860320517560467e+01 -5.098289006828417769e+01 -5.259594819467019988e+01 -5.867477497272193432e+01 -6.201822285379603272e+01 -5.966646114133618539e+01 -6.888539113516162615e+01 -7.168555801924958359e+01 -7.716518362038914347e+01 -9.092396459948940901e+01 -1.070447803937422577e+02 -1.260283177431774675e+02 -1.446340483831882011e+02 -1.695684898436011281e+02
-1.912816153273888631e+01 -1.670520702124485979e+01 -1.717554971719800960e+01 -1.397096485831571044e+01 -1.099554927393910475e+01 -1.252958250582742039e+01 -9.404242860284284689e+00 -4.350668465704075061e+00 -6.239240076676651370e+00 -6.246602664148667827e+00 -2.898826503238524310e+00 -3.097801484422234353e+00 2.439423744712257758e+00 9.752116046292940155e-01 1.126209793976158835e+00 7.338536381612357218e+00 9.194051187681907322e+00 1.434282907928718487e+01 1.801353260233736364e+01 2.384825208107213257e+01 2.611975129628262948e+01 2.665577347799262498e+01 3.829835807024210226e+01 4.338167248877289239e+01 4.299896360792627092e+01 5.316952068785758456e+01 5.853264471540751401e+01 6.371749361567344749e+01 7.102559198303060839e+01 7.309520001720375149e+01 8.751610986320883967e+01 9.474861037728260271e+01 9.671878208890848327e+01 1.117713817260009819e+02 1.220541151931902277e+02 1.267128441299428232e+02 1.351842762930391473e+02 1.452948012636115891e+02 1.494609824398357887e+02 1.540580461211939109e+02 1.614780418139343965e+02 1.626282871144503588e+02 1.591382984654555912e+02 1.492815381902255467e+02 1.306288037490303395e+02 1.089585969406034565e+02 8.265986435847298708e+01 5.795142285434849327e+01 3.850113896687980741e+01
-6.824190979431296000e+01 -6.452549056180578191e+01 -6.550616988672118168e+01 -6.943296372058102861e+01 -7.264149845951033058e+01 -7.307375391614914406e+01 -7.610882093149120919e+01 -8.290927952217316488e+01 -9.067897847598214867e+01 -8.897442282980046002e+01 -9.657050658643129282e+01 -1.035500895442237379e+02 -1.018362213673317456e+02 -1.061103026602213504e+02 -1.104352715197674115e+02 -1.173698046277713729e+02 -1.190353563059834414e+02 -1.174595243523508543e+02 -1.198649479289379087e+02 -1.252510119727667188e+02 -1.309650675466327812e+02 -1.305080847883727984e+02 -1.290212777005799580e+02 -1.350956499452877324e+02 -1.333048562259209575e+02 -1.354047915890696459e+02 -1.324595763242396060e+02 -1.311223283477447694e+02 -1.295699749098203029e+02 -1.174528883130842587e+02 -1.203867822733736830e+02 -1.177323692083446076e+02 -1.089382768912691972e+02 -9.953244482889567735e+01 -9.559456170553312404e+01 -9.116596240386570571e+01 -8.233011069831263740e+01 -8.014117970625375165e+01 -6.252160058206209214e+01 -5.170126351793442154e+01 -4.571263784237089567e+01 -2.435391198776051169e+01 -7.872542715755116660e+00 1.569964775084372377e+01 5.179228276466892567e+01 9.197481193525163690e+01 1.350111710064011277e+02 1.735965583255165257e+02 2.109911731273168698e+02
5.143295251660310896e+01 5.638473873677867232e+01 6.420304762339219451e+01 5.884218799746304285e+01 5.649461212628375506e+01 5.773124653389822925e+01 5.582395148852083366e+01 5.866650360065978020e+01 5.964998766417556908e+01 5.647743445430387510e+01 5.987861003036232432e+01 6.883017603663029149e+01 6.355262867106648628e+01 7.285332942501554498e+01 7.769368000429676613e+01 7.809262402749300236e+01 8.936801797163934680e+01 8.476629865267750574e+01 9.116485940456914250e+01 9.520980080439039739e+01 9.606994290289003402e+01 1.044365553691823152e+02 9.800930365455860738e+01 1.032053000184387201e+02 1.143334575224507716e+02 1.175082505067111924e+02 1.188691526114416774e+02 1.218767698852752801e+02 1.277832824673751020e+02 1.278852972162567312e+02 1.272956954432302155e+02 1.327191834993573138e+02 1.387856865003632265e+02 1.312860669130386668e+02 1.280779494160888135e+02 1.243480922140370240e+02 1.208329620309887105e+02 1.180931347754521994e+02 1.023745197901444044e+02 9.844625657044525724e+01 9.164761123603238957e+01 7.522282287909911247e+01 6.288777060075517511e+01 5.322251649658574024e+01 4.650462871511990670e+01 3.970548729070287663e+01 2.621061047229159158e+01 1.939759968909493182e+01 2.356753003725316375e+01
-4.854489504755474627e+01 -5.883986428365460597e+01 -6.564044900965382112e+01 -6.332265963318059221e+01 -6.348421198231517337e+01 -5.856658842558681499e+01 -5.837805912725161761e+01 -6.323575280417571776e+01 -5.230423535461886786e+01 -5.139774278974073241e+01 -4.573504848418087931e+01 -4.582726575456035789e+01 -4.288904110926523572e+01 -3.910844838082994102e+01 -3.474102375587972347e+01 -2.586657013809599448e+01 -3.001802881818730384e+01 -2.590717850899818586e+01 -2.812557160516735166e+01 -2.457729868329624878e+01 -1.422620168245339300e+01 -1.462700889980624197e+01 -1.384047279491642257e+01 -7.395603793607733678e+00 -6.846006313142424915e+00 -6.757827270499547012e+00 4.751275386937777512e+00 1.591820010262745200e+01 1.748417423260252690e+01 2.520596876640047412e+01 3.303528169966011774e+01 3.679856493393890560e+01 3.926711166506720474e+01 3.881238092131388839e+01 4.476595590388023993e+01 5.898242586512060370e+01 5.591167079850129085e+01 5.098604531741875689e+01 5.174340473149641184e+01 4.785496353008784354e+01 4.027553126112616155e+01 3.289727063100144733e+01 3.101884516994323349e+01 9.674248405448452104e+00 -8.636264044005656615e+00 -2.445025610352604417e+01 -4.800208749457669910e+01 -7.688856566206231946e+01 -1.158271227340737823e+02
1.199421892573736841e+02 1.293674709049519151e+02 1.345623235180682968e+02 1.441302701542881550e+02 1.546990396861074260e+02 1.549308847916108789e+02 1.572408565813966561e+02 1.615709798084717477e+02 1.644413961434038356e+02 1.694747475849289913e+02 1.676213267324201297e+02 1.677323689644981641e+02 1.603062374647415709e+02 1.484972270378784742e+02 1.429106839490414131e+02 1.255940602385089733e+02 1.055226458541728789e+02 9.147382586705498397e+01 6.541486703982809559e+01 3.162702767978771590e+01 -9.059779303206596524e-01 -3.447549666040868033e+01 -6.311415796575602144e+01 -1.019333576758363051e+02 -1.406193037376506254e+02 -1.723515893052535830e+02 -2.094487155413225992e+02 -2.384205856913467869e+02 -2.626466436355840415e+02 -2.889687062497978332e+02 -3.133325043803051813e+02 -3.336325698785221903e+02 -3.466681711749843089e+02 -3.608227390595566249e+02 -3.755339531962381443e+02 -3.929632578469463624e+02 -3.970890611437498592e+02 -3.954064154279767536e+02 -3.981468860899331048e+02 -4.026637818196613807e+02 -4.010123305673914729e+02 -3.899587616454809904e+02 -3.817535378766915528e+02 -3.563658800091361627e+02 -3.380473916247428861e+02 -3.244188525247736834e+02 -2.900738970539678121e+02 -2.530459362849796889e+02 -2.176873722697782796e+02
-4.798244847245223355e+01 -5.565391111638746224e+01 -5.913648887067392934e+01 -6.266741450522386003e+01 -7.046352695548557676e+01 -7.740768694605503697e+01 -7.752747425701818429e+01 -7.688777133601251990e+01 -8.441122410663228948e+01 -8.902120119161554612e+01 -9.326069528765219729e+01 -9.559701394698640797e+01 -9.004160297833732329e+01 -8.669619428021542262e+01 -8.577604040814912878e+01 -7.824251902039395645e+01 -6.568172703208983876e+01 -5.560782572416064795e+01 -3.754855987337941770e+01 -1.263087446017016191e+01 7.839230687706731260e+00 2.879302196738717612e+01 5.230631232867017388e+01 7.573504892044002190e+01 9.956665631140640471e+01 1.215910512862901669e+02 1.383944486454565777e+02 1.479186672645591898e+02 1.597256294238904957e+02 1.686900248651218135e+02 1.805794613055622904e+02 1.869833454128820449e+02 1.831016020376264350e+02 1.949014155500917695e+02 1.995886213713238249e+02 1.997492339534073835e+02 2.040431158659484936e+02 2.046364865118521266e+02 2.146782795130566228e+02 2.263527360160078388e+02 2.373692054411512800e+02 2.437790599302679766e+02 2.504542518478847342e+02 2.617023973853210919e+02 2.795363609578344040e+02 2.976031353938597022e+02 3.079006860149092972e+02 3.186022439393709647e+02 3.265898511962732300e+02
-4.065752937280922197e+01 -3.762796866576536559e+01 -3.819944535322429147e+01 -4.520277265243930742e+01 -4.797765006167173851e+01 -4.657163954134739470e+01 -4.961231602502812166e+01 -5.272453119522833731e+01 -5.747258024249458686e+01 -5.933420762051537167e+01 -5.953182596329133958e+01 -6.190975150073063560e+01 -6.290734785438689869e+01 -6.344829701501294039e+01 -6.652538432633446064e+01 -6.469302520387282129e+01 -6.151972014135390054e+01 -6.168612012542143930e+01 -5.598052215576171875e+01 -5.378946445153269451e+01 -5.049723981297574937e+01 -4.297199899939005263e+01 -3.880809416413831059e+01 -3.176886283907515462e+01 -2.644388504784728866e+01 -2.250100010215828661e+01 -1.620556170119380113e+01 -1.258707109456008766e+01 -1.001828710040717851e+01 -3.490692826293525286e+00 -3.677487104665488005e+00 -1.827346842037513852e+00 6.567510245557059534e+00 6.488555756659479812e+00 8.926585342196631245e+00 1.687282401522679720e+01 1.574095716218289454e+01 1.621783780002442654e+01 1.850379122377489693e+01 1.266301400680094957e+01 1.040387127084250096e+01 1.093902224799967371e+01 7.819407246613991447e+00 3.297506952367257327e-02 -1.149136863736202940e+01 -1.685372959540109150e+01 -2.025458021546364762e+01 -3.250897071394138038e+01 -4.569372593559091911e+01
4.845564906876825262e+01 4.512373448854486924e+01 4.441659880438237451e+01 4.884050216646573972e+01 5.114853413790115155e+01 5.087432730138243642e+01 5.121585570072056726e+01 5.053055446709913667e+01 5.475746887373679783e+01 5.484108242504589725e+01 5.464488021410943475e+01 5.487901958081056364e+01 5.398269865289330482e+01 5.519792853793478571e+01 5.766339586663525552e+01 5.741695220155816060e+01 5.548919767668121494e+01 5.558652659317885991e+01 5.219531237802584656e+01 5.272074179800983984e+01 5.279677827982231975e+01 5.009135103838343639e+01 4.796269761433359236e+01 4.525235402457474265e+01 4.432432394137140363e+01 4.171918574960727710e+01 3.917330393689917400e+01 3.894867395247274544e+01 3.557678121226490475e+01 2.893387562777206767e+01 2.533032927890599240e+01 2.011147451776196249e+01 1.039870345967938192e+01 1.218992660447838716e+00 -8.192045093470369466e+00 -2.219049965676094871e+01 -3.030599988083122298e+01 -3.976342151885910425e+01 -5.509425609780009836e+01 -6.230832532954809722e+01 -7.353122330350743141e+01 -8.289077990379882976e+01 -8.819043428535223939e+01 -9.019663108137319796e+01 -9.091114206628117245e+01 -9.451811535534216091e+01 -9.158713525999337435e+01 -7.880761760017776396e+01 -6.138271538075059652e+01
1.300454588797583710e+01 2.309259396721608937e+01 2.976930776583321858e+01 3.122509623458608985e+01 2.781746116814611014e+01 2.801055700870347209e+01 2.981195274709898513e+01 3.612133001601614524e+01 4.092296536269714125e+01 3.913379282945243176e+01 3.969858998928975780e+01 4.997450729529373348e+01 4.563996254892845172e+01 4.157928231164987665e+01 5.113153258994861972e+01 4.523690696539415512e+01 4.270261309260968119e+01 4.759775706173968501e+01 4.602763586408400442e+01 4.203500169495237060e+01 4.207427259912947193e+01 4.091612127641565166e+01 3.567275892214092892e+01 3.160002312822325621e+01 2.598752069937472697e+01 2.033034460396447685e+01 1.711559957839199342e+01 1.085742937737086322e+01 1.494256681398837827e+00 -6.196683018497424200e+00 -1.516979517712024972e+01 -2.341960177532746457e+01 -3.619550176302436739e+01 -5.253617261745966971e+01 -6.405758266393968370e+01 -7.597950098653382156e+01 -8.846689876685559284e+01 -1.035191062488593161e+02 -1.243433558629039908e+02 -1.416976979775790824e+02 -1.572782308212190401e+02 -1.796729805618524551e+02 -1.982105143066146411e+02 -2.183393259112926899e+02 -2.388323962170688901e+02 -2.616306971869635163e+02 -2.864346873368631350e+02 -3.016724925448797876e+02 -3.097485743169672787e+02
-8.419586899298883509e+01 -9.215281048137694597e+01 -9.859942267877340782e+01 -1.023863196906750090e+02 -9.747473456680017989e+01 -9.564517450689163525e+01 -9.590374387317569926e+01 -1.005918472463963553e+02 -1.078958102078177035e+02 -1.024061250428349013e+02 -1.005318306384142488e+02 -1.101814415152475704e+02 -1.024386667632788885e+02 -9.663535010187479202e+01 -1.074061053575278493e+02 -9.915506739268312231e+01 -9.282552810193737969e+01 -9.663209246956103016e+01 -9.105587087235471699e+01 -8.637024720733461436e+01 -8.549771789414808154e+01 -8.159326452913228422e+01 -7.417069808473752346e+01 -6.778200739006570075e+01 -6.184931230035726912e+01 -5.467671356447681319e+01 -4.987366240221308544e+01 -4.435781966330250725e+01 -3.316744492040015757e+01 -2.193457373989804182e+01 -1.075599301375041250e+01 3.323349150887224823e-01 1.764042224202421494e+01 3.935544666092027910e+01 5.629737308078620117e+01 7.603415842483809683e+01 9.367686494038207456e+01 1.153594698129600147e+02 1.463310277994169155e+02 1.698503067515994189e+02 1.948979672287387075e+02 2.255742663330456708e+02 2.518600146727258107e+02 2.801606169890001183e+02 3.098494532839686144e+02 3.443312883907929063e+02 3.806284427935897838e+02 4.029678022331354441e+02 4.123001236559939571e+02
3.032200401423324365e+01 2.773116104013752192e+01 2.859733181617048103e+01 2.998148023741669022e+01 2.851714884975808673e+01 2.782441641482000705e+01 1.955555006780195981e+01 1.093999917819746770e+01 1.214547219724045135e+01 1.907760912140656728e+01 1.780346916530106682e+01 1.769994132725696545e+01 8.608459347669850104e+00 7.426872881260351278e+00 7.598750514836865477e+00 5.613755177109851502e+00 1.259753514657495543e+01 4.675803212099708617e+00 8.569525713435723446e+00 2.144398631440708414e+00 -4.750109603075543419e+00 7.118251614461769350e+00 5.666354122571647167e+00 5.552417765473364852e+00 4.211963263587676920e+00 -4.639506796054774895e+00 2.784241963148815557e+00 7.759803813009057194e+00 5.227678638460929506e+00 4.216094121220521629e+00 9.546273857180494815e+00 1.460561123651859816e+01 1.132896464673103765e+01 3.061745219965814613e+00 1.470255525826360099e+00 1.129754962303559296e+01 9.757101163006154820e+00 1.327442223907564767e+01 1.446119242519489489e+01 1.082712095620809123e+01 1.137626095247105695e+01 5.144175765119143762e+00 4.759090922714676708e+00 2.546852660510921851e+00 -6.520834717812249437e-01 -1.373034896007447969e+01 -2.174551734833221417e+01 -2.235714077008015011e+01 -3.426572095230221748e+01
3.898108449309074786e+01 3.964277728165325243e+01 3.886123021772073116e+01 3.834685279069526587e+01 3.611689652701898012e+01 3.444037510266934987e+01 4.016826606946415268e+01 4.684872569132130593e+01 4.695998973415407818e+01 3.542269713470886927e+01 3.363178355881245807e+01 3.324423012805345934e+01 3.816304570954525843e+01 3.596358331762894522e+01 3.631588121831009630e+01 3.509946979752567131e+01 2.394470902222383302e+01 3.024404550119652413e+01 2.284040122103760950e+01 2.744538272815407254e+01 3.251868272286083084e+01 1.815328119108744431e+01 1.753752543336304370e+01 1.531333443349285517e+01 1.595499969059892464e+01 2.368323714424332138e+01 1.469876261857280042e+01 1.015296221786411479e+01 1.176129157601098996e+01 1.086414825076644775e+01 4.328810330887790769e+00 -2.083697178459260613e+00 -5.938511643616948277e-01 4.879115904535865411e+00 3.444118930972763337e+00 -1.070590836039627902e+01 -1.311724110748036765e+01 -2.187533066177275032e+01 -3.086177243191923480e+01 -3.418838513379159849e+01 -4.446574900505947880e+01 -4.957443191697529983e+01 -6.183592641734867357e+01 -7.502568308735499159e+01 -9.003677623372641392e+01 -9.943017534610407893e+01 -1.183949023471650435e+02 -1.422216913974407362e+02 -1.496072117419680580e+02
-1.768352517149469350e+01 -1.636472934340417851e+01 -1.608935654521337710e+01 -1.615058698430948425e+01 -1.503234053323103581e+01 -1.472650814750522841e+01 -1.365001903686788864e+01 -1.269766185565094929e+01 -1.298802019996219315e+01 -1.202370465264539234e+01 -1.138389302422001492e+01 -1.118736422185611445e+01 -1.023439672477252316e+01 -9.402770503336796537e+00 -9.559565985196968541e+00 -9.096461013512453064e+00 -8.236244067797088064e+00 -7.679534290917217731e+00 -7.170206161521491595e+00 -6.705002873743069358e+00 -6.102487122407183051e+00 -5.823755394871113822e+00 -5.481091990775894374e+00 -4.891868473539943807e+00 -4.811774819376296364e+00 -4.578087450703606009e+00 -4.212701501135597937e+00 -4.525831318853306584e+00 -4.389396966362255625e+00 -3.919312611556961201e+00 -3.709992329531814903e+00 -3.481695079477503896e+00 -3.145182779247988947e+00 -2.410726199828786775e+00 -1.741453358932631090e+00 -9.595576501887990162e-01 -9.610626667563337833e-02 8.272360382397891954e-01 2.120967568873311393e+00 3.200365718090324663e+00 4.548478122742380947e+00 6.140294052966055460e+00 7.578576440209872089e+00 9.267968282030778937e+00 1.097872960088716354e+01 1.308574314623547252e+01 1.527222344464098569e+01 1.627657821059983689e+01 1.660480277700116858e+01
