3.014689921486024105e+00 3.525073411552511971e+00 3.629418857364726136e+00 3.899319090461176529e+00 4.156424692958353262e+00 3.353422079346273676e+00 3.677553606813489750e+00 4.481743299021218263e+00 3.654527297740969516e+00 5.546115503420878667e+00 6.526304087657081254e+00 4.989253550497778633e+00 5.910621346316474956e+00 6.378138013616080571e+00 6.691740339625539491e+00 6.650025090450981224e+00 6.814126566591767187e+00 8.291977566887908324e+00 8.902708546862413641e+00 9.183602691730811785e+00 9.940842204888213018e+00 1.207947194016560388e+01 1.303526438640346896e+01 1.342675780675108399e+01 1.507537408878488350e+01 1.651081534569948417e+01 1.761589389699929598e+01 1.765966369601937913e+01 1.828906334466773842e+01 1.970705435471791134e+01 2.096849331525936577e+01 2.194383398695208598e+01 2.322597285687061230e+01 2.401016977401559416e+01 2.525677654746868939e+01 2.679837103409317933e+01 2.710447237005246279e+01 2.843359240378231334e+01 3.118989470170436107e+01 3.244619918625357968e+01 3.116214828691954608e+01 3.108573101629372104e+01 3.078254979410394299e+01 2.952532816708571772e+01 2.872972285979722074e+01 2.826207157209410070e+01 2.759766241188845015e+01 2.577237649761718785e+01 2.377806285251244844e+01
1.995023234138716361e+01 1.836147549296219950e+01 1.954533956437990128e+01 2.122849023892922560e+01 2.278882325468293857e+01 2.798327579489159689e+01 2.835621137481939513e+01 2.773567856746012694e+01 3.444267782668975997e+01 2.947496304914238863e+01 2.854749118899599125e+01 3.710125179155693331e+01 3.785011009338086296e+01 3.992789121495479776e+01 3.877972103023057571e+01 4.186433426301664440e+01 4.314217945461678028e+01 4.138783717989281286e+01 4.225230014725457295e+01 4.370488407921948237e+01 4.394202775415760698e+01 3.951658718616272381e+01 4.048048756290700112e+01 4.054442124440174666e+01 3.914303664730687160e+01 3.455023212021296786e+01 3.104792945144799887e+01 3.440103861821808096e+01 3.192261404405689973e+01 2.761021801610695547e+01 2.549542287262374884e+01 2.219949593657293008e+01 1.828020956850559742e+01 1.556617936726615881e+01 1.308931334614680964e+01 7.994175470961636165e+00 7.143876089283367037e+00 7.613415809259095113e+00 2.871564660810690839e+00 -7.960548745704727480e-01 1.842623750735583599e+00 1.792045045513077639e-01 4.274347211588974460e+00 5.042784738725458737e+00 -6.190418907244747970e-01 3.674762209459004225e+00 2.562697894549273769e+00 5.050288798251131084e+00 1.557747504410872352e+01
-2.106715195774959284e+02 -2.181071210718437214e+02 -2.229376658434011915e+02 -2.227354678098163276e+02 -2.241916920095463865e+02 -2.300212308471927827e+02 -2.316004277070860553e+02 -2.298960508594645944e+02 -2.323093633059725107e+02 -2.334704131638754916e+02 -2.306945934661525826e+02 -2.308819317694942583e+02 -2.317546394502824114e+02 -2.316825488776066777e+02 -2.303281923963877489e+02 -2.283090726253267349e+02 -2.205490727231317578e+02 -2.220820587231919490e+02 -2.232843469627350714e+02 -2.175640820045118744e+02 -2.150765353479910118e+02 -2.122600605878233182e+02 -2.090825441531414981e+02 -2.080830862040802458e+02 -2.103397178249342687e+02 -2.004377946007825813e+02 -1.960513626113406644e+02 -1.982619166429340112e+02 -1.928834887704233552e+02 -1.905465514511906804e+02 -1.922237953050043870e+02 -1.872243450267069420e+02 -1.823511893659087946e+02 -1.766597877293042984e+02 -1.769852935165872623e+02 -1.742069296336994739e+02 -1.676809274794686644e+02 -1.671581911666198721e+02 -1.669404728737881669e+02 -1.640014429806942644e+02 -1.542159415659771184e+02 -1.490718081090490159e+02 -1.496731414787955146e+02 -1.416383948053498898e+02 -1.285683269832916267e+02 -1.290347391663526651e+02 -1.237333099204461178e+02 -1.142010138661753444e+02 -1.133403401296163793e+02
7.982086744850676041e-01 7.476998933954746462e+00 9.509581535738107050e+00 1.019707528038998134e+01 8.587351616122759879e+00 9.146933846135652857e+00 1.458163611760392087e+01 1.556903684151984635e+01 1.203939702923889854e+01 1.743399199304258218e+01 1.933248006961730425e+01 1.735697512025217293e+01 1.513894521341717336e+01 1.343701729739768780e+01 1.947408788650500355e+01 1.974411292243530625e+01 1.865606892838695785e+01 2.307218482288226369e+01 2.625814398356669699e+01 2.113094235450989800e+01 2.282832477789270342e+01 2.453021035190613475e+01 1.917398658415186219e+01 2.519605160099308705e+01 2.723865384481905494e+01 2.244924529243508005e+01 2.574416861389181577e+01 2.753100163422641344e+01 2.485671670470037498e+01 2.542338254510832485e+01 2.846315293591760565e+01 2.570886112540028989e+01 2.363840192666611983e+01 2.200543105079123052e+01 2.839157527916177060e+01 3.128869443267467432e+01 2.943586799336480908e+01 2.694608021114254370e+01 2.419555768513237126e+01 2.588829009516484803e+01 1.960009851728682406e+01 2.350828172119145165e+01 2.695664998759457376e+01 2.689985455285568605e+01 2.673119028990913648e+01 3.033082150551490486e+01 3.427914363523814245e+01 2.857549051407477236e+01 2.609244143783871550e+01
1.281957606476389628e+02 1.477378234140742279e+02 1.553599196416216728e+02 1.567668664660377544e+02 1.693876725766167510e+02 1.752849083363180398e+02 1.805549436396177043e+02 1.881085143864765996e+02 1.903847881198926189e+02 1.954753040472387511e+02 2.048123201119306032e+02 2.081668749319251219e+02 2.126292017596751975e+02 2.248700976297077432e+02 2.287315029379242333e+02 2.286302522168552969e+02 2.339695035505355918e+02 2.389556306995109480e+02 2.407525554263920640e+02 2.471667563882110699e+02 2.501484927301717107e+02 2.529262513806788775e+02 2.546365970968981856e+02 2.519552807785548794e+02 2.533336880160095461e+02 2.416921812831023999e+02 2.296214340350561542e+02 2.136924466136842966e+02 1.879155154782602040e+02 1.572322693168025580e+02 1.206505383435360272e+02 9.439442159889586037e+01 7.693960159870039206e+01 5.938138989824437886e+01 4.297525990214489866e+01 3.076387853452251875e+01 1.893217896251371712e+01 1.479588597359179403e+01 3.952003981557936640e+00 -2.163199294482183177e+00 -3.585962306122382870e+00 -7.866834655735146953e+00 -5.964400230983301299e+00 -1.567884743874674314e+01 -1.652792931407384458e+01 -1.443287022690128651e+01 -1.879634270137830754e+01 -1.892800179872574518e+01 -2.454879376948520076e+01
7.057862950699200155e+01 5.805288829254641314e+01 5.671083528702001786e+01 5.774416954569096561e+01 5.413264598267778638e+01 5.076764249228290282e+01 4.737625918228150113e+01 4.629888885101900087e+01 4.725844787678579451e+01 5.141799212848854950e+01 4.470915521046845242e+01 3.894676368041473324e+01 4.241277031045683543e+01 3.818010913846592302e+01 4.085830573772909702e+01 4.015998335697440780e+01 2.897159284897134057e+01 3.337519736639660550e+01 3.440493989230890293e+01 3.180646070777584100e+01 3.443420511188014643e+01 3.685241235109424451e+01 3.788963408121344401e+01 4.235765800181616214e+01 5.112330107403249713e+01 6.277325012992878328e+01 7.388077155328210210e+01 8.897237395395131898e+01 1.181589331732793653e+02 1.504753503806969093e+02 1.848870914770704985e+02 2.140276783213557792e+02 2.362897297978670395e+02 2.505694695719976153e+02 2.661168509108501894e+02 2.859114935508841882e+02 2.899696715141435561e+02 2.780626254917515325e+02 2.756362694269519125e+02 2.777585393553563335e+02 2.682076485440775286e+02 2.640441146753182693e+02 2.577716051193601743e+02 2.556255194146906433e+02 2.465657287308458763e+02 2.322506313380035863e+02 2.276661646850698162e+02 2.109751845765640610e+02 1.882886542033375008e+02
1.245738522548344918e+01 1.195059960174694424e+01 9.504687679167545866e+00 3.790991310095705558e+00 -8.923947137882350944e-01 1.436633136952877976e+00 -3.160094310194835998e+00 -1.209726600069552660e+01 -1.264095273293787614e+01 -1.731078517224523239e+01 -2.363472421969345305e+01 -2.376125488570687594e+01 -2.156580824049160583e+01 -2.721172037244105013e+01 -4.168957552775100339e+01 -4.216387861616385635e+01 -3.987490907432220411e+01 -5.183220451833039988e+01 -5.157714024747110670e+01 -4.958731479339621728e+01 -6.301291767942893784e+01 -6.065772013377136318e+01 -5.377804226760781603e+01 -6.738069531666405965e+01 -6.704883614234859124e+01 -6.318592930659360718e+01 -6.910781685720576206e+01 -7.211433913216751534e+01 -7.491203460015094606e+01 -7.451525375191704370e+01 -7.249628429947188124e+01 -7.601205867851967923e+01 -7.902995669855590677e+01 -7.394986569059255999e+01 -7.555352477559063118e+01 -8.083120032486476703e+01 -7.895038698123244103e+01 -7.571350379494833760e+01 -7.762991869304096326e+01 -8.414211489768058527e+01 -7.942369516264443519e+01 -7.627125783388328273e+01 -7.574704017370822839e+01 -7.125473085416888352e+01 -6.506910794073337456e+01 -5.619330470086424612e+01 -5.304718509411031846e+01 -3.824174545510322787e+01 -1.381528508645715192e+01
4.885839396176015725e+01 4.737345356741570868e+01 5.330388131888321368e+01 5.641236874458263628e+01 5.200787532988761086e+01 5.445755255770927761e+01 5.729581177193904296e+01 5.734399547534849262e+01 5.708862529599718982e+01 6.008581334009795683e+01 6.296462149886065163e+01 6.280217963741597487e+01 6.502319584094220772e+01 6.717551143732998753e+01 6.880110566875373479e+01 6.983918133572296938e+01 7.900889688885945361e+01 8.284542351868003607e+01 8.413802088356169406e+01 8.508414684604213107e+01 8.759763151325751096e+01 9.827115298608259764e+01 1.037568310306305648e+02 1.126676029743903200e+02 1.138580032370809931e+02 1.183334191870599170e+02 1.276803737216541776e+02 1.394280238766878028e+02 1.448330649402851122e+02 1.459034275676676771e+02 1.562926260811218526e+02 1.683608846115603228e+02 1.721200465843503480e+02 1.764206241234860499e+02 1.899541592162349843e+02 1.919513575430901255e+02 1.761679540066834306e+02 4.469187200366286561e+01 -1.538330956789068296e+02 -2.405195434211491374e+02 -2.542296848577461787e+02 -2.600712514293845743e+02 -2.613857179336046102e+02 -2.675434436116775032e+02 -2.713819848168786848e+02 -2.642636844614535221e+02 -2.619339140424417565e+02 -2.730625402879595640e+02 -2.837325047488702694e+02
-4.612061071700009052e+01 -6.302244073251495138e+01 -7.819145924533222569e+01 -8.182411787354067201e+01 -8.634571334245993057e+01 -9.120049194850435015e+01 -1.039079463110174402e+02 -1.104677381304354640e+02 -1.108918923041419475e+02 -1.236052583679920644e+02 -1.278118679697508924e+02 -1.360744384838835686e+02 -1.422465629339494626e+02 -1.485424866982575622e+02 -1.549164359669666737e+02 -1.615880515401295270e+02 -1.770836899432033533e+02 -1.746914535253672511e+02 -1.816903438621884561e+02 -1.901593579669352039e+02 -1.893304975505161565e+02 -2.031344095585445757e+02 -2.077084353609534446e+02 -2.086892952185007744e+02 -2.163572604457149282e+02 -2.211358873451608815e+02 -2.215056419328029733e+02 -2.273116761803685222e+02 -2.313364213950553676e+02 -2.317208610857851454e+02 -2.385544660602245131e+02 -2.439618456609023269e+02 -2.420563772688983590e+02 -2.393464499452311429e+02 -2.431340027172191185e+02 -2.424955642385975807e+02 -2.198169715493859258e+02 -8.177471998605324188e+01 1.176109811120040831e+02 2.070321059136404074e+02 2.263939863346677157e+02 2.377886559502367163e+02 2.456021549251890974e+02 2.563574124947917880e+02 2.613821667107986286e+02 2.613144540745415725e+02 2.646158724970373441e+02 2.702421206634753617e+02 2.759770475464174524e+02
-5.139480083351372741e+01 -3.931593111929396400e+01 -3.840318712539010448e+01 -4.105288175935129402e+01 -3.778462611265422311e+01 -4.158654494734946638e+01 -3.942536813664628426e+01 -3.697407676114380592e+01 -3.636541004569880897e+01 -3.397800924746843521e+01 -3.653662563328543911e+01 -3.635086380702705355e+01 -4.173337085638922872e+01 -3.986406385239388328e+01 -3.735673836811474757e+01 -3.475986452877259580e+01 -3.514992222969158320e+01 -3.961307229783415096e+01 -3.723618895872641588e+01 -3.768038623851316515e+01 -3.648117582312988816e+01 -4.170336781602964038e+01 -3.928868054939812282e+01 -4.043148929675953696e+01 -4.637518411058408674e+01 -4.282697538928186987e+01 -4.319292205616511637e+01 -4.132248041365528479e+01 -4.490569043243885972e+01 -4.443996755874104565e+01 -4.252619530997617403e+01 -4.019464760784467217e+01 -3.924139541771000950e+01 -4.451254821055772481e+01 -4.866059714453876950e+01 -4.845799464572337456e+01 -4.272707901067769853e+01 -4.661830970036680810e+01 -4.389205490551830735e+01 -4.260517722825170495e+01 -4.080334739250247367e+01 -3.810516289478255203e+01 -3.928031442104111193e+01 -3.844272708624339430e+01 -3.501038660844642436e+01 -3.596641351711878087e+01 -3.323011541883897735e+01 -2.098325660073896870e+01 -1.702455727703636512e+01
6.053022243229497690e+01 5.848642984791513300e+01 6.136692018352914602e+01 6.668139018656074768e+01 7.045307465826772386e+01 6.818566876725526527e+01 7.040689963839395205e+01 7.498427549884218024e+01 6.998906747396540595e+01 6.554597702668979764e+01 7.176348785535083152e+01 7.335698684287490323e+01 6.895749953688937239e+01 7.148472269454214256e+01 6.868041826997796306e+01 6.600086292656487785e+01 6.543056900294322986e+01 6.152137756576121319e+01 5.885049246850394411e+01 5.897461113423923962e+01 6.008373118456074735e+01 5.554776228556147544e+01 4.259156946697476087e+01 4.114825666078104405e+01 3.702593561863614013e+01 3.354559311328193871e+01 3.280494071723660454e+01 2.011083323507045861e+01 1.635790780740353512e+01 1.719011362335004378e+01 1.258433277667063521e+01 7.019375006435438991e+00 -7.115568479130160995e-01 -6.279338198211917188e+00 -1.111591178308299277e+01 -1.875398993934504688e+01 -2.128016995875077555e+01 -2.389829048739193240e+01 -3.325606965791666880e+01 -3.913515415244910400e+01 -3.790567670262680622e+01 -4.234483368417568272e+01 -5.075290826844138792e+01 -5.109996569404756883e+01 -5.613504724728409201e+01 -6.442587891851144377e+01 -6.920171296025364427e+01 -7.302621781063498929e+01 -7.065933727778610773e+01
-5.523061802994197933e+01 -4.355813306631171145e+01 -3.956590809630870353e+01 -4.089594447620766005e+01 -4.387464460801857058e+01 -3.856381957869598409e+01 -2.973860294184851227e+01 -3.099908717496873578e+01 -2.842902205718564801e+01 -2.612469537790457252e+01 -2.634261543175671250e+01 -1.732781539946154226e+01 -1.463902327045798302e+01 -1.891476901753776474e+01 -1.418159396755800117e+01 -9.405092068242083769e+00 -3.415344434055441525e+00 -4.281190081092063338e-01 -2.245376247694366612e+00 -1.970307669711473864e+00 5.737810042992350645e+00 8.163487650439492427e+00 1.881303556423517875e+00 7.205793353467015550e+00 1.765698296154732816e+01 1.422759957485686755e+01 1.333926995124784298e+01 2.181020166116650216e+01 2.486384012962662382e+01 2.583486944381002104e+01 3.571801875220262446e+01 3.712768165765010053e+01 3.620850003645318793e+01 3.779345020718756132e+01 3.992808836389303906e+01 4.662187857984099537e+01 4.430202511901734397e+01 4.955600450248311972e+01 5.598446636195149040e+01 6.485037715880753240e+01 6.637843726896244334e+01 6.272509819881815929e+01 6.941921522409393219e+01 6.913934529077232582e+01 7.155940330013254425e+01 7.850986089260550216e+01 7.454744100286188768e+01 7.835306557041622000e+01 9.498872508047497831e+01
-3.819323218187491875e+00 -1.851077243875624845e+01 -1.982370692955737468e+01 -2.100803264455316821e+01 -1.717987509700469673e+01 -1.762717158209125046e+01 -2.224987874836369883e+01 -2.195216938025987474e+01 -2.491992324745660881e+01 -2.278619315785181243e+01 -2.884944955189712346e+01 -2.539138461367838318e+01 -2.874655315543350298e+01 -3.246211167701403610e+01 -2.674330614585778676e+01 -3.426508069144620094e+01 -3.506331136080552824e+01 -3.843133528965699952e+01 -3.862631876225350425e+01 -3.757545346213737503e+01 -4.987759088322491152e+01 -5.389308721892302856e+01 -5.374020939382899087e+01 -5.502888014180643950e+01 -5.704324429713597056e+01 -6.682473057552851969e+01 -7.432231429472449236e+01 -7.270417659710801672e+01 -7.040212006116053089e+01 -7.598029870116442908e+01 -8.595348422668030253e+01 -9.168390573824581224e+01 -9.329468627664755331e+01 -9.192845677119476022e+01 -9.714893816081894329e+01 -1.042278954596040421e+02 -1.131587866051995661e+02 -1.144690350497476174e+02 -1.073211384710375569e+02 -1.125816099473595386e+02 -1.182167448373002117e+02 -1.218870049298784579e+02 -1.291660154943092493e+02 -1.303456994654043228e+02 -1.289113720636742073e+02 -1.361558701137400931e+02 -1.406116048074327409e+02 -1.447771319247694919e+02 -1.574004312187607866e+02
6.165511552389943972e-01 1.170972324805916287e+01 1.117497856280533597e+01 9.517698438474326394e+00 1.293699572011246346e+01 1.292018522844591644e+01 8.333536721082055010e+00 9.480267710532643832e+00 1.361560691296472214e+01 1.533018894544511568e+01 1.562007382871524896e+01 7.754496595924138092e+00 1.130464082294201944e+01 1.405459733413590584e+01 1.401466594170778990e+01 1.355809003228205256e+01 1.312463754642521963e+01 1.664400144654791802e+01 1.167210425116354600e+01 7.677411081022000872e+00 8.920880541438236833e+00 1.185771312976430636e+01 1.239150354971934576e+01 6.168252924209809862e+00 -1.918382350850151852e-01 3.543670423983712681e+00 3.596112527942750603e+00 7.637876503576990217e-02 1.991678439648239873e+00 -2.396379204292315990e+00 -4.077126376621890813e+00 -2.730417266269796528e+00 -3.525700291662360542e+00 -7.160048023040872067e+00 -1.148414415304432623e+01 -1.640763337230600882e+01 -1.662391643307637423e+01 -1.013736395681917202e+01 -7.529531791878980584e+00 -5.113021587749244645e+00 -8.918483405199367553e+00 -1.077229317856836133e+01 -9.256781971169402823e+00 -9.505734850506996736e+00 -1.350553485006093979e+01 -1.805340306386642624e+01 -1.496675588624202646e+01 -1.187942833072156645e+01 -1.036944408397539519e+01
-2.776571036345558241e+01 -2.893664901104057208e+01 -2.944418482590117492e+01 -3.171702362543146592e+01 -4.076117448626609985e+01 -4.087208092998480424e+01 -3.932458606069849338e+01 -4.403996131681196857e+01 -4.572551318637852091e+01 -5.020330123053281568e+01 -5.053440500576107297e+01 -5.132189818193728570e+01 -5.339958874724106863e+01 -5.678350698690337595e+01 -5.667756552282662597e+01 -5.118955988564994186e+01 -5.697080158563039731e+01 -6.486273083227570169e+01 -6.309493828525592107e+01 -6.010949395185161848e+01 -6.413646172457083594e+01 -6.670344032083812635e+01 -6.541517172256135382e+01 -7.020216347642417531e+01 -7.531576878672058228e+01 -7.124385748183703981e+01 -7.027501259233395103e+01 -7.861742951431369875e+01 -7.689557394979055971e+01 -7.468413215498731006e+01 -8.129578800150193274e+01 -7.954005222735577263e+01 -7.938399334982386790e+01 -8.772757043399906252e+01 -8.555312687988043763e+01 -8.313170486423769034e+01 -8.788226980247418396e+01 -8.714560007319960278e+01 -8.413964510989899281e+01 -8.147938028880162165e+01 -7.856484647766046692e+01 -7.979941390102612786e+01 -8.340477391111198813e+01 -8.327787457000522409e+01 -8.674600790727708954e+01 -8.432684455595153850e+01 -8.139045928441919386e+01 -9.043332145446038339e+01 -1.009336554263427388e+02
-4.537339699533185922e+01 -4.641284127972903661e+01 -4.126793694951629732e+01 -3.220217273570597172e+01 -2.961477775480307173e+01 -3.006042392684321385e+01 -2.278305808526056353e+01 -1.597756752374698408e+01 -1.192745512039982714e+01 -1.072925859176029917e+01 -5.988921619660686702e+00 -8.496349120832746848e-01 2.902943183289607987e+00 1.075494042108766735e+01 1.040878333765431307e+01 1.526315533825254533e+01 1.547909240997978486e+01 1.927845851512392983e+01 2.652079138084081933e+01 2.386541053735709284e+01 2.587278152638464235e+01 2.909414532022492494e+01 3.072774614315130748e+01 3.240078449473367073e+01 3.904571775950898882e+01 3.743759393744403496e+01 3.329419574665371329e+01 3.705604671529727057e+01 3.846736695726576727e+01 4.088245744480809662e+01 4.062823863454104867e+01 3.705122350809688214e+01 3.825241106491012033e+01 4.247500389518972952e+01 3.945230876730056480e+01 3.764137438539182767e+01 4.030518323903379496e+01 4.132745968320523389e+01 5.009116456608171575e+01 5.318140806526935194e+01 4.574103757312695961e+01 5.098483704682439566e+01 5.445901839717407711e+01 4.998759394032822456e+01 4.778397619820316322e+01 4.598095656794612296e+01 4.918438766931649297e+01 5.233386729155608919e+01 5.437166343774879351e+01
1.092591430083557498e+02 1.081406227620318532e+02 1.058656392829580000e+02 1.017619949112850009e+02 1.030703243130265037e+02 1.065309324131812900e+02 1.019035706025024410e+02 1.011471364193421323e+02 9.844071653518767562e+01 9.888924534220132045e+01 1.009906960004445864e+02 9.439287234119547065e+01 9.225103467841108795e+01 9.286260381630563643e+01 9.086641728052927647e+01 8.850675593345658854e+01 8.909060110982682090e+01 8.721410597217618488e+01 8.192783136518846732e+01 7.969048348926298786e+01 7.695219102180271875e+01 7.464915158956137020e+01 7.744790543988347054e+01 7.516719868856307585e+01 7.064386912729241885e+01 6.949819261865923181e+01 6.709353548944636714e+01 6.615630210538802203e+01 6.190626381395850331e+01 5.428772103623487055e+01 5.462617317533295136e+01 5.208174263629189227e+01 5.048846334980044048e+01 5.088245592580642551e+01 4.362041611317545176e+01 4.457487957426928915e+01 4.962991394361597486e+01 4.465467536167125218e+01 4.137461777792486828e+01 4.461609150789445266e+01 4.404004917319980450e+01 3.910065469446999487e+01 3.833317191210517194e+01 3.560418824784574099e+01 3.494933226940338500e+01 3.480866859087836929e+01 2.721688757717492990e+01 2.493106458270631265e+01 2.734964648104505613e+01
7.960973411131999455e+01 7.875903232244309038e+01 8.165425310150021687e+01 8.290559527301229537e+01 8.407028526774956845e+01 8.157014701553271152e+01 8.265266749364673160e+01 8.696785927827295382e+01 8.406951041388674639e+01 9.004523132828762755e+01 9.153855163702974096e+01 9.036592717994062696e+01 9.374637033195176627e+01 9.403183338973030914e+01 9.697336468506546225e+01 9.428009694503271021e+01 9.505624551094661001e+01 1.039236213106632931e+02 1.088386478777683806e+02 1.119070376285817474e+02 1.146567507968866266e+02 1.175468061758438125e+02 1.205169208407605765e+02 1.237584148290770827e+02 1.294321008678671205e+02 1.334107057561486727e+02 1.416767747724807123e+02 1.458419452836533310e+02 1.413028277309203986e+02 1.493480098596919561e+02 1.545293215846759267e+02 1.570038591117336182e+02 1.610708407525380608e+02 1.665831742173904786e+02 1.746468982129445067e+02 1.758629599324194714e+02 1.810253884851699695e+02 1.904560781868785853e+02 1.962158126439608168e+02 1.987392593548720470e+02 2.028617753776925383e+02 2.075388642790057929e+02 2.112910721367370570e+02 2.134818570007919334e+02 2.176619096173089929e+02 2.221325242434249958e+02 2.237769667224638397e+02 2.255930828742857557e+02 2.271928143509430811e+02
-4.374066975954337977e+01 -4.370642312603013124e+01 -4.696941620613506529e+01 -4.581619242884335108e+01 -4.453433478843362536e+01 -4.234166114908293821e+01 -4.053936991769296583e+01 -4.774491195540758781e+01 -4.544160267754341476e+01 -3.892355514336668421e+01 -4.347174704907229170e+01 -4.451994472969090566e+01 -3.530470994248753414e+01 -3.510996067371161189e+01 -4.319079615118971560e+01 -4.059748025004228111e+01 -3.355228159973921720e+01 -3.483679173266864382e+01 -3.571435669134370983e+01 -3.205580623350397218e+01 -2.828145939830574207e+01 -2.487520992569625378e+01 -2.082790951590868644e+01 -1.657925740437349305e+01 -1.610522625673911534e+01 -1.154814487716066651e+01 -7.470680393846123479e+00 -7.908378817766788416e+00 -6.616997860604897141e+00 -2.960100064578000456e+00 2.586648839424015023e+00 5.738325535188778304e+00 6.027843781339470297e+00 7.105872699554311112e+00 1.557219254784286022e+01 2.287678800415596925e+01 2.374794536805711687e+01 2.777177565000602044e+01 3.325071177571953740e+01 3.113783602416515350e+01 3.581171587157587055e+01 4.091426861421496142e+01 4.008393618460104335e+01 4.311046630119381007e+01 4.804029097850434482e+01 5.307788159804476891e+01 5.513185382676601876e+01 5.245296102664724458e+01 4.471455672517186031e+01
-8.074241150767193176e+00 -6.900370303745148703e+00 -5.953579966488177888e+00 -4.589252546895295382e+00 -8.336767180808237754e+00 -1.267490665912919212e+01 -1.520050035041640513e+01 -1.335681216177181341e+01 -1.195689921083976515e+01 -2.021179077203851193e+01 -2.047093723139551003e+01 -1.716077782683714759e+01 -2.333076459199946839e+01 -2.373889832901477348e+01 -2.240389914545812644e+01 -2.543365348779479973e+01 -2.804542426839179825e+01 -2.956705953522759955e+01 -2.727348253612581175e+01 -2.380705353566736449e+01 -2.470517897732497659e+01 -2.681361255935917143e+01 -2.755252001347253099e+01 -2.316158193669980392e+01 -1.906249444921559189e+01 -2.492323616024805233e+01 -2.555004117672797292e+01 -2.140831621472898405e+01 -1.991955827067431528e+01 -2.077237671038892586e+01 -2.121231444961449597e+01 -1.826450685365125537e+01 -1.685866396228084341e+01 -1.638966580783016980e+01 -1.385471154030528851e+01 -1.167652540444396436e+01 -1.113147235590440687e+01 -9.448811970069073141e+00 -1.115636304982763249e+01 -9.008334464160725474e+00 -9.957470640176325105e+00 -1.081346097725327127e+01 -7.855420424501062371e+00 -9.527849143181811087e+00 -9.540505996163119562e+00 -1.024191662913654000e+01 -8.849770704138791189e+00 -7.189564935339149088e+00 -5.442201339115854353e+00
-6.948460934034665115e+01 -6.729616124204767402e+01 -7.152551327920809854e+01 -7.961345933871052694e+01 -8.264482009656785522e+01 -8.199494233925361186e+01 -8.365459972219832707e+01 -8.731201551006233785e+01 -9.114672514218545984e+01 -9.327924904093379155e+01 -9.332963311087223701e+01 -9.546033384282782208e+01 -1.012174135372624733e+02 -1.066174685247387970e+02 -1.053069699337211205e+02 -1.080001096206251532e+02 -1.101501426317117875e+02 -1.067019465415942250e+02 -1.102813339915155666e+02 -1.169813777602248592e+02 -1.126338649050449021e+02 -1.098131559062894667e+02 -1.157475137170695234e+02 -1.166004360530059785e+02 -1.131643056149623590e+02 -1.140406004781543743e+02 -1.146632032881025225e+02 -1.108720479697803967e+02 -1.141378802913532127e+02 -1.146242638149851700e+02 -1.104371632691327250e+02 -1.126844878711999627e+02 -1.111226699494000059e+02 -1.061577531545190141e+02 -1.091000898936908925e+02 -1.072911259957763832e+02 -1.071714790754922433e+02 -1.111580888243333902e+02 -1.083061629813892068e+02 -1.112245920972200111e+02 -1.073640270332252840e+02 -1.083680064772779588e+02 -1.107750387574924389e+02 -1.072003958269924624e+02 -1.070854689698608126e+02 -1.079487244631163776e+02 -1.112533173483243445e+02 -1.093966031696327263e+02 -1.074946635417290963e+02
4.524689500118256547e+01 4.817334979260340333e+01 4.918040948714769911e+01 4.720838679469306953e+01 4.997323830227833241e+01 5.057396886326023377e+01 4.452101918128028046e+01 4.578090949781471863e+01 4.700710284725937527e+01 4.072273789733299054e+01 4.133468421908037271e+01 4.388457201667188201e+01 3.841357781848637387e+01 3.332544897346815560e+01 3.499013003888831008e+01 3.803258823025680613e+01 3.621924895557458512e+01 2.899642562492226716e+01 2.963539685230352916e+01 2.790746213484089822e+01 2.168900937578291632e+01 2.386149485518399160e+01 2.717657037517346907e+01 2.022280756008694880e+01 1.721498974594578613e+01 2.062821774673648179e+01 1.396516478522971738e+01 1.136913222368457355e+01 1.325084165704902261e+01 7.651646828599041328e+00 5.221691546466900036e+00 6.897574439295567572e+00 2.215208927125786431e+00 -2.337207510718144476e-01 -1.312665174336871132e-01 -5.868944113477482460e+00 -8.326991258305497468e+00 -9.336794682341860607e+00 -1.805553109871107154e+01 -2.244609849136031698e+01 -2.536110544166876934e+01 -2.822765655345574487e+01 -2.818036275448685046e+01 -3.064487412711605430e+01 -3.714375132156419568e+01 -4.031555842507805210e+01 -3.938790825541946106e+01 -4.350486470859323163e+01 -5.296800344699295238e+01
-1.837805658980505541e+01 -2.487098844077263493e+01 -2.829746105631056707e+01 -2.895957519840158056e+01 -2.525667789674480446e+01 -2.418122820220014546e+01 -2.442075746977934614e+01 -2.282864645612426102e+01 -2.128842915267159697e+01 -2.162854882162355352e+01 -1.996019277651794255e+01 -1.754384784857393242e+01 -1.768661087482178118e+01 -1.198249625136668328e+01 -9.614301687397528440e+00 -1.097679787463857792e+01 -1.264515662094345316e+01 -9.950184539586189203e+00 -4.439851028524572030e+00 -1.023212636442622170e+00 -2.527521349154994823e+00 -7.420771424804115668e-01 1.791931749976356514e+00 4.359175257268361747e+00 5.909239080996485427e+00 8.864725319464923814e+00 1.175192651664838195e+01 1.358250814666098449e+01 1.568745361317996867e+01 1.521003190607007127e+01 2.219835750180936884e+01 2.327315188088687137e+01 2.275451228639576584e+01 2.399178387760184705e+01 2.817668662285723258e+01 3.099064202424779069e+01 2.699436385824810714e+01 2.543021499431051780e+01 2.662923246860736981e+01 2.676831569231580943e+01 2.300721774969133548e+01 2.438770581623248290e+01 2.327071742128464393e+01 2.538563322644040454e+01 2.803037921569193713e+01 2.370865388205857016e+01 2.477394442704098765e+01 2.548188738648605067e+01 2.539845123724080622e+01
-2.049374409340089187e+01 -2.680911821160407271e+01 -2.484641719794308301e+01 -1.993859207435161807e+01 -2.106248966819839552e+01 -1.977460303778934758e+01 -1.470583377295406535e+01 -1.806191544402099680e+01 -1.637555564810463693e+01 -1.134038808004697785e+01 -1.432872623552975710e+01 -1.194140668734326027e+01 -6.908978240186115727e+00 -6.055872694530989975e+00 -8.467397565560531802e+00 -9.541558354350854643e+00 -6.047521305314148776e+00 -3.464560064807301387e+00 -8.238755194819532335e+00 -4.798744661995442584e+00 -1.370391564676538110e+00 -4.887627812640857883e+00 -7.859295580652542412e+00 -5.595199679082725197e+00 -4.211293550353730097e+00 -6.602514948433963582e+00 -4.018994897211086936e+00 -7.583804803347447887e+00 -5.383125750420731492e+00 -7.247019561909837648e-01 -9.453317956358660012e+00 -8.585381285083713010e+00 -4.335180618145386688e+00 -8.727750659847515635e+00 -9.958302820014068857e+00 -1.280934033160156105e+01 -1.212568366594496183e+01 -1.364839826809475198e+01 -2.253528968016325962e+01 -2.238803766106138937e+01 -2.113277947220194619e+01 -2.492215461759769823e+01 -2.619089761871146038e+01 -2.908553740252682474e+01 -3.158906144309730735e+01 -3.089833755398285575e+01 -3.456181420361099299e+01 -3.360672868430265225e+01 -2.343109430820913985e+01
2.094416118116350845e+01 2.482387549463601317e+01 2.797925657422456425e+01 2.935374583030352369e+01 2.915682860219385475e+01 2.644905835637473501e+01 2.656014722370309755e+01 2.942666253444622271e+01 2.678168987802928314e+01 2.706790653002099134e+01 2.628462133355787955e+01 2.352200091867416631e+01 2.317321858258219436e+01 2.541903250507311895e+01 2.469981816777726635e+01 2.458726841433963273e+01 2.280076095509866718e+01 1.983882824366446584e+01 2.070028834912227467e+01 1.393581093466491438e+01 1.631075018663250376e+01 1.221517046648659743e+01 7.654330147503060289e+00 8.798655022052116692e+00 -2.181098231230862439e-01 -3.490431685597286560e+00 -2.301973475943668745e+00 -6.631268832046771422e+00 -9.178540344422799535e+00 -9.978063552902312949e+00 -1.478487275903171394e+01 -1.970128994650440291e+01 -2.229509453319769818e+01 -2.328763276035897434e+01 -3.040378890349529684e+01 -3.561011658022471238e+01 -4.166427113916142844e+01 -4.710048326644755434e+01 -4.961139714856108185e+01 -5.428551574640732724e+01 -5.822270202259824146e+01 -6.222246986169193406e+01 -6.363614290987607092e+01 -6.613678296316356864e+01 -6.919596015319984872e+01 -7.370076894208614249e+01 -8.060794050128606614e+01 -7.814413233712548390e+01 -6.695133437961339951e+01
1.108143321587704122e+00 4.555465557335992344e+00 2.760885288473218679e+00 4.324915568766300566e+00 4.135384810637333430e+00 1.721032239234773442e+00 6.745652271463768557e+00 9.904775642105960287e+00 7.477487601776374504e+00 7.503256787458667532e+00 7.223009655906935222e+00 4.467515394047950394e+00 9.003057605194044299e+00 6.426553944489569403e+00 6.072016714548226446e+00 1.113041708957462106e+01 9.209549429564503953e+00 6.205957132769981399e+00 2.153598670047358610e+00 5.989391797484131530e-01 2.681075274886097759e+00 -1.449688109380076639e+00 -6.280267015434219502e+00 -5.248671988141722977e+00 -8.800741846556775272e+00 -1.221418998247827403e+01 -1.649839277056162246e+01 -2.078865324304206297e+01 -1.801207802178396378e+01 -1.896977874587173574e+01 -2.393680433432746213e+01 -2.876049255373072810e+01 -3.156588048451521900e+01 -3.259686714007693809e+01 -3.943962909559195396e+01 -4.486712812489713542e+01 -4.563675273927219678e+01 -5.023110518266912550e+01 -5.735815043245384004e+01 -6.163812486470851582e+01 -5.998219280580815393e+01 -5.850471816711069550e+01 -6.992800582568452228e+01 -7.201502802767208777e+01 -6.970634832917130552e+01 -7.376947890879819170e+01 -7.462487891933415085e+01 -8.198518900963244960e+01 -9.124594072758918628e+01
-3.744194534546113573e+01 -3.474361322747427039e+01 -3.134015240991720930e+01 -2.985025780924479477e+01 -3.025341512908926234e+01 -3.246237636503065005e+01 -3.308329973186482675e+01 -2.972495644944137894e+01 -2.680178090065601282e+01 -2.728175652303616516e+01 -2.720556044971453957e+01 -2.477604453873937018e+01 -2.585598184698028490e+01 -2.294540883129229769e+01 -2.307636131247272715e+01 -2.341897019010502845e+01 -2.032159218168817461e+01 -2.329669985501095653e+01 -2.183589388054679148e+01 -1.817762468394357711e+01 -2.152458309850771911e+01 -2.558560755979851820e+01 -2.532424443287891336e+01 -2.944201147771673277e+01 -3.255738654360175133e+01 -3.083752118665142916e+01 -3.008673575782449916e+01 -2.897322542738402262e+01 -3.126740330798202194e+01 -3.241777002549497411e+01 -3.222362129180692136e+01 -3.155627967673353851e+01 -3.435422201507026330e+01 -4.032520372149883769e+01 -4.136017939855810255e+01 -4.147064377993228845e+01 -4.180406410456635058e+01 -4.527057210484053940e+01 -4.120155238267034292e+01 -3.961432714838883840e+01 -4.776641926387674175e+01 -4.579132480660337023e+01 -4.063866253625019453e+01 -4.203464221229660325e+01 -4.453215889420243911e+01 -4.247027633921243250e+01 -3.690789254734409042e+01 -3.799667341494932771e+01 -4.638026375864865258e+01
3.443310415101586841e+01 3.547100856545148417e+01 3.854127855249680579e+01 3.932707695977296680e+01 3.814296357409330085e+01 4.124101691960822791e+01 4.459882613318040967e+01 4.291554708161856979e+01 4.093836139151244424e+01 4.422463158937171102e+01 4.444717115341336466e+01 4.695992552998359315e+01 4.484129039381514303e+01 4.297482032698462717e+01 4.786834111114148982e+01 4.648992388273472898e+01 4.415246501646470279e+01 4.670291284835548140e+01 4.889727188221877441e+01 4.232065456252894364e+01 3.890812818749691360e+01 4.064580823126016185e+01 4.151474907551892102e+01 3.825289085521944799e+01 3.665662913047708571e+01 3.354635236528702080e+01 2.942975691810715944e+01 3.167396016215207055e+01 2.980306092090904713e+01 2.829625886282883584e+01 2.900386109846294858e+01 2.592792574205668643e+01 2.428460067542619072e+01 2.033944716319092549e+01 1.675402713738731109e+01 1.842217722465284169e+01 1.537582562159514055e+01 1.534082427134853788e+01 1.613704032509122044e+01 1.470540683655417524e+01 1.960245516887516715e+01 1.826199270976940170e+01 1.602758337021805346e+01 1.695682478984235786e+01 1.638977437536232173e+01 1.622873524279566482e+01 1.926979470657533966e+01 2.083059517995570786e+01 1.515114003815688193e+01
3.960704062657896429e+01 2.928979599525337107e+01 2.672685484687099233e+01 3.170697236934211105e+01 2.973619092316948809e+01 3.268368204563739710e+01 3.510895672059268691e+01 3.322593760435120203e+01 3.130979380593635142e+01 3.351024602737743407e+01 3.851235860463930294e+01 3.596517295885132626e+01 3.824798110686242580e+01 3.642560828689602204e+01 3.566086637586704455e+01 3.844424492039252073e+01 4.115222538303351030e+01 4.403026417046203278e+01 4.147300089916097932e+01 4.012257017559022643e+01 3.693887744637322612e+01 3.927487300400389358e+01 4.095359202066902071e+01 3.854779481125297025e+01 3.799046353876474313e+01 3.531428082578349859e+01 3.687704198702704161e+01 4.004135690696421079e+01 3.841245948630967177e+01 3.672735056499368511e+01 3.799735066253924742e+01 3.608782357961172238e+01 3.563446917655528523e+01 3.344478535198140889e+01 3.184344304210389964e+01 3.520137550312210806e+01 3.414940941601525992e+01 3.610604067842359655e+01 3.787127536637126468e+01 3.784297184896422550e+01 3.914335830064374022e+01 3.908042345871217549e+01 4.420586911842110567e+01 4.121221240822342224e+01 4.203445606437162496e+01 4.925513756624422967e+01 4.823734166816575453e+01 4.577600073767825961e+01 4.172430599998915568e+01
-4.052564798539970070e+01 -3.174473376097739674e+01 -2.994108322856482118e+01 -3.599533703879569657e+01 -3.372414720119559206e+01 -3.110715423664078116e+01 -3.453599063167348504e+01 -3.681541253175237216e+01 -3.376529811281943694e+01 -3.247175599806359969e+01 -3.304469411983154714e+01 -3.562180433495086618e+01 -3.394783380962326191e+01 -3.083178198910900392e+01 -3.218056886468548328e+01 -3.530777765950188041e+01 -3.269515560660511255e+01 -2.964912555005867034e+01 -3.205190447266795672e+01 -2.833481887137168087e+01 -3.136038508420460857e+01 -2.867173426874796860e+01 -2.646241771400673315e+01 -2.838411674546659924e+01 -2.330720157531322911e+01 -2.067902427606168203e+01 -2.401321816735435277e+01 -2.557640863338019699e+01 -2.210576837052940391e+01 -1.889852926266030408e+01 -1.742389926032046787e+01 -1.362956618278985843e+01 -1.352077938136062585e+01 -9.646055997407529503e+00 -5.137834483553888276e+00 -6.189564203057670966e+00 -1.131530735816340894e+00 6.802089422621065751e+00 1.404152310040080920e+01 1.978761242481414229e+01 2.708631611531018279e+01 2.750090347792138346e+01 3.352334497991250828e+01 4.175906265314552002e+01 4.858224971327581443e+01 5.676755723397945985e+01 6.168347825660021044e+01 7.622170243583968841e+01 9.491677835944574326e+01
5.407077431862126105e+01 5.211987837130436674e+01 4.847109330169041641e+01 4.636001326507539488e+01 4.780043102515628561e+01 5.037753343555959873e+01 4.624735515099018812e+01 3.866549788916017860e+01 4.197309696950833313e+01 4.221752161937183701e+01 3.600735017514671199e+01 3.387267802489805035e+01 3.488398364768363535e+01 3.292801391411921941e+01 3.044965453230543062e+01 3.105048103418084793e+01 2.885744124025222845e+01 2.757505408971337602e+01 2.570394016473437659e+01 2.461194346629781649e+01 2.753034983028192073e+01 2.645953796742833219e+01 2.549808478396153077e+01 2.526092701253946871e+01 2.684865631139837205e+01 2.533761878122459166e+01 2.333051969177904539e+01 2.341800347468233667e+01 2.215326290379744023e+01 2.527902009509853087e+01 2.282641118965693749e+01 1.827643888196325861e+01 2.065749266391503625e+01 2.761377133664791472e+01 3.008262164294137619e+01 2.688863650485291146e+01 2.991779342244262807e+01 3.499715494640986435e+01 3.785232462684507482e+01 4.010821997650782578e+01 3.907819525621016510e+01 4.116433077640249394e+01 4.447151108345133252e+01 4.888491781981429085e+01 4.664697515862644650e+01 4.642193096523988061e+01 5.196560968193807639e+01 5.104625078721437603e+01 4.948797644797014073e+01
6.412117465294431895e+01 6.230887727069784887e+01 5.841134374612011015e+01 5.513532930618384853e+01 5.591382140279165469e+01 5.374039955422631465e+01 4.922263939230469987e+01 5.097451180662028491e+01 4.989435958067770116e+01 4.464585076255025342e+01 4.265206853451672941e+01 4.120888939162250608e+01 3.696881916350685060e+01 3.001389257129631005e+01 2.107922181885805912e+01 1.555953204925754108e+01 8.892152895423350856e+00 -1.727687561040511355e+00 -3.254620276042260230e+00 -9.127552471909439191e+00 -2.036366208869731054e+01 -2.521750762074952945e+01 -3.446046697249403223e+01 -3.848931813798844814e+01 -3.597211110405623913e+01 -3.692717070668004453e+01 -3.798754913723678328e+01 -4.200909797090571374e+01 -4.865976505543221720e+01 -5.122444711157004349e+01 -4.780927125600283034e+01 -4.079124637381755747e+01 -3.692182398127624765e+01 -3.823575959383742884e+01 -2.854650158266304061e+01 -1.910086485359352082e+01 -1.406227798591135070e+01 -8.058656876411987469e+00 -5.389249109430238605e-02 8.312827919755363837e+00 1.395481670639128424e+01 2.237380172187113203e+01 2.727459191554225981e+01 3.221654894272796810e+01 4.214064472678001039e+01 5.457530346084968187e+01 6.566645184374647215e+01 7.077974461211124435e+01 7.061904464662075043e+01
-8.174700761178974062e+01 -8.390793677189503796e+01 -8.354925303801428527e+01 -8.278237762648495845e+01 -8.264196244088816456e+01 -8.533916333608794957e+01 -8.560509804190951400e+01 -7.968036776021472178e+01 -8.124290446442319080e+01 -8.218856938122189604e+01 -7.504886368231382221e+01 -7.202462230843957514e+01 -7.185498091971385293e+01 -6.448545767480391078e+01 -5.915440172003582120e+01 -5.517420188119285740e+01 -4.713478901039343327e+01 -3.797671810234896839e+01 -2.963321687874849886e+01 -1.548081360725336708e+01 -1.481629159592557698e+00 9.059479002520674840e+00 2.045690952969016507e+01 3.210855251803877763e+01 4.533709062222624198e+01 5.518349666759604588e+01 6.510415071228635497e+01 7.217523490494932048e+01 7.659474280878202990e+01 8.001483645677217282e+01 8.969448140228632838e+01 9.787252619065111503e+01 1.030231594583601691e+02 1.136476663512294181e+02 1.248767611277871765e+02 1.360603933145175688e+02 1.481076261617126875e+02 1.556570313730335329e+02 1.650569576410925947e+02 1.750703298369771801e+02 1.825204903433914296e+02 1.927546906576317269e+02 1.995944793694361579e+02 2.117058385307318531e+02 2.237066430824343115e+02 2.328147240243852139e+02 2.398555202030984219e+02 2.522945072213187814e+02 2.765490991379483603e+02
-1.619150411547161639e+01 -1.500394629055517726e+01 -1.750979768848628737e+01 -2.074371509629418142e+01 -2.408341621625004336e+01 -3.000286140112439170e+01 -2.889872385121998377e+01 -3.215586171072209254e+01 -3.695867360130068846e+01 -3.654708770295837894e+01 -3.879490757492021658e+01 -3.938550269609550014e+01 -4.317274466503295116e+01 -4.515957370516844094e+01 -4.550547829063725658e+01 -5.099687790588359348e+01 -5.703228937738458626e+01 -5.758538023420260288e+01 -5.891616413681185804e+01 -5.945362208734150045e+01 -5.473981972801266238e+01 -5.341431332635693252e+01 -5.098544140817830339e+01 -4.913301174741354771e+01 -5.123253776517231017e+01 -4.650652470951899886e+01 -4.129144833388272673e+01 -4.450707446839078330e+01 -4.594315854753949679e+01 -4.842457150900736451e+01 -4.908483183529460803e+01 -4.097240569029236212e+01 -3.608868983149295673e+01 -3.050136936776107177e+01 -2.473304234977695160e+01 -1.871174089246778749e+01 -1.243842717248480767e+01 -6.276730783167295158e+00 1.483169062354136258e+00 4.883689206879353151e+00 5.916624558769399300e+00 1.518118173952098005e+01 2.079134437665925361e+01 2.538708729183417745e+01 3.632903522171545774e+01 3.856387232118868269e+01 4.286564053746405989e+01 5.306833223302965052e+01 6.463019851205172017e+01
-2.704635498375864699e+01 -2.263511340887635015e+01 -1.808571417152415961e+01 -1.493405017183977179e+01 -1.660467445998801850e+01 -1.605222271010279655e+01 -1.327773266288568266e+01 -1.049836006507393904e+01 -3.882627581129781902e+00 -6.519043335691094398e+00 -7.555909158574650064e+00 -1.918633830413455144e+00 8.415416933421511203e-01 -5.870441123261116445e-02 3.655571798735763878e-01 1.736799955222522840e+00 1.913172242871951312e+00 1.885575155902188271e+00 6.716099711309652776e+00 1.239227730085258372e+01 1.308764063788112253e+01 1.555291124287759885e+01 2.422564981802133843e+01 3.193955198262119666e+01 3.034624496978358366e+01 3.600796985576744191e+01 4.252190160995814949e+01 4.544980859165661968e+01 4.496962997806258500e+01 4.371189885871717706e+01 4.444030855357414111e+01 4.817256003012880683e+01 5.893534539360553026e+01 6.523746701472555287e+01 6.607506699356599711e+01 7.292277139308862388e+01 7.402828217638307251e+01 7.465528052567970008e+01 7.176747284931479953e+01 6.987954000054742210e+01 6.563535759880323894e+01 5.321673773773363791e+01 4.180536652769660577e+01 1.737136720103444532e+01 -1.109782279402134009e+01 -4.923440338307409547e+01 -1.036872452526004054e+02 -1.751109949371020775e+02 -2.564552217107266188e+02
-6.365917257519322447e+01 -6.632505706656957045e+01 -6.451453508445410989e+01 -5.950042122363811359e+01 -5.434129047099850141e+01 -5.228002953628310934e+01 -5.294818449177546427e+01 -4.888824575179023668e+01 -4.598790829352219589e+01 -4.183061052300035954e+01 -4.167330069892341271e+01 -4.022293885084218346e+01 -3.613899161943118088e+01 -3.615966222871793434e+01 -3.490069682811736129e+01 -3.700208423990989104e+01 -3.624310036818496883e+01 -3.109852712854626589e+01 -3.092650729021988809e+01 -2.996441146405413747e+01 -2.388583924507838674e+01 -2.121526741285924800e+01 -1.783266859402647242e+01 -1.037118853646097705e+01 -7.081287665612762794e+00 -6.773574942431878299e+00 -5.426493516250047833e+00 -2.680261807719944045e+00 -3.108513297105673701e+00 -4.141989255731459707e+00 -3.295480534055968747e+00 -5.414586368395248428e+00 -9.328118162811733782e-01 4.512550859741168097e+00 9.856353696930455044e+00 1.039179691346362233e+01 1.042157931710244156e+01 9.934198101283982396e+00 9.177584566059522331e-01 -1.823795709380647168e+00 -6.866082049178658053e+00 -1.990983936996781267e+01 -3.241581016589771025e+01 -4.679803548025665805e+01 -6.452640509250340983e+01 -8.070930232346290722e+01 -9.608718402663362212e+01 -1.049310678404581267e+02 -1.061445085507584736e+02
1.751348935134592466e+01 1.822404284912045114e+01 2.304006166275939904e+01 2.570526440994581208e+01 2.306529567146208137e+01 2.738462576048914343e+01 3.456941614445531741e+01 3.589117100276052952e+01 3.562063540320377797e+01 3.774574678146746010e+01 4.065843560884241015e+01 4.379127488250378519e+01 4.552880512116826139e+01 4.793794979999074712e+01 4.677149867106345482e+01 4.878725081635639071e+01 5.145308666964410804e+01 5.231459264169097878e+01 5.456006645306479186e+01 5.191368221185985021e+01 5.939958222041605040e+01 6.334695797678432427e+01 6.180095790466293693e+01 6.423251991780125536e+01 6.787627045833505690e+01 6.911841402921709232e+01 6.633731452733627521e+01 6.444748157632420771e+01 6.580869326955871657e+01 6.136276941184769385e+01 5.267160031732055359e+01 5.080940498822019435e+01 4.317008625785820186e+01 2.512432636250741780e+01 6.697575014113681391e+00 -1.659977260607411154e+01 -5.236747788413777016e+01 -1.053248457342560869e+02 -1.714785393348720390e+02 -2.551855598631664179e+02 -3.473927700495405588e+02 -4.417444109046773519e+02 -5.257926139141491149e+02 -5.891519382067199331e+02 -6.263488287389336620e+02 -6.340577646892343182e+02 -6.177420658845803700e+02 -5.771470481179130729e+02 -5.345142851708224043e+02
6.365607434563571587e+01 6.642582694723387249e+01 6.772053758963011205e+01 7.266779175435658544e+01 8.306372153016855009e+01 9.440813768838415854e+01 9.792987223510863259e+01 9.562258692260365933e+01 1.020448479345650412e+02 1.120779764501203317e+02 1.229286330727627501e+02 1.269382909751439001e+02 1.252680036511737853e+02 1.298496550388517790e+02 1.372141178176098038e+02 1.431283610100799706e+02 1.472814097176305950e+02 1.489072244233975653e+02 1.531581953322456684e+02 1.574649536736833397e+02 1.547423526247439440e+02 1.540019645676366054e+02 1.523194255138223525e+02 1.491860334848752245e+02 1.359845818213070743e+02 9.847550584119744599e+01 2.886316537659149617e+01 -1.027288228991674259e+02 -2.980039300482894760e+02 -4.879591286263021175e+02 -6.154659098257834557e+02 -6.919909551922755782e+02 -7.304468478528142441e+02 -7.455718863018264528e+02 -7.552010582972434349e+02 -7.525330390170274768e+02 -7.282490486107999459e+02 -6.863942202622711193e+02 -6.281739025152055547e+02 -5.477016215915500652e+02 -4.466455658650957048e+02 -3.408035814659087919e+02 -2.360056497070472687e+02 -1.382469384650175925e+02 -6.497566707961959764e+01 -2.518526456551626325e+00 4.993362259468995035e+01 8.641554134120815434e+01 1.188474486893974245e+02
4.089589545765193179e+00 7.752937476616352797e+00 1.009972368209855631e+01 1.672590410796692595e+01 2.273174085080972873e+01 2.903396460801013745e+01 3.950924227459472604e+01 4.444618704824824817e+01 4.559718642354710028e+01 4.537656802788842469e+01 4.625873005055473186e+01 3.896527053805766627e+01 9.499676922394428402e+00 -4.233251694889622740e+01 -1.309342463249631692e+02 -2.377484256358293351e+02 -3.185071178265789058e+02 -3.728052583257667720e+02 -4.122006484066077974e+02 -4.461521640270366333e+02 -4.760418948565202300e+02 -5.039152917783067096e+02 -5.274122099418891594e+02 -5.466072092853719369e+02 -5.589148815693624783e+02 -5.443812808319635224e+02 -4.939637052955222316e+02 -3.810143495039665140e+02 -2.067456629388616420e+02 -3.253489246586104855e+01 8.531790878850733861e+01 1.465879659007478040e+02 1.776116417242737953e+02 1.978536922168277670e+02 2.122046404430584516e+02 2.274320212961465586e+02 2.354726806929975282e+02 2.386822132713277824e+02 2.477497218009375501e+02 2.496231547826027963e+02 2.544670031404530164e+02 2.643912154378485866e+02 2.655429358817636967e+02 2.709892560590524226e+02 2.748667953525146004e+02 2.722131287326337770e+02 2.775946963498718105e+02 2.838758400775550399e+02 2.908975271428935230e+02
-2.225342879621894099e+01 -3.051219456226681359e+01 -4.594584490789566189e+01 -6.872836046581505798e+01 -9.201634074942558073e+01 -1.149349698408623226e+02 -1.332697894564189482e+02 -1.508638199126580730e+02 -1.723579240902035963e+02 -1.890553187153127510e+02 -2.044281095980259124e+02 -2.164058349707629532e+02 -2.037211729186237790e+02 -1.671424973947869148e+02 -9.823617577602271922e+01 -1.361970340553671122e+01 4.961349465098464862e+01 8.664338186010718346e+01 1.037586949035176076e+02 1.203381183979217894e+02 1.351797889216104522e+02 1.462410628633224405e+02 1.557643275304872077e+02 1.582247358006716240e+02 1.676490868010732811e+02 1.760799133318359964e+02 1.810715431389398873e+02 1.862998952923808247e+02 1.971549036841897760e+02 2.081239259050635155e+02 2.131996217801352032e+02 2.236676189342397265e+02 2.254845048281422351e+02 2.332625757206405979e+02 2.409721950121165719e+02 2.379934470668958966e+02 2.448515983904944733e+02 2.530095801670686342e+02 2.563489346193091478e+02 2.632523734206915833e+02 2.671958405403711367e+02 2.709666034014662728e+02 2.763695401931472588e+02 2.807216736608825158e+02 2.835212336323165800e+02 2.847069962936511729e+02 2.891994122148316819e+02 2.886891888927493710e+02 2.824725480523193255e+02
5.930318194723804481e+01 4.925612590639502741e+01 5.088341660503647290e+01 5.798428788210731000e+01 6.392073285940568894e+01 6.307497827458428219e+01 6.128727138575050049e+01 7.324253593615139835e+01 7.946287540977937169e+01 7.892885588735225610e+01 8.008514631853904575e+01 8.355232901329873130e+01 9.558031822033808567e+01 1.026587630680878647e+02 1.025046404678141698e+02 1.128282595717464574e+02 1.180176615271484479e+02 1.206443094397254754e+02 1.330929709226766136e+02 1.382650515037530567e+02 1.358559725933591835e+02 1.413830042114714161e+02 1.448723280082049314e+02 1.473933827669825405e+02 1.566349148761364631e+02 1.600644412969704717e+02 1.605456158251618035e+02 1.666973471783567220e+02 1.738937642252130900e+02 1.808977348187763710e+02 1.869451771661697421e+02 1.867409037886245642e+02 1.880617472334706690e+02 1.890725460217508953e+02 1.847690189455461223e+02 1.811474365947942715e+02 1.759993376954225823e+02 1.723939368016144726e+02 1.702756839874200523e+02 1.600408075195155106e+02 1.522925669660617132e+02 1.394630146665731445e+02 1.218184496415487956e+02 1.039981403758283705e+02 7.893570088065462187e+01 4.608705905391252600e+01 1.791424606053624302e+00 -4.742718956145108677e+01 -9.768681569129694253e+01
-4.517086878049303778e+01 -3.205247206939384341e+01 -2.528539320454001427e+01 -2.451310525450389832e+01 -1.893381033226614818e+01 -1.479690066530019976e+01 -1.703121873812051490e+01 -1.678028358082519844e+01 -1.142094284138875082e+01 -3.087278692983090878e-01 7.675084167567547411e-01 3.554054073232691735e+00 9.849008431279798970e+00 1.146226838402799331e+01 2.442881549138110131e+01 2.946466844258247875e+01 3.483735737134702504e+01 4.418421991314971820e+01 4.554272137701627798e+01 5.666249915034859441e+01 6.057613561145262793e+01 6.070080808110651560e+01 7.033217739110114053e+01 7.346163868976873346e+01 7.712371382722631097e+01 8.718006522045470774e+01 8.887400488287676126e+01 9.593714937649201602e+01 1.046228076112456620e+02 1.126309918095066678e+02 1.193596259384357836e+02 1.201575583326048218e+02 1.219846166974457446e+02 1.175017177980917040e+02 1.137124010061670560e+02 1.106257886570529081e+02 1.060732517115829978e+02 9.732705922887544148e+01 9.002410419227089733e+01 8.035429865706828423e+01 6.217924619733821601e+01 4.471919591227197088e+01 2.242175650078570470e+01 -4.934827317163581029e+00 -2.901862266301759519e+01 -5.584671088392497040e+01 -8.763327399353147484e+01 -1.139533778022159822e+02 -1.314169397429795936e+02
2.166032844135770574e+00 1.337217901501571760e+01 1.862066488899290562e+01 1.850052725855493918e+01 2.304810710373567417e+01 3.174581849208334461e+01 4.057364922473789193e+01 4.626018586769350804e+01 5.000628541581681930e+01 5.357879106909967959e+01 5.941479255241574720e+01 6.676788607178605162e+01 7.197302655072417110e+01 7.861098328937077895e+01 8.499592233044677414e+01 9.477111590598360635e+01 1.049246960215386935e+02 1.078307594565267209e+02 1.142041242911363952e+02 1.182551044149149675e+02 1.213161535093386192e+02 1.321271693848830182e+02 1.352315098783001304e+02 1.377821806657011621e+02 1.405613077991001774e+02 1.389547903639613651e+02 1.461139209398825187e+02 1.528891230218578130e+02 1.615146863053669222e+02 1.635685263850318734e+02 1.641533773482078686e+02 1.650828567064017989e+02 1.613845904452609830e+02 1.512570291924348567e+02 1.421406465939944610e+02 1.340037073984567542e+02 1.138415725686936639e+02 9.456434059643652290e+01 6.594743763277074322e+01 4.086039105930831283e+01 1.294057804258773103e+01 -2.454810139190522023e+01 -5.601198260989622213e+01 -8.659223247226327658e+01 -1.094717584005848039e+02 -1.199057783583702985e+02 -1.191273530721373390e+02 -1.084294890759047121e+02 -9.506108695582952350e+01
3.434710496402112767e+01 1.855964432170731016e+01 9.166821735096164048e+00 7.358802702103275806e+00 -1.225343620113562793e+00 -1.248984440209460445e+01 -2.263580586822354235e+01 -3.455259000303340144e+01 -3.854765665080049075e+01 -4.805054312085849233e+01 -5.503171930872485973e+01 -6.020156757286167704e+01 -7.228371533969766460e+01 -7.733957343647489324e+01 -8.193501571362139657e+01 -8.978057426193845458e+01 -9.634253974849707447e+01 -9.750827209351700731e+01 -1.070282004072505515e+02 -1.190728365003888030e+02 -1.202393109563563485e+02 -1.300833034046809189e+02 -1.413077759723819327e+02 -1.473580339697655290e+02 -1.589763102577999234e+02 -1.686444272667577025e+02 -1.698683608053543139e+02 -1.767720434477378149e+02 -1.868137344632996246e+02 -1.878746401110547595e+02 -1.902630677783454303e+02 -1.968106348152505234e+02 -2.076089870317664463e+02 -2.146527476336632390e+02 -2.153114759292220697e+02 -2.149826446667429991e+02 -2.110543859924655408e+02 -2.019598903798905667e+02 -1.820444784311403055e+02 -1.586805467980448157e+02 -1.335391456928919069e+02 -9.781817394329118542e+01 -5.672205129420035519e+01 -2.025605650822399184e+01 1.754211747611407191e+01 5.663412666702060960e+01 8.636767952726222575e+01 1.102767154495231807e+02 1.313877645763568580e+02
-1.117908079352928326e+02 -1.085458793803991284e+02 -1.049222964872606099e+02 -1.037039952370687388e+02 -1.070248154072032776e+02 -1.040110597552557010e+02 -9.957624308404047042e+01 -9.594677169105852954e+01 -9.654174985890858807e+01 -9.694029009871883318e+01 -9.540990516883903183e+01 -9.605487234555766918e+01 -8.839475139466230758e+01 -8.517182638176018372e+01 -8.095075305862701498e+01 -7.142936384887434542e+01 -6.892578047735150903e+01 -6.547240155853796750e+01 -6.113802384620066732e+01 -5.917082250185194425e+01 -5.194924918821197934e+01 -4.749737074380391277e+01 -4.363501301192445680e+01 -3.555956995638553053e+01 -3.282792430688277818e+01 -2.805536094802664593e+01 -2.140932953258743510e+01 -1.522009105214965530e+01 -7.139593129191780463e+00 2.596390508697368205e+00 6.531525157362921163e+00 8.187453307938994840e+00 1.662380884258891456e+01 2.270887312354170717e+01 2.553049036065931432e+01 2.566555008161230944e+01 2.847495581529801711e+01 3.392329537754994817e+01 3.421562183523201384e+01 3.446463376341853291e+01 3.635640434097149409e+01 3.856637587584555149e+01 4.298375691342516802e+01 4.434971630116342567e+01 4.116231062920996919e+01 3.957990481590968557e+01 4.325877493844018318e+01 4.221565870018093847e+01 3.486485051666386425e+01
2.011244577000616118e+01 1.692386134559637867e+01 1.273254241337417625e+01 9.855157494632294402e+00 8.998246513423509896e+00 5.304563074518227950e+00 2.296319287881487980e+00 -1.581926448096055537e+00 -5.408074191305786371e+00 -9.007622434350196272e+00 -1.208637863007606938e+01 -1.516446678666397929e+01 -2.416588675550883636e+01 -2.734305627667345107e+01 -2.891710739640984684e+01 -3.518091527890646830e+01 -3.797072678740369156e+01 -4.380111412785481662e+01 -5.006412862089928240e+01 -5.360881735713337548e+01 -6.144057811787934043e+01 -6.735088296458707191e+01 -7.338182793068699539e+01 -8.473068684275494888e+01 -8.776588350630481727e+01 -9.372913237527245656e+01 -1.039484922561969142e+02 -1.059976420754392166e+02 -1.105291192102013156e+02 -1.228490579866920598e+02 -1.314871018679114059e+02 -1.328915336351783480e+02 -1.393195298583013937e+02 -1.439409682204714045e+02 -1.472278420170187019e+02 -1.517552015443798155e+02 -1.547261539605387952e+02 -1.600802487955952529e+02 -1.613379161586926784e+02 -1.621593887452618219e+02 -1.615313178579963278e+02 -1.561392100700468291e+02 -1.560918880068347789e+02 -1.500810492485470604e+02 -1.402969047894293908e+02 -1.370786896544159390e+02 -1.338887123211461585e+02 -1.261025325742666610e+02 -1.146621725483564660e+02
8.089994891849346459e+01 8.365549903953797184e+01 8.648905464680865407e+01 8.909774585193372332e+01 9.554303273034747690e+01 1.002087427800579462e+02 1.042856782861636020e+02 1.096495966297225095e+02 1.134595737147901673e+02 1.177474342717614491e+02 1.210801097972434945e+02 1.265357869759318419e+02 1.316959798510943074e+02 1.362906301230250392e+02 1.371178748994716443e+02 1.399930141789081972e+02 1.433327227967092767e+02 1.430468791128369048e+02 1.487674381271062884e+02 1.520099617593514267e+02 1.495052797005046159e+02 1.489117805047135334e+02 1.514401885221595876e+02 1.554717562614823692e+02 1.548641621480928734e+02 1.532616268174606375e+02 1.521316320389450993e+02 1.477525713091890793e+02 1.445698602811316960e+02 1.417214661075850017e+02 1.348024975024454761e+02 1.291515183212177362e+02 1.242057565267896280e+02 1.168773452066816390e+02 1.098095075388846453e+02 1.027538073792820796e+02 9.457968688735854812e+01 8.557657769502839074e+01 7.507621956735965796e+01 6.655591127055231482e+01 5.827247066504787654e+01 4.679369381067226641e+01 4.281736917691887356e+01 3.610559590577031486e+01 2.897634557890705764e+01 2.492234926336095668e+01 1.855651423669769429e+01 1.465120611921884120e+01 1.024751182098407298e+01
-1.602231047616805881e+01 -1.003065792119014077e+01 -6.002384258841630071e+00 -4.162493514508241788e+00 -2.160701833170605823e+00 1.778568849840667099e-01 2.666620095085818321e+00 3.119663992751156911e+00 3.677746773377293721e+00 6.896229977544862777e+00 6.701070231531048194e+00 6.531309724785387516e+00 6.255565448343986645e+00 1.056824132945621386e+00 -1.816629324632231146e+00 -5.724910041812108830e+00 -9.366268024052260444e+00 -1.356725628901040182e+01 -2.124055221406160854e+01 -2.646048938928288408e+01 -3.026929955600644462e+01 -3.590303891696385108e+01 -4.273150427988730371e+01 -4.892607447740738280e+01 -5.397368495911359787e+01 -5.560588691337034106e+01 -6.143546988855814561e+01 -6.959536180133000016e+01 -7.292816707081510685e+01 -7.466542508904240094e+01 -7.270972648414317518e+01 -7.431071513422648422e+01 -7.433302186278160661e+01 -6.832254207986989059e+01 -6.557057434652233496e+01 -5.831571861833799630e+01 -4.858611507402383722e+01 -4.152734638287802227e+01 -3.408745517284842208e+01 -2.579085514333564788e+01 -1.341476510118809529e+01 -3.657265416404698044e+00 2.048378648498328403e+00 1.283648174046538770e+01 1.970771427548606880e+01 2.618439808863331564e+01 3.399358689947985113e+01 3.716000268689822406e+01 4.078243442636448890e+01
-2.877043920784490183e+01 -4.253995513048721477e+01 -5.209199142624856904e+01 -5.750252416630974039e+01 -6.549312282091705129e+01 -7.193896571837831289e+01 -7.918128286054707132e+01 -8.118967918338603340e+01 -8.105263818861567415e+01 -8.460132932322449051e+01 -8.292552368922042660e+01 -8.393225969353807159e+01 -8.076034117146627977e+01 -7.508978773912531324e+01 -7.093661763676209375e+01 -6.576968766009667888e+01 -6.208571294072316960e+01 -5.200740920513635501e+01 -4.332923168130218983e+01 -3.685359485738445073e+01 -2.729553707208833657e+01 -1.702395194960990921e+01 -8.827922110591316596e+00 -2.675512528454419225e+00 3.891572083288338035e+00 8.119846388872247189e+00 1.612605810398235917e+01 2.441163484368007630e+01 2.690960210005869158e+01 3.066873533645411953e+01 3.473490738356485963e+01 3.817901867011096328e+01 4.071950034963083453e+01 3.952763078807038255e+01 4.134812207464710809e+01 4.087508148793131113e+01 3.799491162682534195e+01 3.920911303680622950e+01 4.192207206576131284e+01 4.129126781783998013e+01 3.571344672478153370e+01 3.400234974082559347e+01 3.024438366608228534e+01 2.308934770268388093e+01 1.949923915561521426e+01 1.525772273389156908e+01 9.985991527297301218e+00 5.636239216255489737e+00 1.807936503202654421e+00
1.567867658982868306e+01 2.300202079102746211e+01 2.796548258987604640e+01 3.055146907136077061e+01 3.416181912604952231e+01 3.655197247801697813e+01 3.949263779018656351e+01 3.914332797445240431e+01 3.715251468130736612e+01 3.690552481991471723e+01 3.399844015907729045e+01 3.254354274494107813e+01 2.867923696225625463e+01 2.448784423302276991e+01 2.092223588790511712e+01 1.688291569010470994e+01 1.377169143635546789e+01 7.641166558489203453e+00 2.439180732733802870e+00 -1.820617067074635997e+00 -6.811381978652207181e+00 -1.200544766391976736e+01 -1.592040032544173300e+01 -1.856158554562716745e+01 -2.162235582942957990e+01 -2.349556664878036827e+01 -2.604995849102851935e+01 -2.828259571947273798e+01 -2.838323622953612357e+01 -2.905327724368544295e+01 -2.981423963757697493e+01 -3.001832894541439600e+01 -2.999400411162059754e+01 -2.861244093396817334e+01 -2.824156014644540846e+01 -2.736520067186211236e+01 -2.545071288276812993e+01 -2.518720803351607174e+01 -2.574703623630921356e+01 -2.496836170024471357e+01 -2.236118311580503359e+01 -2.103369300140184350e+01 -1.930947926538647152e+01 -1.625044897713814862e+01 -1.447133120018406771e+01 -1.271498721727402881e+01 -1.030780499594402499e+01 -8.240801767766242847e+00 -6.437222394626587629e+00
