x_center,hist_y
8.250404172648814760e-02,4.578754578754578447e-02
1.625040417264881354e-01,1.831501831501831379e-01
2.425040417264881509e-01,2.747252747252748040e-01
3.225040417264881665e-01,5.494505494505493859e-01
4.025040417264881265e-01,7.783882783882782874e-01
4.825040417264881421e-01,9.615384615384620082e-01
5.625040417264881576e-01,8.699633699633692041e-01
6.425040417264882286e-01,7.326007326007329956e-01
7.225040417264880777e-01,7.326007326007329956e-01
8.025040417264881487e-01,3.205128205128202623e-01
8.825040417264882198e-01,7.783882783882788425e-01
9.625040417264880688e-01,8.699633699633704254e-01
1.042504041726488140e+00,4.120879120879117341e-01
1.122504041726488211e+00,8.241758241758234682e-01
1.202504041726488282e+00,8.699633699633716466e-01
1.282504041726488131e+00,2.747252747252744709e-01
1.362504041726488202e+00,3.205128205128202623e-01
1.442504041726488051e+00,3.663003663003669974e-01
1.522504041726488122e+00,4.578754578754574700e-01
1.602504041726488193e+00,3.663003663003659982e-01
1.682504041726488264e+00,2.747252747252752481e-01
1.762504041726488113e+00,2.289377289377287350e-01
1.842504041726488184e+00,4.578754578754574978e-02
1.922504041726488033e+00,2.289377289377293734e-01
2.002504041726488104e+00,9.157509157509149955e-02
2.082504041726488175e+00,1.373626373626372354e-01
2.162504041726488246e+00,4.578754578754574978e-02
2.242504041726488317e+00,4.578754578754574978e-02
2.322504041726488389e+00,9.157509157509199915e-02
2.402504041726488015e+00,4.578754578754574978e-02
2.482504041726488087e+00,4.578754578754574978e-02
2.562504041726488158e+00,0.000000000000000000e+00
2.642504041726488229e+00,4.578754578754574978e-02
2.722504041726488300e+00,4.578754578754574978e-02
2.802504041726488371e+00,0.000000000000000000e+00
2.882504041726487998e+00,9.157509157509199915e-02
2.962504041726488069e+00,0.000000000000000000e+00
3.042504041726488140e+00,0.000000000000000000e+00
3.122504041726488211e+00,0.000000000000000000e+00
3.202504041726488282e+00,0.000000000000000000e+00
3.282504041726488353e+00,0.000000000000000000e+00
3.362504041726488424e+00,0.000000000000000000e+00
3.442504041726488051e+00,0.000000000000000000e+00
3.522504041726488122e+00,0.000000000000000000e+00
3.602504041726488193e+00,0.000000000000000000e+00
3.682504041726488264e+00,4.578754578754574978e-02
