x_center,hist_y
4.330305501619022973e-02,1.617795753286147553e-01
9.330305501619023945e-02,4.044489383215368883e-02
1.433030550161902283e-01,2.224469160768452192e-01
1.933030550161902450e-01,3.640040444893832827e-01
2.433030550161902339e-01,6.268958543983823573e-01
2.933030550161902505e-01,4.246713852376133302e-01
3.433030550161902950e-01,5.864509605662285852e-01
3.933030550161902283e-01,6.268958543983823573e-01
4.433030550161902728e-01,4.044489383215369993e-01
4.933030550161902061e-01,8.291203235591508847e-01
5.433030550161902505e-01,7.280080889787657883e-01
5.933030550161902950e-01,7.280080889787657883e-01
6.433030550161902283e-01,5.864509605662293623e-01
6.933030550161902728e-01,7.280080889787657883e-01
7.433030550161903172e-01,8.493427704752286589e-01
7.933030550161902505e-01,6.471183013144584661e-01
8.433030550161902950e-01,7.280080889787657883e-01
8.933030550161902283e-01,6.875631951466136815e-01
9.433030550161902728e-01,6.875631951466121272e-01
9.933030550161903172e-01,5.662285136501524763e-01
1.043303055016190140e+00,6.673407482305353522e-01
1.093303055016190406e+00,6.673407482305353522e-01
1.143303055016190228e+00,6.471183013144584661e-01
1.193303055016190495e+00,5.864509605662279190e-01
1.243303055016190317e+00,4.448938321536922147e-01
1.293303055016190140e+00,4.651162790697670468e-01
1.343303055016190406e+00,4.044489383215365552e-01
1.393303055016190228e+00,4.651162790697670468e-01
1.443303055016190495e+00,4.853387259858438774e-01
1.493303055016190317e+00,3.437815975733075624e-01
1.543303055016190140e+00,4.853387259858438774e-01
1.593303055016190406e+00,5.257836198179974829e-01
1.643303055016190228e+00,3.033367037411524025e-01
1.693303055016190495e+00,2.426693629929219387e-01
1.743303055016190317e+00,2.628918099089999072e-01
1.793303055016190140e+00,1.617795753286146165e-01
1.843303055016190406e+00,1.820020222446914471e-01
1.893303055016190228e+00,2.022244691607682776e-01
1.943303055016190495e+00,6.066734074823048467e-02
1.993303055016190317e+00,1.011122345803845829e-01
2.043303055016190584e+00,6.066734074823021405e-02
2.093303055016190406e+00,1.820020222446922797e-01
2.143303055016190228e+00,1.011122345803845829e-01
2.193303055016190051e+00,2.022244691607673686e-02
2.243303055016190317e+00,6.066734074823074835e-02
2.293303055016190584e+00,1.213346814964604281e-01
2.343303055016190406e+00,1.011122345803845829e-01
2.393303055016190228e+00,4.044489383215347372e-02
2.443303055016190495e+00,8.088978766430766909e-02
2.493303055016190317e+00,4.044489383215383455e-02
2.543303055016190584e+00,2.022244691607673686e-02
2.593303055016190406e+00,2.022244691607691727e-02
2.643303055016190228e+00,0.000000000000000000e+00
2.693303055016190495e+00,4.044489383215383455e-02
2.743303055016190317e+00,2.022244691607691727e-02
2.793303055016190584e+00,0.000000000000000000e+00
2.843303055016190406e+00,4.044489383215383455e-02
2.893303055016190228e+00,2.022244691607673686e-02
2.943303055016190495e+00,0.000000000000000000e+00
2.993303055016190317e+00,2.022244691607691727e-02
3.043303055016190584e+00,0.000000000000000000e+00
3.093303055016190406e+00,0.000000000000000000e+00
3.143303055016190228e+00,2.022244691607673686e-02
3.193303055016190495e+00,2.022244691607691727e-02
3.243303055016190317e+00,0.000000000000000000e+00
3.293303055016190584e+00,0.000000000000000000e+00
3.343303055016190406e+00,0.000000000000000000e+00
3.393303055016190228e+00,0.000000000000000000e+00
3.443303055016190495e+00,0.000000000000000000e+00
3.493303055016190317e+00,2.022244691607691727e-02
3.543303055016190584e+00,0.000000000000000000e+00
3.593303055016190406e+00,0.000000000000000000e+00
3.643303055016190228e+00,0.000000000000000000e+00
3.693303055016190495e+00,2.022244691607691727e-02
