x_center,hist_y
3.587251914105991230e-02,8.088978766430737766e-02
8.587251914105992201e-02,4.044489383215368883e-02
1.358725191410599109e-01,2.224469160768452192e-01
1.858725191410599276e-01,3.033367037411527356e-01
2.358725191410599165e-01,3.437815975733064522e-01
2.858725191410599331e-01,3.640040444893828941e-01
3.358725191410599775e-01,4.246713852376138854e-01
3.858725191410599109e-01,4.853387259858443770e-01
4.358725191410599553e-01,4.651162790697675464e-01
4.858725191410598887e-01,6.066734074823054712e-01
5.358725191410599331e-01,7.684529828109194494e-01
5.858725191410599775e-01,7.684529828109194494e-01
6.358725191410599109e-01,6.268958543983830234e-01
6.858725191410599553e-01,9.100101112234572076e-01
7.358725191410599997e-01,7.077856420626904566e-01
7.858725191410599331e-01,8.897876643073804326e-01
8.358725191410599775e-01,8.695652173913035465e-01
8.858725191410599109e-01,8.493427704752286589e-01
9.358725191410599553e-01,7.886754297269962244e-01
9.858725191410599997e-01,9.706774519716898642e-01
1.035872519141059822e+00,5.460060667340743690e-01
1.085872519141060089e+00,7.077856420626890133e-01
1.135872519141059911e+00,6.066734074823048051e-01
1.185872519141060177e+00,5.662285136501512550e-01
1.235872519141060000e+00,4.448938321536922147e-01
1.285872519141059822e+00,5.460060667340743690e-01
1.335872519141060089e+00,5.662285136501512550e-01
1.385872519141059911e+00,4.853387259858438774e-01
1.435872519141060177e+00,3.033367037411524025e-01
1.485872519141060000e+00,3.640040444893845595e-01
1.535872519141059822e+00,4.448938321536902163e-01
1.585872519141060089e+00,2.628918099089987415e-01
1.635872519141059911e+00,2.426693629929219387e-01
1.685872519141060177e+00,3.235591506572292331e-01
1.735872519141060000e+00,3.033367037411537903e-01
1.785872519141059822e+00,2.022244691607682776e-01
1.835872519141060089e+00,2.628918099089987415e-01
1.885872519141059911e+00,1.820020222446914471e-01
1.935872519141060177e+00,1.213346814964609693e-01
1.985872519141060000e+00,1.415571284125384244e-01
2.035872519141060266e+00,1.213346814964604281e-01
2.085872519141060089e+00,2.022244691607691658e-01
2.135872519141059911e+00,6.066734074823074835e-02
2.185872519141059733e+00,6.066734074823021405e-02
2.235872519141060000e+00,1.415571284125384244e-01
2.285872519141060266e+00,2.022244691607673686e-02
2.335872519141060089e+00,4.044489383215383455e-02
2.385872519141059911e+00,4.044489383215347372e-02
2.435872519141060177e+00,2.022244691607691727e-02
2.485872519141060000e+00,2.022244691607691727e-02
2.535872519141060266e+00,4.044489383215347372e-02
2.585872519141060089e+00,2.022244691607691727e-02
2.635872519141059911e+00,0.000000000000000000e+00
2.685872519141060177e+00,4.044489383215383455e-02
2.735872519141060000e+00,0.000000000000000000e+00
2.785872519141060266e+00,0.000000000000000000e+00
2.835872519141060089e+00,2.022244691607691727e-02
2.885872519141059911e+00,0.000000000000000000e+00
2.935872519141060177e+00,0.000000000000000000e+00
2.985872519141060000e+00,2.022244691607691727e-02
3.035872519141060266e+00,0.000000000000000000e+00
3.085872519141060089e+00,0.000000000000000000e+00
3.135872519141059911e+00,2.022244691607673686e-02
