x_center,hist_y
1.667749538891962480e-01,5.434782608695650774e-01
2.467749538891962635e-01,4.528985507246375830e-01
3.267749538891963068e-01,6.340579710144926828e-01
4.067749538891962668e-01,3.623188405797100886e-01
4.867749538891963379e-01,6.340579710144922387e-01
5.667749538891964090e-01,3.623188405797103662e-01
6.467749538891962580e-01,6.340579710144930159e-01
7.267749538891963290e-01,1.449275362318839244e+00
8.067749538891964001e-01,9.057971014492744999e-01
8.867749538891964711e-01,7.246376811594207323e-01
9.667749538891963201e-01,9.963768115942033265e-01
1.046774953889196391e+00,4.528985507246372499e-01
1.126774953889196462e+00,1.811594202898549055e-01
1.206774953889196311e+00,2.717391304347831493e-01
1.286774953889196382e+00,2.717391304347823722e-01
1.366774953889196453e+00,6.340579710144922387e-01
1.446774953889196524e+00,2.717391304347823722e-01
1.526774953889196595e+00,4.528985507246372499e-01
1.606774953889196667e+00,3.623188405797108103e-01
1.686774953889196516e+00,1.811594202898549055e-01
1.766774953889196587e+00,4.528985507246372499e-01
1.846774953889196436e+00,9.057971014492770256e-02
1.926774953889196507e+00,9.057971014492745276e-02
2.006774953889196578e+00,2.717391304347823722e-01
2.086774953889196649e+00,9.057971014492745276e-02
2.166774953889196720e+00,0.000000000000000000e+00
2.246774953889196791e+00,1.811594202898549055e-01
2.326774953889196418e+00,9.057971014492796624e-02
2.406774953889196489e+00,1.811594202898549055e-01
2.486774953889196560e+00,0.000000000000000000e+00
2.566774953889196631e+00,9.057971014492745276e-02
2.646774953889196702e+00,9.057971014492745276e-02
2.726774953889196773e+00,0.000000000000000000e+00
2.806774953889196844e+00,0.000000000000000000e+00
2.886774953889196915e+00,0.000000000000000000e+00
2.966774953889196986e+00,9.057971014492745276e-02
