x_center,hist_y
5.970731765901291649e-02,2.404809619238476859e-01
1.097073176590129262e-01,5.611222444889779615e-01
1.597073176590129151e-01,4.008016032064127265e-01
2.097073176590129318e-01,3.607214428857716260e-01
2.597073176590128929e-01,7.615230460921844635e-01
3.097073176590129373e-01,8.016032064128250090e-01
3.597073176590129817e-01,5.611222444889780725e-01
4.097073176590129151e-01,8.016032064128258972e-01
4.597073176590129595e-01,8.817635270541084314e-01
5.097073176590128929e-01,1.162324649298597468e+00
5.597073176590129373e-01,6.412825651302599406e-01
6.097073176590129817e-01,6.012024048096186180e-01
6.597073176590129151e-01,4.809619238476960379e-01
7.097073176590129595e-01,4.408817635270537161e-01
7.597073176590130039e-01,7.615230460921853517e-01
8.097073176590129373e-01,6.412825651302599406e-01
8.597073176590129817e-01,7.214428857715423637e-01
9.097073176590129151e-01,6.012024048096200612e-01
9.597073176590129595e-01,4.809619238476949832e-01
1.009707317659013004e+00,5.210420841683373050e-01
1.059707317659012826e+00,4.008016032064125045e-01
1.109707317659013093e+00,5.611222444889775174e-01
1.159707317659012915e+00,4.008016032064125045e-01
1.209707317659013182e+00,6.813627254509012632e-01
1.259707317659013004e+00,5.210420841683385262e-01
1.309707317659012826e+00,4.408817635270537161e-01
1.359707317659013093e+00,6.012024048096186180e-01
1.409707317659012915e+00,2.404809619238474916e-01
1.459707317659013182e+00,2.805611222444887587e-01
1.509707317659013004e+00,1.202404809619242732e-01
1.559707317659012826e+00,1.603206412825649851e-01
1.609707317659013093e+00,3.206412825651299703e-01
1.659707317659012915e+00,2.004008016032062522e-01
1.709707317659013182e+00,8.016032064128249257e-02
1.759707317659013004e+00,3.206412825651314136e-01
1.809707317659012826e+00,2.004008016032062522e-01
1.859707317659013093e+00,8.016032064128249257e-02
1.909707317659012915e+00,1.202404809619237458e-01
1.959707317659013182e+00,2.404809619238474916e-01
2.009707317659013004e+00,2.404809619238485463e-01
2.059707317659013270e+00,8.016032064128213175e-02
2.109707317659013093e+00,1.603206412825657068e-01
2.159707317659012915e+00,1.202404809619242732e-01
2.209707317659012737e+00,4.008016032064106587e-02
2.259707317659013004e+00,8.016032064128285339e-02
2.309707317659013270e+00,4.008016032064106587e-02
2.359707317659013093e+00,1.202404809619242732e-01
2.409707317659012915e+00,1.202404809619232046e-01
2.459707317659013182e+00,0.000000000000000000e+00
2.509707317659013004e+00,4.008016032064142670e-02
2.559707317659013270e+00,0.000000000000000000e+00
2.609707317659013093e+00,4.008016032064142670e-02
2.659707317659012915e+00,4.008016032064106587e-02
2.709707317659013182e+00,0.000000000000000000e+00
2.759707317659013004e+00,0.000000000000000000e+00
2.809707317659013270e+00,0.000000000000000000e+00
2.859707317659013093e+00,0.000000000000000000e+00
2.909707317659012915e+00,1.202404809619232046e-01
2.959707317659013182e+00,4.008016032064142670e-02
3.009707317659013004e+00,0.000000000000000000e+00
3.059707317659013270e+00,0.000000000000000000e+00
3.109707317659013093e+00,0.000000000000000000e+00
3.159707317659012915e+00,0.000000000000000000e+00
3.209707317659013182e+00,0.000000000000000000e+00
3.259707317659013004e+00,0.000000000000000000e+00
3.309707317659013270e+00,4.008016032064106587e-02
3.359707317659013093e+00,0.000000000000000000e+00
3.409707317659012915e+00,4.008016032064106587e-02
3.459707317659013182e+00,0.000000000000000000e+00
3.509707317659013004e+00,0.000000000000000000e+00
3.559707317659013270e+00,0.000000000000000000e+00
3.609707317659013093e+00,0.000000000000000000e+00
3.659707317659012915e+00,0.000000000000000000e+00
3.709707317659013182e+00,0.000000000000000000e+00
3.759707317659013004e+00,0.000000000000000000e+00
3.809707317659013270e+00,4.008016032064106587e-02
3.859707317659013093e+00,0.000000000000000000e+00
3.909707317659012915e+00,0.000000000000000000e+00
3.959707317659013182e+00,0.000000000000000000e+00
4.009707317659012560e+00,0.000000000000000000e+00
4.059707317659013270e+00,0.000000000000000000e+00
4.109707317659013093e+00,0.000000000000000000e+00
4.159707317659012915e+00,0.000000000000000000e+00
4.209707317659013626e+00,0.000000000000000000e+00
4.259707317659012560e+00,0.000000000000000000e+00
4.309707317659013270e+00,0.000000000000000000e+00
4.359707317659013093e+00,0.000000000000000000e+00
4.409707317659012915e+00,0.000000000000000000e+00
4.459707317659013626e+00,4.008016032064142670e-02
4.509707317659012560e+00,0.000000000000000000e+00
4.559707317659013270e+00,0.000000000000000000e+00
4.609707317659013093e+00,0.000000000000000000e+00
4.659707317659012915e+00,0.000000000000000000e+00
4.709707317659013626e+00,0.000000000000000000e+00
4.759707317659012560e+00,0.000000000000000000e+00
4.809707317659013270e+00,0.000000000000000000e+00
4.859707317659013981e+00,4.008016032064142670e-02
4.909707317659012915e+00,0.000000000000000000e+00
4.959707317659013626e+00,0.000000000000000000e+00
5.009707317659012560e+00,0.000000000000000000e+00
5.059707317659013270e+00,0.000000000000000000e+00
5.109707317659013981e+00,0.000000000000000000e+00
5.159707317659012915e+00,0.000000000000000000e+00
5.209707317659013626e+00,0.000000000000000000e+00
5.259707317659012560e+00,0.000000000000000000e+00
5.309707317659013270e+00,0.000000000000000000e+00
5.359707317659013981e+00,0.000000000000000000e+00
5.409707317659012915e+00,0.000000000000000000e+00
5.459707317659013626e+00,0.000000000000000000e+00
5.509707317659012560e+00,0.000000000000000000e+00
5.559707317659013270e+00,0.000000000000000000e+00
5.609707317659013981e+00,0.000000000000000000e+00
5.659707317659012915e+00,4.008016032064142670e-02
5.709707317659013626e+00,0.000000000000000000e+00
5.759707317659012560e+00,0.000000000000000000e+00
5.809707317659013270e+00,0.000000000000000000e+00
5.859707317659013981e+00,0.000000000000000000e+00
5.909707317659012915e+00,0.000000000000000000e+00
5.959707317659013626e+00,0.000000000000000000e+00
6.009707317659012560e+00,0.000000000000000000e+00
6.059707317659013270e+00,0.000000000000000000e+00
6.109707317659013981e+00,0.000000000000000000e+00
6.159707317659012915e+00,0.000000000000000000e+00
6.209707317659013626e+00,0.000000000000000000e+00
6.259707317659012560e+00,0.000000000000000000e+00
6.309707317659013270e+00,0.000000000000000000e+00
6.359707317659013981e+00,0.000000000000000000e+00
6.409707317659012915e+00,0.000000000000000000e+00
6.459707317659013626e+00,0.000000000000000000e+00
6.509707317659012560e+00,0.000000000000000000e+00
6.559707317659013270e+00,0.000000000000000000e+00
6.609707317659013981e+00,0.000000000000000000e+00
6.659707317659012915e+00,0.000000000000000000e+00
6.709707317659013626e+00,0.000000000000000000e+00
6.759707317659012560e+00,0.000000000000000000e+00
6.809707317659013270e+00,0.000000000000000000e+00
6.859707317659013981e+00,0.000000000000000000e+00
6.909707317659012915e+00,0.000000000000000000e+00
6.959707317659013626e+00,0.000000000000000000e+00
7.009707317659012560e+00,0.000000000000000000e+00
7.059707317659013270e+00,0.000000000000000000e+00
7.109707317659013981e+00,0.000000000000000000e+00
7.159707317659012915e+00,0.000000000000000000e+00
7.209707317659013626e+00,0.000000000000000000e+00
7.259707317659012560e+00,0.000000000000000000e+00
7.309707317659013270e+00,0.000000000000000000e+00
7.359707317659013981e+00,0.000000000000000000e+00
7.409707317659012915e+00,0.000000000000000000e+00
7.459707317659013626e+00,0.000000000000000000e+00
7.509707317659012560e+00,0.000000000000000000e+00
7.559707317659013270e+00,0.000000000000000000e+00
7.609707317659013981e+00,0.000000000000000000e+00
7.659707317659012915e+00,0.000000000000000000e+00
7.709707317659013626e+00,0.000000000000000000e+00
7.759707317659012560e+00,0.000000000000000000e+00
7.809707317659013270e+00,0.000000000000000000e+00
7.859707317659013981e+00,0.000000000000000000e+00
7.909707317659012915e+00,0.000000000000000000e+00
7.959707317659013626e+00,0.000000000000000000e+00
8.009707317659012560e+00,0.000000000000000000e+00
8.059707317659013270e+00,0.000000000000000000e+00
8.109707317659012205e+00,0.000000000000000000e+00
8.159707317659012915e+00,0.000000000000000000e+00
8.209707317659013626e+00,0.000000000000000000e+00
8.259707317659014336e+00,0.000000000000000000e+00
8.309707317659013270e+00,0.000000000000000000e+00
8.359707317659012205e+00,0.000000000000000000e+00
8.409707317659012915e+00,0.000000000000000000e+00
8.459707317659013626e+00,0.000000000000000000e+00
8.509707317659014336e+00,0.000000000000000000e+00
8.559707317659013270e+00,0.000000000000000000e+00
8.609707317659012205e+00,0.000000000000000000e+00
8.659707317659012915e+00,0.000000000000000000e+00
8.709707317659013626e+00,0.000000000000000000e+00
8.759707317659014336e+00,0.000000000000000000e+00
8.809707317659013270e+00,0.000000000000000000e+00
8.859707317659012205e+00,0.000000000000000000e+00
8.909707317659012915e+00,0.000000000000000000e+00
8.959707317659013626e+00,0.000000000000000000e+00
9.009707317659014336e+00,0.000000000000000000e+00
9.059707317659013270e+00,0.000000000000000000e+00
9.109707317659012205e+00,0.000000000000000000e+00
9.159707317659012915e+00,0.000000000000000000e+00
9.209707317659013626e+00,0.000000000000000000e+00
9.259707317659014336e+00,0.000000000000000000e+00
9.309707317659013270e+00,0.000000000000000000e+00
9.359707317659012205e+00,0.000000000000000000e+00
9.409707317659012915e+00,0.000000000000000000e+00
9.459707317659013626e+00,0.000000000000000000e+00
9.509707317659014336e+00,0.000000000000000000e+00
9.559707317659013270e+00,0.000000000000000000e+00
9.609707317659013981e+00,0.000000000000000000e+00
9.659707317659012915e+00,0.000000000000000000e+00
9.709707317659013626e+00,0.000000000000000000e+00
9.759707317659014336e+00,0.000000000000000000e+00
9.809707317659013270e+00,0.000000000000000000e+00
9.859707317659013981e+00,0.000000000000000000e+00
9.909707317659012915e+00,0.000000000000000000e+00
9.959707317659013626e+00,0.000000000000000000e+00
1.000970731765901434e+01,0.000000000000000000e+00
1.005970731765901327e+01,0.000000000000000000e+00
1.010970731765901398e+01,0.000000000000000000e+00
1.015970731765901292e+01,0.000000000000000000e+00
1.020970731765901363e+01,0.000000000000000000e+00
1.025970731765901434e+01,0.000000000000000000e+00
1.030970731765901327e+01,0.000000000000000000e+00
1.035970731765901398e+01,0.000000000000000000e+00
1.040970731765901292e+01,0.000000000000000000e+00
1.045970731765901363e+01,0.000000000000000000e+00
1.050970731765901434e+01,0.000000000000000000e+00
1.055970731765901327e+01,0.000000000000000000e+00
1.060970731765901398e+01,0.000000000000000000e+00
1.065970731765901292e+01,0.000000000000000000e+00
1.070970731765901363e+01,0.000000000000000000e+00
1.075970731765901434e+01,0.000000000000000000e+00
1.080970731765901327e+01,0.000000000000000000e+00
1.085970731765901398e+01,0.000000000000000000e+00
1.090970731765901292e+01,0.000000000000000000e+00
1.095970731765901363e+01,0.000000000000000000e+00
1.100970731765901434e+01,0.000000000000000000e+00
1.105970731765901327e+01,0.000000000000000000e+00
1.110970731765901398e+01,0.000000000000000000e+00
1.115970731765901292e+01,0.000000000000000000e+00
1.120970731765901363e+01,0.000000000000000000e+00
1.125970731765901434e+01,0.000000000000000000e+00
1.130970731765901327e+01,0.000000000000000000e+00
1.135970731765901398e+01,0.000000000000000000e+00
1.140970731765901292e+01,0.000000000000000000e+00
1.145970731765901363e+01,0.000000000000000000e+00
1.150970731765901434e+01,0.000000000000000000e+00
1.155970731765901327e+01,0.000000000000000000e+00
1.160970731765901398e+01,0.000000000000000000e+00
1.165970731765901292e+01,0.000000000000000000e+00
1.170970731765901363e+01,0.000000000000000000e+00
1.175970731765901434e+01,0.000000000000000000e+00
1.180970731765901327e+01,0.000000000000000000e+00
1.185970731765901398e+01,0.000000000000000000e+00
1.190970731765901292e+01,0.000000000000000000e+00
1.195970731765901363e+01,0.000000000000000000e+00
1.200970731765901434e+01,0.000000000000000000e+00
1.205970731765901327e+01,0.000000000000000000e+00
1.210970731765901398e+01,0.000000000000000000e+00
1.215970731765901292e+01,4.008016032064213446e-02
1.220970731765901363e+01,0.000000000000000000e+00
1.225970731765901434e+01,0.000000000000000000e+00
1.230970731765901327e+01,0.000000000000000000e+00
1.235970731765901398e+01,0.000000000000000000e+00
1.240970731765901292e+01,0.000000000000000000e+00
1.245970731765901363e+01,0.000000000000000000e+00
1.250970731765901434e+01,0.000000000000000000e+00
1.255970731765901327e+01,0.000000000000000000e+00
1.260970731765901398e+01,0.000000000000000000e+00
1.265970731765901292e+01,0.000000000000000000e+00
1.270970731765901363e+01,0.000000000000000000e+00
1.275970731765901434e+01,0.000000000000000000e+00
1.280970731765901327e+01,0.000000000000000000e+00
1.285970731765901398e+01,0.000000000000000000e+00
1.290970731765901292e+01,0.000000000000000000e+00
1.295970731765901363e+01,0.000000000000000000e+00
1.300970731765901434e+01,0.000000000000000000e+00
1.305970731765901327e+01,0.000000000000000000e+00
1.310970731765901398e+01,0.000000000000000000e+00
1.315970731765901292e+01,0.000000000000000000e+00
1.320970731765901363e+01,0.000000000000000000e+00
1.325970731765901434e+01,0.000000000000000000e+00
1.330970731765901327e+01,0.000000000000000000e+00
1.335970731765901398e+01,0.000000000000000000e+00
1.340970731765901292e+01,0.000000000000000000e+00
1.345970731765901363e+01,0.000000000000000000e+00
1.350970731765901434e+01,0.000000000000000000e+00
1.355970731765901327e+01,0.000000000000000000e+00
1.360970731765901398e+01,0.000000000000000000e+00
1.365970731765901292e+01,0.000000000000000000e+00
1.370970731765901363e+01,0.000000000000000000e+00
1.375970731765901434e+01,0.000000000000000000e+00
1.380970731765901327e+01,0.000000000000000000e+00
1.385970731765901398e+01,0.000000000000000000e+00
1.390970731765901292e+01,0.000000000000000000e+00
1.395970731765901363e+01,0.000000000000000000e+00
1.400970731765901434e+01,0.000000000000000000e+00
1.405970731765901327e+01,0.000000000000000000e+00
1.410970731765901398e+01,0.000000000000000000e+00
1.415970731765901292e+01,0.000000000000000000e+00
1.420970731765901363e+01,0.000000000000000000e+00
1.425970731765901434e+01,0.000000000000000000e+00
1.430970731765901327e+01,0.000000000000000000e+00
1.435970731765901398e+01,0.000000000000000000e+00
1.440970731765901292e+01,0.000000000000000000e+00
1.445970731765901363e+01,0.000000000000000000e+00
1.450970731765901434e+01,0.000000000000000000e+00
1.455970731765901327e+01,0.000000000000000000e+00
1.460970731765901398e+01,0.000000000000000000e+00
1.465970731765901292e+01,0.000000000000000000e+00
1.470970731765901363e+01,0.000000000000000000e+00
1.475970731765901434e+01,0.000000000000000000e+00
1.480970731765901327e+01,0.000000000000000000e+00
1.485970731765901398e+01,0.000000000000000000e+00
1.490970731765901292e+01,0.000000000000000000e+00
1.495970731765901363e+01,0.000000000000000000e+00
1.500970731765901434e+01,4.008016032064213446e-02
