x_center,hist_y
2.500000000000000139e-02,1.081081081081081141e-01
7.500000000000001110e-02,1.867321867321867224e-01
1.250000000000000000e-01,2.162162162162161450e-01
1.750000000000000167e-01,4.029484029484030616e-01
2.250000000000000056e-01,3.341523341523341961e-01
2.750000000000000222e-01,5.208845208845204189e-01
3.250000000000000666e-01,5.307125307125307723e-01
3.750000000000000000e-01,5.503685503685504798e-01
4.250000000000000444e-01,7.862407862407864156e-01
4.749999999999999778e-01,7.272727272727274039e-01
5.250000000000000222e-01,7.567567567567561326e-01
5.750000000000000666e-01,8.550368550368542264e-01
6.250000000000000000e-01,5.503685503685511460e-01
6.750000000000000444e-01,7.174447174447168285e-01
7.250000000000000888e-01,6.781326781326790787e-01
7.750000000000000222e-01,7.371007371007364251e-01
8.250000000000000666e-01,6.388206388206382202e-01
8.750000000000000000e-01,5.307125307125314384e-01
9.250000000000000444e-01,8.648648648648641357e-01
9.750000000000000888e-01,8.353808353808365172e-01
1.024999999999999911e+00,5.995085995085989161e-01
1.075000000000000178e+00,6.289926289926284220e-01
1.125000000000000000e+00,6.093366093366088254e-01
1.175000000000000266e+00,5.503685503685499247e-01
1.225000000000000089e+00,4.127764127764142477e-01
1.274999999999999911e+00,5.405405405405401265e-01
1.325000000000000178e+00,4.029484029484026175e-01
1.375000000000000000e+00,3.243243243243240648e-01
1.425000000000000266e+00,4.422604422604418661e-01
1.475000000000000089e+00,3.046683046683057450e-01
1.524999999999999911e+00,4.815724815724811148e-01
1.575000000000000178e+00,1.769041769041767298e-01
1.625000000000000000e+00,2.948402948402945589e-01
1.675000000000000266e+00,2.653562653562651086e-01
1.725000000000000089e+00,1.965601965601972700e-01
1.774999999999999911e+00,2.162162162162160339e-01
1.825000000000000178e+00,1.769041769041767298e-01
1.875000000000000000e+00,1.572481572481571055e-01
1.925000000000000266e+00,1.965601965601963819e-01
1.975000000000000089e+00,1.474201474201479456e-01
2.025000000000000355e+00,1.081081081081075312e-01
2.075000000000000178e+00,8.845208845208876736e-02
2.125000000000000000e+00,1.670761670761676532e-01
2.174999999999999822e+00,1.474201474201466411e-01
2.225000000000000089e+00,8.845208845208876736e-02
2.275000000000000355e+00,9.828009828009776072e-02
2.325000000000000178e+00,4.914004914004931751e-02
2.375000000000000000e+00,5.896805896805865088e-02
2.425000000000000266e+00,3.931203931203944985e-02
2.475000000000000089e+00,9.828009828009863502e-02
2.525000000000000355e+00,3.931203931203910290e-02
2.575000000000000178e+00,9.828009828009862461e-03
2.625000000000000000e+00,2.948402948402932544e-02
2.675000000000000266e+00,1.965601965601972492e-02
2.725000000000000089e+00,3.931203931203944985e-02
2.775000000000000355e+00,2.948402948402932544e-02
2.825000000000000178e+00,1.965601965601972492e-02
2.875000000000000000e+00,2.948402948402932544e-02
2.925000000000000266e+00,0.000000000000000000e+00
2.975000000000000089e+00,9.828009828009862461e-03
3.025000000000000355e+00,2.948402948402932544e-02
3.075000000000000178e+00,2.948402948402958912e-02
3.125000000000000000e+00,9.828009828009775725e-03
3.175000000000000266e+00,9.828009828009862461e-03
3.225000000000000089e+00,0.000000000000000000e+00
3.275000000000000355e+00,0.000000000000000000e+00
3.325000000000000178e+00,0.000000000000000000e+00
3.375000000000000000e+00,9.828009828009775725e-03
3.425000000000000266e+00,0.000000000000000000e+00
3.475000000000000089e+00,0.000000000000000000e+00
3.525000000000000355e+00,9.828009828009775725e-03
3.575000000000000178e+00,9.828009828009862461e-03
3.625000000000000000e+00,0.000000000000000000e+00
3.675000000000000266e+00,9.828009828009862461e-03
3.725000000000000089e+00,9.828009828009862461e-03
3.775000000000000355e+00,0.000000000000000000e+00
3.825000000000000178e+00,0.000000000000000000e+00
3.875000000000000000e+00,0.000000000000000000e+00
3.925000000000000266e+00,9.828009828009862461e-03
3.975000000000000089e+00,0.000000000000000000e+00
4.025000000000000355e+00,0.000000000000000000e+00
4.075000000000000178e+00,9.828009828009688989e-03
4.125000000000000000e+00,0.000000000000000000e+00
4.175000000000000711e+00,0.000000000000000000e+00
4.224999999999999645e+00,0.000000000000000000e+00
4.275000000000000355e+00,0.000000000000000000e+00
4.325000000000000178e+00,0.000000000000000000e+00
4.375000000000000000e+00,0.000000000000000000e+00
4.425000000000000711e+00,0.000000000000000000e+00
4.474999999999999645e+00,0.000000000000000000e+00
4.525000000000000355e+00,0.000000000000000000e+00
4.575000000000000178e+00,0.000000000000000000e+00
4.625000000000000000e+00,0.000000000000000000e+00
4.675000000000000711e+00,0.000000000000000000e+00
4.724999999999999645e+00,0.000000000000000000e+00
4.775000000000000355e+00,0.000000000000000000e+00
4.825000000000001066e+00,0.000000000000000000e+00
4.875000000000000000e+00,0.000000000000000000e+00
4.925000000000000711e+00,0.000000000000000000e+00
4.974999999999999645e+00,0.000000000000000000e+00
5.025000000000000355e+00,0.000000000000000000e+00
5.075000000000001066e+00,0.000000000000000000e+00
5.125000000000000000e+00,0.000000000000000000e+00
5.175000000000000711e+00,0.000000000000000000e+00
5.224999999999999645e+00,0.000000000000000000e+00
5.275000000000000355e+00,0.000000000000000000e+00
5.325000000000001066e+00,0.000000000000000000e+00
5.375000000000000000e+00,0.000000000000000000e+00
5.425000000000000711e+00,0.000000000000000000e+00
5.474999999999999645e+00,0.000000000000000000e+00
5.525000000000000355e+00,0.000000000000000000e+00
5.575000000000001066e+00,0.000000000000000000e+00
5.625000000000000000e+00,9.828009828009862461e-03
5.675000000000000711e+00,0.000000000000000000e+00
5.724999999999999645e+00,0.000000000000000000e+00
5.775000000000000355e+00,0.000000000000000000e+00
5.825000000000001066e+00,0.000000000000000000e+00
5.875000000000000000e+00,0.000000000000000000e+00
5.925000000000000711e+00,0.000000000000000000e+00
5.974999999999999645e+00,0.000000000000000000e+00
6.025000000000000355e+00,0.000000000000000000e+00
6.075000000000001066e+00,0.000000000000000000e+00
6.125000000000000000e+00,0.000000000000000000e+00
6.175000000000000711e+00,0.000000000000000000e+00
6.224999999999999645e+00,0.000000000000000000e+00
6.275000000000000355e+00,0.000000000000000000e+00
6.325000000000001066e+00,0.000000000000000000e+00
6.375000000000000000e+00,0.000000000000000000e+00
6.425000000000000711e+00,0.000000000000000000e+00
6.474999999999999645e+00,0.000000000000000000e+00
6.525000000000000355e+00,0.000000000000000000e+00
6.575000000000001066e+00,0.000000000000000000e+00
6.625000000000000000e+00,0.000000000000000000e+00
6.675000000000000711e+00,0.000000000000000000e+00
6.724999999999999645e+00,0.000000000000000000e+00
6.775000000000000355e+00,0.000000000000000000e+00
6.825000000000001066e+00,0.000000000000000000e+00
6.875000000000000000e+00,0.000000000000000000e+00
6.925000000000000711e+00,0.000000000000000000e+00
6.974999999999999645e+00,0.000000000000000000e+00
7.025000000000000355e+00,0.000000000000000000e+00
7.075000000000001066e+00,0.000000000000000000e+00
7.125000000000000000e+00,0.000000000000000000e+00
7.175000000000000711e+00,0.000000000000000000e+00
7.224999999999999645e+00,0.000000000000000000e+00
7.275000000000000355e+00,0.000000000000000000e+00
7.325000000000001066e+00,0.000000000000000000e+00
7.375000000000000000e+00,0.000000000000000000e+00
7.425000000000000711e+00,0.000000000000000000e+00
7.474999999999999645e+00,0.000000000000000000e+00
7.525000000000000355e+00,0.000000000000000000e+00
7.575000000000001066e+00,0.000000000000000000e+00
7.625000000000000000e+00,0.000000000000000000e+00
7.675000000000000711e+00,0.000000000000000000e+00
7.724999999999999645e+00,0.000000000000000000e+00
7.775000000000000355e+00,0.000000000000000000e+00
7.825000000000001066e+00,0.000000000000000000e+00
7.875000000000000000e+00,0.000000000000000000e+00
7.925000000000000711e+00,0.000000000000000000e+00
7.974999999999999645e+00,0.000000000000000000e+00
8.025000000000000355e+00,0.000000000000000000e+00
8.074999999999999289e+00,0.000000000000000000e+00
8.125000000000000000e+00,0.000000000000000000e+00
8.175000000000000711e+00,0.000000000000000000e+00
8.225000000000001421e+00,0.000000000000000000e+00
8.275000000000000355e+00,0.000000000000000000e+00
8.324999999999999289e+00,0.000000000000000000e+00
8.375000000000000000e+00,0.000000000000000000e+00
8.425000000000000711e+00,0.000000000000000000e+00
8.475000000000001421e+00,0.000000000000000000e+00
8.525000000000000355e+00,0.000000000000000000e+00
8.574999999999999289e+00,0.000000000000000000e+00
8.625000000000000000e+00,0.000000000000000000e+00
8.675000000000000711e+00,0.000000000000000000e+00
8.725000000000001421e+00,0.000000000000000000e+00
8.775000000000000355e+00,0.000000000000000000e+00
8.824999999999999289e+00,0.000000000000000000e+00
8.875000000000000000e+00,0.000000000000000000e+00
8.925000000000000711e+00,0.000000000000000000e+00
8.975000000000001421e+00,0.000000000000000000e+00
9.025000000000000355e+00,0.000000000000000000e+00
9.074999999999999289e+00,0.000000000000000000e+00
9.125000000000000000e+00,0.000000000000000000e+00
9.175000000000000711e+00,0.000000000000000000e+00
9.225000000000001421e+00,0.000000000000000000e+00
9.275000000000000355e+00,0.000000000000000000e+00
9.324999999999999289e+00,0.000000000000000000e+00
9.375000000000000000e+00,0.000000000000000000e+00
9.425000000000000711e+00,0.000000000000000000e+00
9.475000000000001421e+00,0.000000000000000000e+00
9.525000000000000355e+00,0.000000000000000000e+00
9.575000000000001066e+00,0.000000000000000000e+00
9.625000000000000000e+00,0.000000000000000000e+00
9.675000000000000711e+00,0.000000000000000000e+00
9.725000000000001421e+00,0.000000000000000000e+00
9.775000000000000355e+00,0.000000000000000000e+00
9.825000000000001066e+00,0.000000000000000000e+00
9.875000000000000000e+00,0.000000000000000000e+00
9.925000000000000711e+00,0.000000000000000000e+00
9.975000000000001421e+00,0.000000000000000000e+00
1.002500000000000036e+01,0.000000000000000000e+00
1.007500000000000107e+01,0.000000000000000000e+00
1.012500000000000000e+01,0.000000000000000000e+00
1.017500000000000071e+01,0.000000000000000000e+00
1.022500000000000142e+01,0.000000000000000000e+00
1.027500000000000036e+01,0.000000000000000000e+00
1.032500000000000107e+01,0.000000000000000000e+00
1.037500000000000000e+01,0.000000000000000000e+00
1.042500000000000071e+01,0.000000000000000000e+00
1.047500000000000142e+01,0.000000000000000000e+00
1.052500000000000036e+01,0.000000000000000000e+00
1.057500000000000107e+01,0.000000000000000000e+00
1.062500000000000000e+01,0.000000000000000000e+00
1.067500000000000071e+01,0.000000000000000000e+00
1.072500000000000142e+01,0.000000000000000000e+00
1.077500000000000036e+01,0.000000000000000000e+00
1.082500000000000107e+01,0.000000000000000000e+00
1.087500000000000000e+01,0.000000000000000000e+00
1.092500000000000071e+01,0.000000000000000000e+00
1.097500000000000142e+01,0.000000000000000000e+00
1.102500000000000036e+01,0.000000000000000000e+00
1.107500000000000107e+01,0.000000000000000000e+00
1.112500000000000000e+01,0.000000000000000000e+00
1.117500000000000071e+01,0.000000000000000000e+00
1.122500000000000142e+01,0.000000000000000000e+00
1.127500000000000036e+01,0.000000000000000000e+00
1.132500000000000107e+01,0.000000000000000000e+00
1.137500000000000000e+01,0.000000000000000000e+00
1.142500000000000071e+01,0.000000000000000000e+00
1.147500000000000142e+01,0.000000000000000000e+00
1.152500000000000036e+01,0.000000000000000000e+00
1.157500000000000107e+01,0.000000000000000000e+00
1.162500000000000000e+01,0.000000000000000000e+00
1.167500000000000071e+01,0.000000000000000000e+00
1.172500000000000142e+01,0.000000000000000000e+00
1.177500000000000036e+01,0.000000000000000000e+00
1.182500000000000107e+01,0.000000000000000000e+00
1.187500000000000000e+01,0.000000000000000000e+00
1.192500000000000071e+01,0.000000000000000000e+00
1.197500000000000142e+01,0.000000000000000000e+00
1.202500000000000036e+01,0.000000000000000000e+00
1.207500000000000107e+01,0.000000000000000000e+00
1.212500000000000000e+01,0.000000000000000000e+00
1.217500000000000071e+01,0.000000000000000000e+00
1.222500000000000142e+01,0.000000000000000000e+00
1.227500000000000036e+01,0.000000000000000000e+00
1.232500000000000107e+01,0.000000000000000000e+00
1.237500000000000000e+01,0.000000000000000000e+00
1.242500000000000071e+01,0.000000000000000000e+00
1.247500000000000142e+01,0.000000000000000000e+00
1.252500000000000036e+01,0.000000000000000000e+00
1.257500000000000107e+01,0.000000000000000000e+00
1.262500000000000000e+01,0.000000000000000000e+00
1.267500000000000071e+01,0.000000000000000000e+00
1.272500000000000142e+01,0.000000000000000000e+00
1.277500000000000036e+01,0.000000000000000000e+00
1.282500000000000107e+01,0.000000000000000000e+00
1.287500000000000000e+01,0.000000000000000000e+00
1.292500000000000071e+01,0.000000000000000000e+00
1.297500000000000142e+01,0.000000000000000000e+00
1.302500000000000036e+01,0.000000000000000000e+00
1.307500000000000107e+01,0.000000000000000000e+00
1.312500000000000000e+01,0.000000000000000000e+00
1.317500000000000071e+01,9.828009828009688989e-03
1.322500000000000142e+01,0.000000000000000000e+00
1.327500000000000036e+01,0.000000000000000000e+00
1.332500000000000107e+01,0.000000000000000000e+00
1.337500000000000000e+01,0.000000000000000000e+00
1.342500000000000071e+01,0.000000000000000000e+00
1.347500000000000142e+01,0.000000000000000000e+00
1.352500000000000036e+01,0.000000000000000000e+00
1.357500000000000107e+01,0.000000000000000000e+00
1.362500000000000000e+01,0.000000000000000000e+00
1.367500000000000071e+01,0.000000000000000000e+00
1.372500000000000142e+01,0.000000000000000000e+00
1.377500000000000036e+01,0.000000000000000000e+00
1.382500000000000107e+01,0.000000000000000000e+00
1.387500000000000000e+01,0.000000000000000000e+00
1.392500000000000071e+01,0.000000000000000000e+00
1.397500000000000142e+01,0.000000000000000000e+00
1.402500000000000036e+01,0.000000000000000000e+00
1.407500000000000107e+01,0.000000000000000000e+00
1.412500000000000000e+01,0.000000000000000000e+00
1.417500000000000071e+01,0.000000000000000000e+00
1.422500000000000142e+01,0.000000000000000000e+00
1.427500000000000036e+01,0.000000000000000000e+00
1.432500000000000107e+01,0.000000000000000000e+00
1.437500000000000000e+01,0.000000000000000000e+00
1.442500000000000071e+01,0.000000000000000000e+00
1.447500000000000142e+01,0.000000000000000000e+00
1.452500000000000036e+01,0.000000000000000000e+00
1.457500000000000107e+01,0.000000000000000000e+00
1.462500000000000000e+01,0.000000000000000000e+00
1.467500000000000071e+01,0.000000000000000000e+00
1.472500000000000142e+01,0.000000000000000000e+00
1.477500000000000036e+01,0.000000000000000000e+00
1.482500000000000107e+01,0.000000000000000000e+00
1.487500000000000000e+01,0.000000000000000000e+00
1.492500000000000071e+01,0.000000000000000000e+00
1.497500000000000142e+01,0.000000000000000000e+00
1.502500000000000036e+01,0.000000000000000000e+00
1.507500000000000107e+01,0.000000000000000000e+00
1.512500000000000000e+01,0.000000000000000000e+00
1.517500000000000071e+01,0.000000000000000000e+00
1.522500000000000142e+01,0.000000000000000000e+00
1.527500000000000036e+01,0.000000000000000000e+00
1.532500000000000107e+01,0.000000000000000000e+00
1.537500000000000000e+01,0.000000000000000000e+00
1.542500000000000071e+01,0.000000000000000000e+00
1.547500000000000142e+01,0.000000000000000000e+00
1.552500000000000036e+01,9.828009828009688989e-03
