x_center,hist_y
4.504994800063286814e-02,3.219315895372233394e-01
9.504994800063287785e-02,3.621730382293762429e-01
1.450499480006328668e-01,7.645875251509052228e-01
1.950499480006328834e-01,4.828973843058351201e-01
2.450499480006328723e-01,5.231388329979880236e-01
2.950499480006328890e-01,8.048289738430576268e-01
3.450499480006329334e-01,6.438631790744467898e-01
3.950499480006328668e-01,8.048289738430586260e-01
4.450499480006329112e-01,8.853118712273644331e-01
4.950499480006328445e-01,6.438631790744467898e-01
5.450499480006328890e-01,7.243460764587518197e-01
5.950499480006329334e-01,8.450704225352104748e-01
6.450499480006328668e-01,6.841046277666005260e-01
6.950499480006329112e-01,5.633802816901404276e-01
7.450499480006329556e-01,6.841046277666005260e-01
7.950499480006328890e-01,3.621730382293759098e-01
8.450499480006329334e-01,6.036217303822931646e-01
8.950499480006328668e-01,4.828973843058356197e-01
9.450499480006329112e-01,4.828973843058346205e-01
9.950499480006329556e-01,8.450704225352123622e-01
1.045049948000632778e+00,6.438631790744461236e-01
1.095049948000633044e+00,6.036217303822931646e-01
1.145049948000632867e+00,3.621730382293759098e-01
1.195049948000633133e+00,2.414486921529173102e-01
1.245049948000632956e+00,3.219315895372245051e-01
1.295049948000632778e+00,5.231388329979874685e-01
1.345049948000633044e+00,2.414486921529173102e-01
1.395049948000632867e+00,4.024144869215288273e-02
1.445049948000633133e+00,2.012072434607644067e-01
1.495049948000632956e+00,4.426559356136837153e-01
1.545049948000632778e+00,3.621730382293759098e-01
1.595049948000633044e+00,1.207243460764586551e-01
1.645049948000632867e+00,1.609657947686115309e-01
1.695049948000633133e+00,1.207243460764586551e-01
1.745049948000632956e+00,4.024144869215305897e-01
1.795049948000632778e+00,4.024144869215288273e-02
1.845049948000633044e+00,3.219315895372230618e-01
1.895049948000632867e+00,1.207243460764586551e-01
1.945049948000633133e+00,2.414486921529173102e-01
1.995049948000632956e+00,2.414486921529183650e-01
2.045049948000633222e+00,1.207243460764581139e-01
2.095049948000633044e+00,8.048289738430612628e-02
2.145049948000632867e+00,4.024144869215306314e-02
2.195049948000632689e+00,8.048289738430540463e-02
2.245049948000632956e+00,2.012072434607652949e-01
2.295049948000633222e+00,8.048289738430540463e-02
2.345049948000633044e+00,8.048289738430612628e-02
2.395049948000632867e+00,1.207243460764581139e-01
2.445049948000633133e+00,1.609657947686122526e-01
2.495049948000632956e+00,1.207243460764591825e-01
2.545049948000633222e+00,8.048289738430540463e-02
2.595049948000633044e+00,0.000000000000000000e+00
2.645049948000632867e+00,0.000000000000000000e+00
2.695049948000633133e+00,0.000000000000000000e+00
2.745049948000632956e+00,8.048289738430612628e-02
2.795049948000633222e+00,4.024144869215270232e-02
2.845049948000633044e+00,8.048289738430612628e-02
2.895049948000632867e+00,0.000000000000000000e+00
2.945049948000633133e+00,4.024144869215306314e-02
2.995049948000632956e+00,4.024144869215306314e-02
3.045049948000633222e+00,0.000000000000000000e+00
3.095049948000633044e+00,0.000000000000000000e+00
3.145049948000632867e+00,0.000000000000000000e+00
3.195049948000633133e+00,4.024144869215306314e-02
3.245049948000632956e+00,0.000000000000000000e+00
3.295049948000633222e+00,0.000000000000000000e+00
3.345049948000633044e+00,4.024144869215306314e-02
3.395049948000632867e+00,0.000000000000000000e+00
3.445049948000633133e+00,0.000000000000000000e+00
3.495049948000632956e+00,4.024144869215306314e-02
3.545049948000633222e+00,0.000000000000000000e+00
3.595049948000633044e+00,0.000000000000000000e+00
3.645049948000632867e+00,0.000000000000000000e+00
3.695049948000633133e+00,0.000000000000000000e+00
3.745049948000632956e+00,0.000000000000000000e+00
3.795049948000633222e+00,0.000000000000000000e+00
3.845049948000633044e+00,0.000000000000000000e+00
3.895049948000632867e+00,0.000000000000000000e+00
3.945049948000633133e+00,4.024144869215306314e-02
3.995049948000632956e+00,0.000000000000000000e+00
4.045049948000633222e+00,0.000000000000000000e+00
4.095049948000633044e+00,4.024144869215234843e-02
4.145049948000632867e+00,0.000000000000000000e+00
4.195049948000633577e+00,0.000000000000000000e+00
4.245049948000632511e+00,0.000000000000000000e+00
4.295049948000633222e+00,0.000000000000000000e+00
4.345049948000633044e+00,0.000000000000000000e+00
4.395049948000632867e+00,0.000000000000000000e+00
4.445049948000633577e+00,0.000000000000000000e+00
4.495049948000632511e+00,0.000000000000000000e+00
4.545049948000633222e+00,0.000000000000000000e+00
4.595049948000633044e+00,0.000000000000000000e+00
4.645049948000632867e+00,0.000000000000000000e+00
4.695049948000633577e+00,0.000000000000000000e+00
4.745049948000632511e+00,0.000000000000000000e+00
4.795049948000633222e+00,0.000000000000000000e+00
4.845049948000633933e+00,0.000000000000000000e+00
4.895049948000632867e+00,0.000000000000000000e+00
4.945049948000633577e+00,0.000000000000000000e+00
4.995049948000632511e+00,0.000000000000000000e+00
5.045049948000633222e+00,0.000000000000000000e+00
5.095049948000633933e+00,0.000000000000000000e+00
5.145049948000632867e+00,0.000000000000000000e+00
5.195049948000633577e+00,0.000000000000000000e+00
5.245049948000632511e+00,0.000000000000000000e+00
5.295049948000633222e+00,0.000000000000000000e+00
5.345049948000633933e+00,0.000000000000000000e+00
5.395049948000632867e+00,0.000000000000000000e+00
5.445049948000633577e+00,0.000000000000000000e+00
5.495049948000632511e+00,0.000000000000000000e+00
5.545049948000633222e+00,0.000000000000000000e+00
5.595049948000633933e+00,0.000000000000000000e+00
5.645049948000632867e+00,0.000000000000000000e+00
5.695049948000633577e+00,0.000000000000000000e+00
5.745049948000632511e+00,0.000000000000000000e+00
5.795049948000633222e+00,0.000000000000000000e+00
5.845049948000633933e+00,0.000000000000000000e+00
5.895049948000632867e+00,0.000000000000000000e+00
5.945049948000633577e+00,0.000000000000000000e+00
5.995049948000632511e+00,0.000000000000000000e+00
6.045049948000633222e+00,0.000000000000000000e+00
6.095049948000633933e+00,0.000000000000000000e+00
6.145049948000632867e+00,0.000000000000000000e+00
6.195049948000633577e+00,0.000000000000000000e+00
6.245049948000632511e+00,0.000000000000000000e+00
6.295049948000633222e+00,0.000000000000000000e+00
6.345049948000633933e+00,0.000000000000000000e+00
6.395049948000632867e+00,0.000000000000000000e+00
6.445049948000633577e+00,0.000000000000000000e+00
6.495049948000632511e+00,0.000000000000000000e+00
6.545049948000633222e+00,0.000000000000000000e+00
6.595049948000633933e+00,0.000000000000000000e+00
6.645049948000632867e+00,0.000000000000000000e+00
6.695049948000633577e+00,0.000000000000000000e+00
6.745049948000632511e+00,0.000000000000000000e+00
6.795049948000633222e+00,0.000000000000000000e+00
6.845049948000633933e+00,0.000000000000000000e+00
6.895049948000632867e+00,0.000000000000000000e+00
6.945049948000633577e+00,0.000000000000000000e+00
6.995049948000632511e+00,0.000000000000000000e+00
7.045049948000633222e+00,0.000000000000000000e+00
7.095049948000633933e+00,0.000000000000000000e+00
7.145049948000632867e+00,0.000000000000000000e+00
7.195049948000633577e+00,0.000000000000000000e+00
7.245049948000632511e+00,0.000000000000000000e+00
7.295049948000633222e+00,0.000000000000000000e+00
7.345049948000633933e+00,0.000000000000000000e+00
7.395049948000632867e+00,0.000000000000000000e+00
7.445049948000633577e+00,0.000000000000000000e+00
7.495049948000632511e+00,0.000000000000000000e+00
7.545049948000633222e+00,0.000000000000000000e+00
7.595049948000633933e+00,0.000000000000000000e+00
7.645049948000632867e+00,0.000000000000000000e+00
7.695049948000633577e+00,0.000000000000000000e+00
7.745049948000632511e+00,0.000000000000000000e+00
7.795049948000633222e+00,0.000000000000000000e+00
7.845049948000633933e+00,0.000000000000000000e+00
7.895049948000632867e+00,0.000000000000000000e+00
7.945049948000633577e+00,0.000000000000000000e+00
7.995049948000632511e+00,0.000000000000000000e+00
8.045049948000633222e+00,0.000000000000000000e+00
8.095049948000632156e+00,0.000000000000000000e+00
8.145049948000632867e+00,0.000000000000000000e+00
8.195049948000633577e+00,0.000000000000000000e+00
8.245049948000634288e+00,0.000000000000000000e+00
8.295049948000633222e+00,0.000000000000000000e+00
8.345049948000632156e+00,0.000000000000000000e+00
8.395049948000632867e+00,0.000000000000000000e+00
8.445049948000633577e+00,0.000000000000000000e+00
8.495049948000634288e+00,0.000000000000000000e+00
8.545049948000633222e+00,0.000000000000000000e+00
8.595049948000632156e+00,0.000000000000000000e+00
8.645049948000632867e+00,0.000000000000000000e+00
8.695049948000633577e+00,0.000000000000000000e+00
8.745049948000634288e+00,0.000000000000000000e+00
8.795049948000633222e+00,0.000000000000000000e+00
8.845049948000632156e+00,0.000000000000000000e+00
8.895049948000632867e+00,0.000000000000000000e+00
8.945049948000633577e+00,0.000000000000000000e+00
8.995049948000634288e+00,0.000000000000000000e+00
9.045049948000633222e+00,0.000000000000000000e+00
9.095049948000632156e+00,0.000000000000000000e+00
9.145049948000632867e+00,0.000000000000000000e+00
9.195049948000633577e+00,0.000000000000000000e+00
9.245049948000634288e+00,0.000000000000000000e+00
9.295049948000633222e+00,0.000000000000000000e+00
9.345049948000632156e+00,0.000000000000000000e+00
9.395049948000632867e+00,0.000000000000000000e+00
9.445049948000633577e+00,0.000000000000000000e+00
9.495049948000634288e+00,0.000000000000000000e+00
9.545049948000633222e+00,0.000000000000000000e+00
9.595049948000633933e+00,0.000000000000000000e+00
9.645049948000632867e+00,0.000000000000000000e+00
9.695049948000633577e+00,0.000000000000000000e+00
9.745049948000634288e+00,0.000000000000000000e+00
9.795049948000633222e+00,0.000000000000000000e+00
9.845049948000633933e+00,0.000000000000000000e+00
9.895049948000632867e+00,0.000000000000000000e+00
9.945049948000633577e+00,0.000000000000000000e+00
9.995049948000634288e+00,0.000000000000000000e+00
1.004504994800063322e+01,0.000000000000000000e+00
1.009504994800063393e+01,0.000000000000000000e+00
1.014504994800063287e+01,0.000000000000000000e+00
1.019504994800063358e+01,0.000000000000000000e+00
1.024504994800063429e+01,0.000000000000000000e+00
1.029504994800063322e+01,0.000000000000000000e+00
1.034504994800063393e+01,0.000000000000000000e+00
1.039504994800063287e+01,0.000000000000000000e+00
1.044504994800063358e+01,0.000000000000000000e+00
1.049504994800063429e+01,0.000000000000000000e+00
1.054504994800063322e+01,0.000000000000000000e+00
1.059504994800063393e+01,0.000000000000000000e+00
1.064504994800063287e+01,0.000000000000000000e+00
1.069504994800063358e+01,0.000000000000000000e+00
1.074504994800063429e+01,0.000000000000000000e+00
1.079504994800063322e+01,0.000000000000000000e+00
1.084504994800063393e+01,0.000000000000000000e+00
1.089504994800063287e+01,0.000000000000000000e+00
1.094504994800063358e+01,0.000000000000000000e+00
1.099504994800063429e+01,0.000000000000000000e+00
1.104504994800063322e+01,0.000000000000000000e+00
1.109504994800063393e+01,0.000000000000000000e+00
1.114504994800063287e+01,0.000000000000000000e+00
1.119504994800063358e+01,0.000000000000000000e+00
1.124504994800063429e+01,0.000000000000000000e+00
1.129504994800063322e+01,0.000000000000000000e+00
1.134504994800063393e+01,0.000000000000000000e+00
1.139504994800063287e+01,0.000000000000000000e+00
1.144504994800063358e+01,0.000000000000000000e+00
1.149504994800063429e+01,0.000000000000000000e+00
1.154504994800063322e+01,0.000000000000000000e+00
1.159504994800063393e+01,0.000000000000000000e+00
1.164504994800063287e+01,0.000000000000000000e+00
1.169504994800063358e+01,0.000000000000000000e+00
1.174504994800063429e+01,0.000000000000000000e+00
1.179504994800063322e+01,0.000000000000000000e+00
1.184504994800063393e+01,0.000000000000000000e+00
1.189504994800063287e+01,0.000000000000000000e+00
1.194504994800063358e+01,0.000000000000000000e+00
1.199504994800063429e+01,0.000000000000000000e+00
1.204504994800063322e+01,0.000000000000000000e+00
1.209504994800063393e+01,0.000000000000000000e+00
1.214504994800063287e+01,0.000000000000000000e+00
1.219504994800063358e+01,0.000000000000000000e+00
1.224504994800063429e+01,0.000000000000000000e+00
1.229504994800063322e+01,0.000000000000000000e+00
1.234504994800063393e+01,0.000000000000000000e+00
1.239504994800063287e+01,0.000000000000000000e+00
1.244504994800063358e+01,0.000000000000000000e+00
1.249504994800063429e+01,0.000000000000000000e+00
1.254504994800063322e+01,0.000000000000000000e+00
1.259504994800063393e+01,0.000000000000000000e+00
1.264504994800063287e+01,0.000000000000000000e+00
1.269504994800063358e+01,0.000000000000000000e+00
1.274504994800063429e+01,0.000000000000000000e+00
1.279504994800063322e+01,0.000000000000000000e+00
1.284504994800063393e+01,0.000000000000000000e+00
1.289504994800063287e+01,0.000000000000000000e+00
1.294504994800063358e+01,0.000000000000000000e+00
1.299504994800063429e+01,0.000000000000000000e+00
1.304504994800063322e+01,0.000000000000000000e+00
1.309504994800063393e+01,0.000000000000000000e+00
1.314504994800063287e+01,0.000000000000000000e+00
1.319504994800063358e+01,4.024144869215234843e-02
1.324504994800063429e+01,0.000000000000000000e+00
1.329504994800063322e+01,0.000000000000000000e+00
1.334504994800063393e+01,0.000000000000000000e+00
1.339504994800063287e+01,0.000000000000000000e+00
1.344504994800063358e+01,0.000000000000000000e+00
1.349504994800063429e+01,0.000000000000000000e+00
1.354504994800063322e+01,0.000000000000000000e+00
1.359504994800063393e+01,0.000000000000000000e+00
1.364504994800063287e+01,0.000000000000000000e+00
1.369504994800063358e+01,0.000000000000000000e+00
1.374504994800063429e+01,0.000000000000000000e+00
1.379504994800063322e+01,0.000000000000000000e+00
1.384504994800063393e+01,0.000000000000000000e+00
1.389504994800063287e+01,0.000000000000000000e+00
1.394504994800063358e+01,0.000000000000000000e+00
1.399504994800063429e+01,0.000000000000000000e+00
1.404504994800063322e+01,0.000000000000000000e+00
1.409504994800063393e+01,0.000000000000000000e+00
1.414504994800063287e+01,0.000000000000000000e+00
1.419504994800063358e+01,0.000000000000000000e+00
1.424504994800063429e+01,0.000000000000000000e+00
1.429504994800063322e+01,0.000000000000000000e+00
1.434504994800063393e+01,0.000000000000000000e+00
1.439504994800063287e+01,0.000000000000000000e+00
1.444504994800063358e+01,0.000000000000000000e+00
1.449504994800063429e+01,0.000000000000000000e+00
1.454504994800063322e+01,0.000000000000000000e+00
1.459504994800063393e+01,0.000000000000000000e+00
1.464504994800063287e+01,0.000000000000000000e+00
1.469504994800063358e+01,0.000000000000000000e+00
1.474504994800063429e+01,0.000000000000000000e+00
1.479504994800063322e+01,0.000000000000000000e+00
1.484504994800063393e+01,0.000000000000000000e+00
1.489504994800063287e+01,0.000000000000000000e+00
1.494504994800063358e+01,0.000000000000000000e+00
1.499504994800063429e+01,0.000000000000000000e+00
1.504504994800063322e+01,0.000000000000000000e+00
1.509504994800063393e+01,0.000000000000000000e+00
1.514504994800063287e+01,0.000000000000000000e+00
1.519504994800063358e+01,0.000000000000000000e+00
1.524504994800063429e+01,0.000000000000000000e+00
1.529504994800063322e+01,0.000000000000000000e+00
1.534504994800063393e+01,0.000000000000000000e+00
1.539504994800063287e+01,0.000000000000000000e+00
1.544504994800063358e+01,0.000000000000000000e+00
1.549504994800063429e+01,0.000000000000000000e+00
1.554504994800063322e+01,4.024144869215234843e-02
